0.712121212121212
0.5437710437710438
0.7255892255892257
0.67003367003367
0.7407407407407408
0.6228956228956228
0.6279461279461279
0.5572390572390572
0.6531986531986532
0.632996632996633
0.6616161616161617
0.6767676767676768
0.6565656565656566
0.6666666666666666
0.6531986531986532
0.7138047138047138
0.7727272727272726
0.6969696969696969
0.6363636363636364
0.7373737373737373
0.5555555555555555
0.632996632996633
0.6178451178451179
0.7373737373737373
0.691919191919192
0.627946127946128
0.6195286195286195
0.6632996632996632
0.6717171717171717
0.6666666666666666
0.622895622895623
0.7255892255892255
0.7239057239057239
0.681818181818182
0.6734006734006734
0.7255892255892255
0.686868686868687
0.7289562289562289
0.7643097643097643
0.6700336700336701
0.7255892255892257
0.712121212121212
0.6835016835016835
0.6245791245791246
0.5858585858585859
0.6632996632996633
0.6952861952861952
0.6363636363636364
0.6414141414141413
0.7777777777777777
0.6481481481481481
0.6666666666666666
0.6599326599326599
0.6464646464646465
0.7491582491582491
0.5892255892255892
0.6767676767676768
0.7104377104377105
0.6498316498316498
0.6683501683501684
0.6750841750841751
0.7356902356902357
0.7087542087542088
0.6632996632996632
0.7323232323232323
0.6447811447811448
0.6868686868686869
0.7037037037037037
0.6784511784511785
0.611111111111111
0.6430976430976431
0.6784511784511785
0.67003367003367
0.5370370370370371
0.6447811447811449
0.6447811447811448
0.6767676767676768
0.7508417508417509
0.7508417508417509
0.7205387205387206
0.7575757575757577
0.5841750841750842
0.6060606060606061
0.6851851851851851
0.6885521885521886
0.654882154882155
0.5976430976430976
0.6144781144781145
0.6447811447811448
0.5976430976430976
0.6986531986531986
0.6498316498316499
0.6936026936026937
0.6599326599326599
0.6986531986531986
0.6498316498316498
0.6346801346801346
0.6649831649831651
0.6161616161616162
0.6430976430976431
0.632996632996633
0.7087542087542088
0.6329966329966331
0.6346801346801347
0.601010101010101
0.6835016835016835
0.7255892255892257
0.7037037037037037
0.7138047138047138
0.6683501683501684
0.6397306397306397
0.5909090909090909
0.6801346801346803
0.6700336700336701
0.6902356902356903
0.6616161616161617
0.6868686868686869
0.6700336700336701
0.6717171717171717
0.6414141414141414
0.6481481481481481
0.5690235690235691
0.7239057239057239
0.6279461279461279
0.6666666666666666
0.622895622895623
0.6464646464646465
0.65993265993266
0.6868686868686869
0.6430976430976431
0.6952861952861952
0.6515151515151515
0.7003367003367003
0.6734006734006734
0.6784511784511783
0.5841750841750842
0.7508417508417509
0.6835016835016835
0.7390572390572391
0.6094276094276094
0.6548821548821548
0.6969696969696969
0.7643097643097643
0.601010101010101
0.654882154882155
0.6228956228956228
0.6885521885521886
0.6077441077441078
0.6515151515151515
0.702020202020202
0.6885521885521886
0.5976430976430976
0.7104377104377105
0.7053872053872055
0.5841750841750842
0.6986531986531986
0.6043771043771043
0.7154882154882155
0.6616161616161617
0.7188552188552189
0.632996632996633
0.7424242424242423
0.6548821548821548
0.5774410774410775
0.6750841750841751
0.6397306397306397
0.6329966329966331
0.6683501683501684
0.6245791245791246
0.7053872053872053
0.6262626262626263
0.5673400673400673
0.6245791245791246
0.6515151515151515
0.7070707070707071
0.7255892255892257
0.6666666666666666
0.5909090909090909
0.6851851851851851
0.6127946127946128
0.6683501683501684
0.6498316498316499
0.6936026936026937
0.6835016835016834
0.7070707070707071
0.6767676767676768
0.6313131313131314
0.5925925925925926
0.7222222222222222
0.6632996632996633
0.6498316498316499
0.7491582491582491
0.6565656565656566
0.6734006734006734
0.7609427609427609
0.6548821548821548
0.6245791245791246
0.6397306397306397
0.6026936026936026
0.7508417508417509
0.7037037037037037
0.6414141414141413
0.6262626262626263
0.7373737373737373
0.744107744107744
0.712121212121212
0.5959595959595959
0.5892255892255892
0.7154882154882155
0.6835016835016835
0.6919191919191919
0.638047138047138
0.7104377104377105
0.7154882154882155
0.6952861952861954
0.6801346801346803
0.6010101010101009
0.7255892255892255
0.7171717171717171
0.6936026936026937
0.6414141414141414
0.6010101010101011
0.67003367003367
0.5824915824915825
0.6548821548821548
0.6414141414141415
0.6936026936026934
0.7104377104377103
0.7154882154882154
0.6531986531986532
0.6329966329966329
0.617845117845118
0.6969696969696969
0.6565656565656566
0.7289562289562289
0.712121212121212
0.7845117845117845
0.6498316498316499
0.5892255892255892
0.6515151515151515
0.6851851851851851
0.7053872053872053
0.7306397306397306
0.6649831649831649
0.6144781144781145
0.6767676767676768
0.6481481481481481
0.6077441077441077
0.6582491582491582
0.6043771043771043
0.7323232323232323
0.6481481481481483
0.7845117845117845
0.6565656565656566
0.6010101010101011
0.7306397306397306
0.5757575757575758
0.67003367003367
0.712121212121212
0.7289562289562289
0.6430976430976431
0.5606060606060607
0.6616161616161617
0.7171717171717172
0.7171717171717171
0.6498316498316499
0.7323232323232324
0.6346801346801346
0.6313131313131314
0.7138047138047138
0.7037037037037037
0.6531986531986532
0.7575757575757577
0.6835016835016835
0.6481481481481481
0.5084175084175084
0.6767676767676768
0.6498316498316499
0.5976430976430976
0.6262626262626263
0.5757575757575758
0.664983164983165
0.5606060606060606
0.7037037037037037
0.5925925925925927
0.7457912457912458
0.6683501683501684
0.611111111111111
0.6683501683501684
0.6952861952861954
0.5808080808080808
0.6632996632996634
0.6296296296296297
0.5252525252525252
0.6481481481481483
0.6767676767676768
0.6616161616161617
0.6363636363636364
0.7053872053872055
0.654882154882155
0.7323232323232323
0.7239057239057239
0.6986531986531986
0.6717171717171717
0.5858585858585859
0.7222222222222222
0.5505050505050506
0.6582491582491583
0.7542087542087543
0.6060606060606062
0.6683501683501684
0.5656565656565656
0.622895622895623
0.6986531986531986
0.5909090909090909
0.765993265993266
0.6734006734006734
0.6363636363636364
0.6397306397306397
0.797979797979798
0.6599326599326599
0.7087542087542088
0.7424242424242425
0.6952861952861954
0.6902356902356903
0.6111111111111112
0.755892255892256
0.6346801346801347
0.6094276094276094
0.6043771043771043
0.6986531986531986
0.6363636363636364
0.6094276094276094
0.6986531986531986
0.6851851851851852
0.67003367003367
0.632996632996633
0.632996632996633
0.664983164983165
0.6734006734006734
0.7592592592592592
0.6868686868686869
0.7272727272727272
0.7188552188552189
0.6447811447811448
0.6464646464646465
0.7053872053872055
0.6683501683501684
0.7457912457912458
0.7053872053872053
0.6303030303030303
0.61010101010101
0.6141414141414142
0.7171717171717171
0.7373737373737373
0.6646464646464647
0.7232323232323232
0.7313131313131312
0.6868686868686869
0.6404040404040403
0.5919191919191918
0.593939393939394
0.6525252525252525
0.6202020202020202
0.7272727272727273
0.6787878787878789
0.6989898989898989
0.7151515151515152
0.5737373737373737
0.709090909090909
0.7050505050505051
0.6121212121212121
0.6747474747474748
0.6464646464646465
0.6848484848484848
0.711111111111111
0.6020202020202021
0.6686868686868687
0.6404040404040404
0.7252525252525253
0.6808080808080809
0.6606060606060606
0.6606060606060606
0.6323232323232324
0.6525252525252525
0.6404040404040404
0.6444444444444445
0.6585858585858586
0.6686868686868687
0.6808080808080808
0.7353535353535353
0.6808080808080808
0.6909090909090909
0.6141414141414142
0.6383838383838383
0.6666666666666667
0.6747474747474748
0.6424242424242423
0.7151515151515151
0.6606060606060606
0.7151515151515151
0.5575757575757575
0.7252525252525253
0.6141414141414142
0.5737373737373738
0.7030303030303031
0.604040404040404
0.7212121212121211
0.5555555555555556
0.6707070707070706
0.7535353535353535
0.6202020202020202
0.5898989898989899
0.5878787878787879
0.6767676767676767
0.6989898989898988
0.694949494949495
0.6666666666666666
0.6282828282828283
0.7090909090909092
0.795959595959596
0.7131313131313132
0.6585858585858586
0.7272727272727273
0.5898989898989899
0.6323232323232324
0.7010101010101011
0.7171717171717171
0.6787878787878787
0.6787878787878787
0.5838383838383839
0.6565656565656566
0.6666666666666666
0.6525252525252526
0.6525252525252525
0.6727272727272727
0.6505050505050505
0.6282828282828282
0.6383838383838384
0.6747474747474748
0.5575757575757576
0.6141414141414141
0.6747474747474748
0.694949494949495
0.6666666666666667
0.6444444444444445
0.6808080808080808
0.6282828282828283
0.7151515151515151
0.7797979797979798
0.6464646464646464
0.7393939393939395
0.6606060606060605
0.6363636363636365
0.6808080808080808
0.7616161616161616
0.7292929292929292
0.6808080808080808
0.5797979797979799
0.5717171717171717
0.6909090909090909
0.6585858585858585
0.7010101010101011
0.5616161616161616
0.6464646464646465
0.6585858585858586
0.7797979797979797
0.7393939393939395
0.6808080808080809
0.696969696969697
0.7191919191919192
0.6686868686868687
0.7151515151515151
0.608080808080808
0.6989898989898989
0.602020202020202
0.7191919191919192
0.6888888888888889
0.7131313131313131
0.6606060606060606
0.7252525252525253
0.6505050505050505
0.6484848484848486
0.6787878787878788
0.7333333333333334
0.5838383838383837
0.5919191919191918
0.6484848484848487
0.694949494949495
0.7131313131313132
0.5757575757575758
0.694949494949495
0.6444444444444445
0.7171717171717172
0.6181818181818182
0.6848484848484848
0.6161616161616161
0.6909090909090909
0.7232323232323232
0.6808080808080808
0.5737373737373737
0.6343434343434343
0.6868686868686869
0.7131313131313132
0.6141414141414141
0.6545454545454545
0.6888888888888889
0.6626262626262627
0.7191919191919192
0.705050505050505
0.6222222222222223
0.7414141414141413
0.6060606060606062
0.7232323232323232
0.6646464646464647
0.6484848484848486
0.6222222222222221
0.8282828282828284
0.602020202020202
0.7919191919191919
0.705050505050505
0.6383838383838383
0.6464646464646464
0.7272727272727273
0.6505050505050505
0.7353535353535354
0.7515151515151515
0.7878787878787878
0.6686868686868687
0.5535353535353535
0.6808080808080808
0.5898989898989899
0.7515151515151516
0.6545454545454545
0.7070707070707071
0.6505050505050505
0.7595959595959596
0.6909090909090909
0.6626262626262627
0.696969696969697
0.6646464646464646
0.7212121212121213
0.6626262626262627
0.6404040404040404
0.7010101010101011
0.6707070707070708
0.6404040404040403
0.6444444444444445
0.6888888888888889
0.6161616161616161
0.6989898989898989
0.7212121212121213
0.6888888888888889
0.6767676767676767
0.7434343434343434
0.6747474747474748
0.6888888888888889
0.7858585858585858
0.7191919191919192
0.6505050505050505
0.692929292929293
0.6888888888888889
0.7010101010101011
0.6848484848484849
0.6505050505050505
0.5494949494949495
0.7010101010101011
0.7272727272727273
0.6848484848484848
0.6484848484848486
0.5292929292929293
0.6606060606060606
0.6424242424242423
0.6525252525252524
0.5292929292929294
0.6747474747474749
0.6545454545454545
0.6444444444444444
0.593939393939394
0.6767676767676768
0.6646464646464646
0.6888888888888889
0.6606060606060605
0.6767676767676767
0.6707070707070708
0.6626262626262627
0.6686868686868687
0.6727272727272726
0.6646464646464646
0.7898989898989899
0.6686868686868687
0.6121212121212121
0.7434343434343434
0.6444444444444444
0.6141414141414141
0.6707070707070707
0.7212121212121213
0.7171717171717172
0.6202020202020202
0.61010101010101
0.692929292929293
0.6626262626262627
0.6727272727272727
0.6747474747474747
0.6525252525252525
0.6404040404040405
0.7777777777777778
0.7373737373737373
0.6484848484848486
0.6949494949494949
0.6404040404040405
0.6787878787878788
0.602020202020202
0.6484848484848486
0.6383838383838384
0.6262626262626263
0.5717171717171717
0.6383838383838384
0.7111111111111111
0.6343434343434343
0.7474747474747475
0.7414141414141414
0.711111111111111
0.7858585858585858
0.6181818181818183
0.7575757575757576
0.6686868686868687
0.5515151515151515
0.7171717171717171
0.6787878787878789
0.6646464646464646
0.5595959595959596
0.5292929292929294
0.6444444444444444
0.5555555555555556
0.5818181818181818
0.6848484848484848
0.7010101010101011
0.7414141414141414
0.6323232323232324
0.7313131313131314
0.7212121212121213
0.6343434343434343
0.6242424242424243
0.7030303030303031
0.6828282828282828
0.6626262626262627
0.7494949494949495
0.7595959595959596
0.5737373737373738
0.602020202020202
0.6848484848484848
0.7272727272727273
0.6141414141414141
0.6262626262626263
0.7292929292929293
0.5252525252525253
0.6888888888888889
0.6606060606060606
0.6787878787878787
0.6828282828282829
0.6727272727272727
0.7919191919191919
0.692929292929293
0.7494949494949494
0.6787878787878787
0.6707070707070707
0.7434343434343434
0.6626262626262627
0.501010101010101
0.5858585858585859
0.6848484848484848
0.6727272727272726
0.7292929292929293
0.6282828282828283
0.6282828282828283
0.7131313131313132
0.686868686868687
0.6323232323232324
0.7232323232323232
0.6747474747474748
0.6828282828282828
0.6181818181818182
0.6121212121212121
0.7030303030303031
0.6
0.7191919191919192
0.692929292929293
0.5171717171717172
0.7333333333333334
0.7070707070707071
0.7919191919191919
0.6707070707070707
0.6747474747474748
0.6727272727272728
0.6282828282828283
0.5696969696969697
0.5555555555555556
0.6181818181818182
0.6868686868686869
0.6303030303030303
0.6525252525252525
0.7212121212121213
0.6505050505050505
0.6525252525252526
0.6565656565656565
0.593939393939394
0.6666666666666667
0.6989898989898988
0.6303030303030304
0.692929292929293
0.5919191919191918
0.7494949494949494
0.6666666666666666
0.7232323232323232
0.6020202020202021
0.6787878787878788
0.6747474747474749
0.6222222222222221
0.6444444444444444
0.6707070707070707
0.6848484848484848
0.5797979797979798
0.6989898989898989
0.6141414141414142
0.7010101010101011
0.6606060606060606
0.6686868686868687
0.696969696969697
0.7333333333333333
0.604040404040404
0.6424242424242423
0.6363636363636364
0.6545454545454545
0.6808080808080808
0.6828282828282829
0.6262626262626263
0.6707070707070707
0.7313131313131314
0.6848484848484848
0.703030303030303
0.6585858585858586
0.7030303030303031
0.6767676767676768
0.602020202020202
0.6363636363636364
0.6585858585858586
0.7555555555555555
0.6888888888888889
0.7373737373737373
NaN
NaN
NaN
NaN
NaN
NaN
NaN
NaN
NaN
NaN
NaN
NaN
NaN
NaN
NaN
NaN
NaN
NaN
NaN
NaN
NaN
NaN
NaN
NaN
NaN
NaN
NaN
NaN
NaN
NaN
NaN
NaN
NaN
NaN
NaN
NaN
NaN
NaN
NaN
NaN
NaN
NaN
NaN
NaN
NaN
NaN
NaN
NaN
NaN
NaN
NaN
NaN
NaN
NaN
NaN
NaN
NaN
NaN
NaN
NaN
NaN
NaN
NaN
NaN
NaN
NaN
NaN
NaN
NaN
NaN
NaN
NaN
NaN
NaN
NaN
NaN
NaN
NaN
NaN
NaN
NaN
NaN
NaN
NaN
NaN
NaN
NaN
NaN
NaN
NaN
NaN
NaN
NaN
NaN
NaN
NaN
NaN
NaN
NaN
NaN
NaN
NaN
NaN
NaN
NaN
NaN
NaN
NaN
NaN
NaN
NaN
NaN
NaN
NaN
NaN
NaN
NaN
NaN
NaN
NaN
NaN
NaN
NaN
NaN
NaN
NaN
NaN
NaN
NaN
NaN
NaN
NaN
NaN
NaN
NaN
NaN
NaN
NaN
NaN
NaN
NaN
NaN
NaN
NaN
NaN
NaN
NaN
NaN
NaN
NaN
NaN
NaN
NaN
NaN
NaN
NaN
NaN
NaN
NaN
NaN
NaN
NaN
NaN
NaN
NaN
NaN
NaN
NaN
NaN
NaN
NaN
NaN
NaN
NaN
NaN
NaN
NaN
NaN
NaN
NaN
NaN
NaN
NaN
NaN
NaN
NaN
NaN
NaN
NaN
NaN
NaN
NaN
NaN
NaN
NaN
NaN
NaN
NaN
NaN
NaN
NaN
NaN
NaN
NaN
NaN
NaN
NaN
NaN
NaN
NaN
NaN
NaN
NaN
NaN
NaN
NaN
NaN
NaN
NaN
NaN
NaN
NaN
NaN
NaN
NaN
NaN
NaN
NaN
NaN
NaN
NaN
NaN
NaN
NaN
NaN
NaN
NaN
NaN
NaN
NaN
NaN
NaN
NaN
NaN
NaN
NaN
NaN
NaN
NaN
NaN
NaN
NaN
NaN
NaN
NaN
NaN
NaN
NaN
NaN
NaN
NaN
NaN
NaN
NaN
NaN
NaN
NaN
NaN
NaN
NaN
NaN
NaN
NaN
NaN
NaN
NaN
NaN
NaN
NaN
NaN
NaN
NaN
NaN
NaN
NaN
NaN
NaN
NaN
NaN
NaN
NaN
NaN
NaN
NaN
NaN
NaN
NaN
NaN
NaN
NaN
NaN
NaN
NaN
NaN
NaN
NaN
NaN
NaN
NaN
NaN
NaN
NaN
NaN
NaN
NaN
NaN
NaN
NaN
NaN
NaN
NaN
NaN
NaN
NaN
NaN
NaN
NaN
NaN
NaN
NaN
NaN
NaN
NaN
NaN
NaN
NaN
NaN
NaN
NaN
NaN
NaN
NaN
NaN
NaN
NaN
NaN
NaN
NaN
NaN
NaN
NaN
NaN
NaN
NaN
NaN
NaN
NaN
NaN
NaN
NaN
NaN
NaN
NaN
NaN
NaN
NaN
NaN
NaN
NaN
NaN
NaN
NaN
NaN
NaN
NaN
NaN
NaN
NaN
NaN
NaN
NaN
NaN
NaN
NaN
NaN
NaN
NaN
NaN
NaN
NaN
NaN
NaN
NaN
NaN
NaN
NaN
NaN
NaN
NaN
NaN
NaN
NaN
NaN
NaN
NaN
NaN
NaN
NaN
NaN
NaN
NaN
NaN
NaN
NaN
NaN
NaN
NaN
NaN
NaN
NaN
NaN
NaN
NaN
NaN
NaN
NaN
NaN
NaN
NaN
NaN
NaN
NaN
NaN
NaN
NaN
NaN
NaN
NaN
NaN
NaN
NaN
NaN
NaN
NaN
NaN
NaN
NaN
NaN
NaN
NaN
NaN
NaN
NaN
NaN
NaN
NaN
NaN
NaN
NaN
NaN
NaN
NaN
NaN
NaN
NaN
NaN
NaN
NaN
NaN
NaN
NaN
NaN
NaN
NaN
NaN
NaN
NaN
NaN
NaN
NaN
NaN
NaN
NaN
NaN
NaN
NaN
NaN
NaN
NaN
NaN
NaN
NaN
NaN
NaN
NaN
NaN
NaN
NaN
NaN
NaN
NaN
NaN
NaN
NaN
NaN
NaN
NaN
NaN
NaN
NaN
NaN
NaN
NaN
NaN
NaN
NaN
NaN
NaN
NaN
NaN
NaN
NaN
NaN
NaN
NaN
NaN
NaN
NaN
NaN
NaN
NaN
NaN
NaN
NaN
NaN
NaN
NaN
NaN
NaN
NaN
NaN
NaN
NaN
NaN
NaN
NaN
NaN
NaN
NaN
NaN
NaN
NaN
NaN
NaN
NaN
NaN
NaN
NaN
NaN
NaN
NaN
NaN
NaN
NaN
NaN
NaN
NaN
NaN
NaN
NaN
NaN
NaN
NaN
NaN
NaN
NaN
NaN
NaN
NaN
NaN
NaN
NaN
NaN
NaN
NaN
NaN
NaN
NaN
NaN
NaN
NaN
NaN
NaN
NaN
NaN
NaN
NaN
NaN
NaN
NaN
NaN
NaN
NaN
NaN
NaN
NaN
NaN
NaN
NaN
NaN
NaN
NaN
NaN
NaN
NaN
NaN
NaN
NaN
NaN
NaN
NaN
NaN
NaN
NaN
NaN
NaN
NaN
NaN
NaN
NaN
NaN
NaN
NaN
NaN
NaN
NaN
NaN
NaN
NaN
NaN
NaN
NaN
NaN
NaN
NaN
NaN
NaN
NaN
NaN
NaN
NaN
NaN
NaN
NaN
NaN
NaN
NaN
NaN
NaN
NaN
NaN
NaN
NaN
NaN
NaN
NaN
NaN
NaN
NaN
NaN
NaN
NaN
NaN
NaN
NaN
NaN
NaN
NaN
NaN
NaN
NaN
NaN
NaN
NaN
NaN
NaN
NaN
NaN
NaN
NaN
NaN
NaN
NaN
NaN
NaN
NaN
NaN
NaN
NaN
NaN
NaN
NaN
NaN
NaN
NaN
NaN
NaN
NaN
NaN
NaN
NaN
NaN
NaN
NaN
NaN
NaN
NaN
NaN
NaN
NaN
NaN
NaN
NaN
NaN
NaN
NaN
NaN
NaN
NaN
NaN
NaN
NaN
NaN
NaN
NaN
NaN
NaN
NaN
NaN
NaN
NaN
NaN
NaN
NaN
NaN
NaN
NaN
NaN
NaN
NaN
NaN
NaN
NaN
NaN
NaN
NaN
NaN
NaN
NaN
NaN
NaN
NaN
NaN
NaN
NaN
NaN
NaN
NaN
NaN
NaN
NaN
NaN
NaN
NaN
NaN
NaN
NaN
NaN
NaN
NaN
NaN
NaN
NaN
NaN
NaN
NaN
NaN
NaN
NaN
NaN
NaN
NaN
NaN
NaN
NaN
NaN
NaN
NaN
NaN
NaN
NaN
NaN
NaN
NaN
NaN
NaN
NaN
NaN
NaN
NaN
NaN
NaN
NaN
NaN
NaN
NaN
NaN
NaN
NaN
NaN
NaN
NaN
NaN
NaN
NaN
NaN
NaN
NaN
NaN
NaN
NaN
NaN
NaN
NaN
NaN
NaN
NaN
NaN
NaN
NaN
NaN
NaN
NaN
NaN
NaN
NaN
NaN
NaN
NaN
NaN
NaN
NaN
NaN
NaN
NaN
NaN
NaN
NaN
NaN
NaN
NaN
NaN
NaN
NaN
NaN
NaN
NaN
NaN
NaN
NaN
NaN
NaN
NaN
NaN
NaN
NaN
NaN
NaN
NaN
NaN
NaN
NaN
NaN
NaN
NaN
NaN
NaN
NaN
NaN
NaN
NaN
NaN
NaN
NaN
NaN
NaN
NaN
NaN
NaN
NaN
NaN
NaN
NaN
NaN
NaN
NaN
NaN
NaN
NaN
NaN
NaN
NaN
NaN
NaN
NaN
NaN
NaN
NaN
NaN
NaN
NaN
NaN
NaN
NaN
NaN
NaN
NaN
NaN
NaN
NaN
NaN
NaN
NaN
NaN
NaN
NaN
NaN
NaN
NaN
NaN
NaN
NaN
NaN
NaN
NaN
NaN
NaN
NaN
NaN
NaN
NaN
NaN
NaN
NaN
NaN
NaN
NaN
NaN
NaN
NaN
NaN
NaN
NaN
NaN
NaN
NaN
NaN
NaN
NaN
NaN
NaN
NaN
NaN
NaN
NaN
NaN
NaN
NaN
NaN
NaN
NaN
NaN
NaN
NaN
NaN
NaN
NaN
NaN
NaN
NaN
NaN
NaN
NaN
NaN
NaN
NaN
NaN
NaN
NaN
NaN
NaN
NaN
NaN
NaN
NaN
NaN
NaN
NaN
NaN
NaN
NaN
NaN
NaN
NaN
NaN
NaN
NaN
NaN
NaN
NaN
NaN
NaN
NaN
NaN
NaN
NaN
NaN
NaN
NaN
NaN
NaN
NaN
NaN
NaN
NaN
NaN
NaN
NaN
NaN
NaN
NaN
NaN
NaN
NaN
NaN
NaN
NaN
NaN
NaN
NaN
NaN
NaN
NaN
NaN
NaN
NaN
NaN
NaN
NaN
NaN
NaN
NaN
NaN
NaN
NaN
NaN
NaN
NaN
NaN
NaN
NaN
NaN
NaN
NaN
NaN
NaN
NaN
NaN
NaN
NaN
NaN
NaN
NaN
NaN
NaN
NaN
NaN
NaN
NaN
NaN
NaN
NaN
NaN
NaN
NaN
NaN
NaN
NaN
NaN
NaN
NaN
NaN
NaN
NaN
NaN
NaN
NaN
NaN
NaN
NaN
NaN
NaN
NaN
NaN
NaN
NaN
NaN
NaN
NaN
NaN
NaN
NaN
NaN
NaN
NaN
NaN
NaN
NaN
NaN
NaN
NaN
NaN
NaN
NaN
NaN
NaN
NaN
NaN
NaN
NaN
NaN
NaN
NaN
NaN
NaN
NaN
NaN
NaN
NaN
NaN
NaN
NaN
NaN
NaN
NaN
NaN
NaN
NaN
NaN
NaN
NaN
NaN
NaN
NaN
NaN
NaN
NaN
NaN
NaN
NaN
NaN
NaN
NaN
NaN
NaN
NaN
NaN
NaN
NaN
NaN
NaN
NaN
NaN
NaN
NaN
NaN
NaN
NaN
NaN
NaN
NaN
NaN
NaN
NaN
NaN
NaN
NaN
NaN
NaN
NaN
NaN
NaN
NaN
NaN
NaN
NaN
NaN
NaN
NaN
NaN
NaN
NaN
NaN
NaN
NaN
NaN
NaN
NaN
NaN
NaN
NaN
NaN
NaN
NaN
NaN
NaN
NaN
NaN
NaN
NaN
NaN
NaN
NaN
NaN
NaN
NaN
NaN
NaN
NaN
NaN
NaN
NaN
NaN
NaN
NaN
NaN
NaN
NaN
NaN
NaN
NaN
NaN
NaN
NaN
NaN
NaN
NaN
NaN
NaN
NaN
NaN
NaN
NaN
NaN
NaN
NaN
NaN
NaN
NaN
NaN
NaN
NaN
NaN
NaN
NaN
NaN
NaN
NaN
NaN
NaN
NaN
NaN
NaN
NaN
NaN
NaN
NaN
NaN
NaN
NaN
NaN
NaN
NaN
NaN
NaN
NaN
NaN
NaN
NaN
NaN
NaN
NaN
NaN
NaN
NaN
NaN
NaN
NaN
NaN
NaN
NaN
NaN
NaN
NaN
NaN
NaN
NaN
NaN
NaN
NaN
NaN
NaN
NaN
NaN
NaN
NaN
NaN
NaN
NaN
NaN
NaN
NaN
NaN
NaN
NaN
NaN
NaN
NaN
NaN
NaN
NaN
NaN
NaN
NaN
NaN
NaN
NaN
NaN
NaN
NaN
NaN
NaN
NaN
NaN
NaN
NaN
NaN
NaN
NaN
NaN
NaN
NaN
NaN
NaN
NaN
NaN
NaN
NaN
NaN
NaN
NaN
NaN
NaN
NaN
NaN
NaN
NaN
NaN
NaN
NaN
NaN
NaN
NaN
NaN
NaN
NaN
NaN
NaN
NaN
NaN
NaN
NaN
NaN
NaN
NaN
NaN
NaN
NaN
NaN
NaN
NaN
NaN
NaN
NaN
NaN
NaN
NaN
NaN
NaN
NaN
NaN
NaN
NaN
NaN
NaN
NaN
NaN
NaN
NaN
NaN
NaN
NaN
NaN
NaN
NaN
NaN
NaN
NaN
NaN
NaN
NaN
NaN
NaN
NaN
NaN
NaN
NaN
NaN
NaN
NaN
NaN
NaN
NaN
NaN
NaN
NaN
NaN
NaN
NaN
NaN
NaN
NaN
NaN
NaN
NaN
NaN
NaN
NaN
NaN
NaN
NaN
NaN
NaN
NaN
NaN
NaN
NaN
NaN
NaN
NaN
NaN
NaN
NaN
NaN
NaN
NaN
NaN
NaN
NaN
NaN
NaN
NaN
NaN
NaN
NaN
NaN
NaN
NaN
NaN
NaN
NaN
NaN
NaN
NaN
NaN
NaN
NaN
NaN
NaN
NaN
NaN
NaN
NaN
NaN
NaN
NaN
NaN
NaN
NaN
NaN
NaN
NaN
NaN
NaN
NaN
NaN
NaN
NaN
NaN
NaN
NaN
NaN
NaN
NaN
NaN
NaN
NaN
NaN
NaN
NaN
NaN
NaN
NaN
NaN
NaN
NaN
NaN
NaN
NaN
NaN
NaN
NaN
NaN
NaN
NaN
NaN
NaN
NaN
NaN
NaN
NaN
NaN
NaN
NaN
NaN
NaN
NaN
NaN
NaN
NaN
NaN
NaN
NaN
NaN
NaN
NaN
NaN
NaN
NaN
NaN
NaN
NaN
NaN
NaN
NaN
NaN
NaN
NaN
NaN
NaN
NaN
NaN
NaN
NaN
NaN
NaN
NaN
NaN
NaN
NaN
NaN
NaN
NaN
NaN
NaN
NaN
NaN
NaN
NaN
NaN
NaN
NaN
NaN
NaN
NaN
NaN
NaN
NaN
NaN
NaN
NaN
NaN
NaN
NaN
NaN
NaN
NaN
NaN
NaN
NaN
NaN
NaN
NaN
NaN
NaN
NaN
NaN
NaN
NaN
NaN
NaN
NaN
NaN
NaN
NaN
NaN
NaN
NaN
NaN
NaN
NaN
NaN
NaN
NaN
NaN
NaN
NaN
NaN
NaN
NaN
NaN
NaN
NaN
NaN
NaN
NaN
NaN
NaN
NaN
NaN
NaN
NaN
NaN
NaN
NaN
NaN
NaN
NaN
NaN
NaN
NaN
NaN
NaN
NaN
NaN
NaN
NaN
NaN
NaN
NaN
NaN
NaN
NaN
NaN
NaN
NaN
NaN
NaN
NaN
NaN
NaN
NaN
NaN
NaN
NaN
NaN
NaN
NaN
NaN
NaN
NaN
NaN
NaN
NaN
NaN
NaN
NaN
NaN
NaN
NaN
NaN
NaN
NaN
NaN
NaN
NaN
NaN
NaN
NaN
NaN
NaN
NaN
NaN
NaN
NaN
NaN
NaN
NaN
NaN
NaN
NaN
NaN
NaN
NaN
NaN
NaN
NaN
NaN
NaN
NaN
NaN
NaN
NaN
NaN
NaN
NaN
NaN
NaN
NaN
NaN
