0.6036363636363636
0.6122727272727272
0.6872727272727274
0.6895454545454546
0.5863636363636364
0.6
0.5440909090909091
0.629090909090909
0.6272727272727272
0.6250000000000001
0.6568181818181819
0.685
0.6259090909090909
0.5713636363636364
0.6613636363636365
0.6381818181818182
0.5272727272727273
0.695
0.6822727272727274
0.5754545454545453
0.6227272727272729
0.6281818181818183
0.6631818181818182
0.6054545454545454
0.57
0.6240909090909091
0.6604545454545454
0.6554545454545454
0.6077272727272728
0.6013636363636362
0.5722727272727273
0.605909090909091
0.5963636363636364
0.6486363636363637
0.7145454545454545
0.6272727272727273
0.6113636363636363
0.6322727272727272
0.5809090909090909
0.6240909090909091
0.5636363636363637
0.6040909090909092
0.6909090909090909
0.5872727272727274
0.6045454545454545
0.6336363636363637
0.5840909090909091
0.635
0.6086363636363636
0.6381818181818182
0.6509090909090909
0.63
0.59
0.7400000000000001
0.6072727272727273
0.6413636363636365
0.6286363636363638
0.5881818181818181
0.6063636363636363
0.6140909090909091
0.6618181818181819
0.6536363636363636
0.6563636363636364
0.6045454545454544
0.6222727272727272
0.6845454545454546
0.6477272727272727
0.6795454545454546
0.6381818181818181
0.6427272727272727
0.6331818181818182
0.6590909090909091
0.6045454545454544
0.5572727272727273
0.6490909090909092
0.6740909090909091
0.6254545454545455
0.6681818181818181
0.6286363636363638
0.6713636363636364
0.645
0.6599999999999999
0.5990909090909091
0.6395454545454545
0.6159090909090907
0.655
0.5672727272727273
0.58
0.7100000000000001
0.536818181818182
0.6213636363636363
0.6349999999999999
0.5768181818181818
0.7036363636363636
0.6499999999999999
0.619090909090909
0.6222727272727273
0.6736363636363636
0.610909090909091
0.5636363636363636
0.5363636363636363
0.635909090909091
0.734090909090909
0.6127272727272726
0.6545454545454544
0.6140909090909091
0.6581818181818182
0.6909090909090909
0.6131818181818182
0.6113636363636363
0.6581818181818182
0.6127272727272728
0.625
0.6654545454545453
0.6154545454545454
0.665909090909091
0.5959090909090908
0.5927272727272727
0.6140909090909091
0.5954545454545453
0.5568181818181818
0.6531818181818182
0.604090909090909
0.6109090909090908
0.6354545454545454
0.6327272727272727
0.6118181818181818
0.63
0.6245454545454546
0.6377272727272726
0.6131818181818182
0.5986363636363637
0.6213636363636362
0.6695454545454546
0.6068181818181819
0.6122727272727272
0.5945454545454546
0.6831818181818181
0.6045454545454546
0.6636363636363636
0.5745454545454546
0.71
0.6627272727272728
0.5863636363636363
0.6349999999999999
0.66
0.5636363636363636
0.6377272727272728
0.6595454545454545
0.5109090909090909
0.6740909090909091
0.661818181818182
0.639090909090909
0.53
0.6122727272727273
0.6722727272727272
0.5704545454545454
0.62
0.5963636363636364
0.6718181818181818
0.6595454545454547
0.7118181818181818
0.6581818181818183
0.6254545454545455
0.6336363636363637
0.588181818181818
0.6259090909090909
0.59
0.6736363636363637
0.6127272727272728
0.6427272727272727
0.5804545454545454
0.6254545454545455
0.6036363636363636
0.6704545454545454
0.6590909090909093
0.6763636363636364
0.6704545454545454
0.6622727272727273
0.630909090909091
0.5686363636363636
0.6345454545454546
0.6286363636363635
0.6295454545454545
0.6195454545454546
0.6177272727272727
0.6395454545454545
0.6018181818181818
0.5636363636363636
0.6513636363636365
0.6859090909090909
0.5781818181818182
0.674090909090909
0.5599999999999998
0.6563636363636364
0.6186363636363637
0.5836363636363636
0.6400000000000001
0.6313636363636363
0.6259090909090909
0.6575
0.548
0.603
0.6529999999999999
0.651
0.68
0.5714999999999999
0.5965
0.6385
0.6199999999999999
0.6335000000000001
0.6325000000000001
0.6369999999999999
0.6784999999999999
0.6279999999999999
0.6204999999999999
0.691
0.7835000000000001
0.6375
0.5565
0.6505000000000001
0.518
0.64
0.7169999999999999
0.5814999999999999
0.7250000000000002
0.633
0.6045
0.587
0.7040000000000001
0.6759999999999999
0.6729999999999999
0.673
0.6325000000000001
0.6455
0.6395
0.6825000000000001
0.6609999999999999
0.6519999999999999
0.6025
0.6945
0.738
0.5925
0.6050000000000001
0.6260000000000001
0.6025
0.71
0.5715
0.6505
0.601
0.6799999999999999
0.6194999999999999
0.611
0.607
0.646
0.652
0.6569999999999999
0.6155
0.636
0.6815
0.7104999999999999
0.6705
0.5690000000000001
0.7385
0.6000000000000001
0.568
0.6054999999999999
0.617
0.6569999999999998
0.6534999999999999
0.6709999999999999
0.5955
0.6165
0.663
0.6709999999999999
0.4734999999999999
0.6275
0.6445000000000001
0.6275000000000001
0.6000000000000001
0.6675000000000001
0.525
0.6895
0.6465000000000001
0.645
0.5545
0.554
0.612
0.6010000000000001
0.634
0.6315000000000001
0.587
0.627
0.6385000000000001
0.6185
0.607
0.6025
0.6050000000000001
0.6775
0.607
0.6205
0.5455
0.5950000000000001
0.6575000000000001
0.6345
0.652
0.633
0.6935
0.5805
0.669
0.5885
0.5675
0.6605000000000001
0.6210000000000001
0.6139999999999999
0.6250000000000001
0.587
0.6735
0.5780000000000001
0.5894999999999999
0.6005
0.6970000000000001
0.631
0.6120000000000001
0.6689999999999999
0.6285000000000001
0.5845
0.571
0.636
0.6145
0.6275000000000001
0.5945
0.6085
0.663
0.6605
0.629
0.629
0.6114999999999999
0.6435000000000001
0.6694999999999999
0.5675000000000001
0.6285000000000001
0.6584999999999999
0.6525000000000001
0.6319999999999999
0.7030000000000001
0.6700000000000002
0.562
0.6385
0.6144999999999998
0.678
0.537
0.6635000000000001
0.5424999999999999
0.5349999999999999
0.6525000000000001
0.6405000000000001
0.6305
0.639
0.7180000000000001
0.6255000000000001
0.6359999999999999
0.687
0.6845000000000001
0.6455
0.7234999999999999
0.6900000000000001
0.6665000000000001
0.6265
0.6395000000000001
0.6559999999999999
0.6890000000000001
0.627
0.5750000000000001
0.6199999999999999
0.6010000000000001
0.6925000000000001
0.6140000000000001
0.581
0.6295
0.607
0.67
0.645
0.6375
0.62
0.6234999999999999
0.675
0.6380000000000001
0.6195
0.5845
0.6665000000000001
0.6335000000000001
0.5844999999999999
0.638
0.6049999999999999
0.5765
0.7074999999999999
0.6575
0.6655
0.6199999999999999
0.6039999999999999
0.6275
0.6975
0.6995
0.5584999999999999
0.6305
0.6365
0.5625
0.609
0.593
0.6295
0.6595000000000001
0.704
0.6785
0.5944999999999999
0.5785
0.672
0.6275000000000001
0.5505000000000001
0.572
0.6475000000000001
0.5834999999999999
0.627
0.6190000000000001
0.6085
0.6429999999999999
0.5715000000000001
0.7209999999999999
0.6285000000000001
0.5725
0.596
0.6885
0.7585
0.6715
0.6070000000000001
0.66
0.6245
0.64
0.647
0.5625
0.6435000000000001
0.6345000000000001
0.6275000000000001
0.5965
0.642
0.675
0.6460000000000001
0.6859999999999999
0.607
0.6855
0.576
0.5515
0.6409999999999999
0.6034999999999999
0.6305
0.6460000000000001
0.6285000000000001
0.584
0.6569999999999998
0.6415
0.595
0.6769999999999999
0.5815
0.6090000000000001
0.6839999999999999
0.6234999999999999
0.5860000000000001
0.678
0.687
0.618
0.5734999999999999
0.637
0.6209999999999999
0.6460000000000001
0.5875
0.708
0.7144999999999999
0.641
0.5994999999999999
0.6165
0.6495000000000001
0.6649999999999999
0.6995000000000001
0.5935
0.5775
0.583
0.618
0.6224999999999999
0.626
0.642
0.5904999999999999
0.6575
0.6345
0.654
0.743
0.6975
0.5549999999999999
0.632
0.5165
0.5885
0.64
0.653
0.5435000000000001
0.615
0.6475000000000001
0.626
0.5235
0.6075
0.6075
0.6769999999999999
0.6244999999999999
0.5820000000000001
0.595
0.583
0.625
0.669
0.6415000000000001
0.5775
0.668
0.603
0.6014999999999999
0.6945000000000001
0.599
0.6485000000000001
0.6380000000000001
0.667
0.626
0.6665000000000001
0.6755
0.62
0.6725000000000001
0.6419999999999999
0.5365
0.5584999999999999
0.5595000000000001
0.6505
0.6224999999999999
0.6950000000000001
0.6884999999999999
0.6224999999999999
0.6415
0.6010000000000001
0.6130000000000001
0.6039999999999999
0.517
0.585
0.691
0.6255
0.64
0.5775
0.675
0.5785
0.602
0.6045
0.6775
0.5984999999999999
0.656
0.575
0.6615
0.6960000000000001
0.6515
0.5905
0.5650000000000001
0.587
0.6769999999999999
0.6635
0.689
0.6479999999999999
0.602
0.6020000000000001
0.655
0.6255000000000001
0.6400000000000001
0.6575
0.6665000000000001
0.643
0.5850000000000001
0.67
0.5465
0.6174999999999999
0.649
0.6625000000000001
0.589
0.7384999999999999
0.6595000000000001
0.6705
0.6094999999999999
0.6144999999999999
0.6085
0.6584999999999999
0.6210000000000001
0.6429999999999999
0.6014999999999999
0.6344999999999998
0.6635
0.7015
0.6615
0.5519999999999999
0.702
0.6085
0.68
0.6595
0.5605
0.6505
0.6105
0.574
0.5359999999999999
0.5935
0.582
0.5509999999999999
0.644
0.6734999999999999
0.696
0.6475
0.6285000000000001
0.6009999999999999
0.611
0.637
0.693
0.6555000000000001
0.619
0.6744999999999999
0.6255000000000001
0.6009999999999999
0.6074999999999999
0.5770000000000001
0.628
0.619
0.5965
0.652
0.6635
0.641
0.6355
0.669
0.5964999999999999
0.5885
0.6955
0.6785
0.556
0.606
0.707
0.6315
0.6635
0.7084999999999999
0.6
0.5335
0.6300000000000001
0.65
0.5850000000000001
0.607
0.5914999999999999
0.6625
0.601
0.619
0.6900000000000001
0.595
0.608
0.633
0.5205
0.6280000000000001
0.5735
0.6335
0.6674999999999999
0.625
0.6505
0.6290000000000001
0.607
0.7015
0.626
0.596
0.656
0.6805
0.5704999999999999
0.6399999999999999
0.603
0.6045
0.6025
0.6475
0.613
0.689
0.651
0.571
0.6910000000000001
0.625
0.5575
0.66
0.5765
0.6794999999999999
0.619
0.628
0.6910000000000001
0.649
0.4955
0.558
0.65
0.6315000000000001
0.6535
0.623
0.641
0.5965
0.6365
0.62
0.641
0.616
0.6504999999999999
0.6014999999999999
0.576
0.6754999999999999
0.69
0.6715
0.6745
0.661
0.6869999999999999
0.6725
0.6660000000000001
0.6540000000000001
0.5149999999999999
0.6660000000000001
0.643
0.638
0.6234999999999999
0.6275000000000002
0.594
0.6335
0.6649999999999998
0.5315000000000001
0.659
0.6605000000000001
0.6279999999999999
0.658
0.7064999999999999
0.6565000000000001
0.617
0.687
0.6289999999999998
0.5555
0.571
0.6530000000000001
0.6599999999999999
0.601
0.6709999999999999
0.6529999999999999
0.6385
0.6369999999999999
0.6245
0.662
0.6719999999999999
0.639
0.6405000000000001
0.6525000000000001
NaN
NaN
NaN
NaN
NaN
NaN
NaN
NaN
NaN
NaN
NaN
NaN
NaN
NaN
NaN
NaN
NaN
NaN
NaN
NaN
NaN
NaN
NaN
NaN
NaN
NaN
NaN
NaN
NaN
NaN
NaN
NaN
NaN
NaN
NaN
NaN
NaN
NaN
NaN
NaN
NaN
NaN
NaN
NaN
NaN
NaN
NaN
NaN
NaN
NaN
NaN
NaN
NaN
NaN
NaN
NaN
NaN
NaN
NaN
NaN
NaN
NaN
NaN
NaN
NaN
NaN
NaN
NaN
NaN
NaN
NaN
NaN
NaN
NaN
NaN
NaN
NaN
NaN
NaN
NaN
NaN
NaN
NaN
NaN
NaN
NaN
NaN
NaN
NaN
NaN
NaN
NaN
NaN
NaN
NaN
NaN
NaN
NaN
NaN
NaN
NaN
NaN
NaN
NaN
NaN
NaN
NaN
NaN
NaN
NaN
NaN
NaN
NaN
NaN
NaN
NaN
NaN
NaN
NaN
NaN
NaN
NaN
NaN
NaN
NaN
NaN
NaN
NaN
NaN
NaN
NaN
NaN
NaN
NaN
NaN
NaN
NaN
NaN
NaN
NaN
NaN
NaN
NaN
NaN
NaN
NaN
NaN
NaN
NaN
NaN
NaN
NaN
NaN
NaN
NaN
NaN
NaN
NaN
NaN
NaN
NaN
NaN
NaN
NaN
NaN
NaN
NaN
NaN
NaN
NaN
NaN
NaN
NaN
NaN
NaN
NaN
NaN
NaN
NaN
NaN
NaN
NaN
NaN
NaN
NaN
NaN
NaN
NaN
NaN
NaN
NaN
NaN
NaN
NaN
NaN
NaN
NaN
NaN
NaN
NaN
NaN
NaN
NaN
NaN
NaN
NaN
NaN
NaN
NaN
NaN
NaN
NaN
NaN
NaN
NaN
NaN
NaN
NaN
NaN
NaN
NaN
NaN
NaN
NaN
NaN
NaN
NaN
NaN
NaN
NaN
NaN
NaN
NaN
NaN
NaN
NaN
NaN
NaN
NaN
NaN
NaN
NaN
NaN
NaN
NaN
NaN
NaN
NaN
NaN
NaN
NaN
NaN
NaN
NaN
NaN
NaN
NaN
NaN
NaN
NaN
NaN
NaN
NaN
NaN
NaN
NaN
NaN
NaN
NaN
NaN
NaN
NaN
NaN
NaN
NaN
NaN
NaN
NaN
NaN
NaN
NaN
NaN
NaN
NaN
NaN
NaN
NaN
NaN
NaN
NaN
NaN
NaN
NaN
NaN
NaN
NaN
NaN
NaN
NaN
NaN
NaN
NaN
NaN
NaN
NaN
NaN
NaN
NaN
NaN
NaN
NaN
NaN
NaN
NaN
NaN
NaN
NaN
NaN
NaN
NaN
NaN
NaN
NaN
NaN
NaN
NaN
NaN
NaN
NaN
NaN
NaN
NaN
NaN
NaN
NaN
NaN
NaN
NaN
NaN
NaN
NaN
NaN
NaN
NaN
NaN
NaN
NaN
NaN
NaN
NaN
NaN
NaN
NaN
NaN
NaN
NaN
NaN
NaN
NaN
NaN
NaN
NaN
NaN
NaN
NaN
NaN
NaN
NaN
NaN
NaN
NaN
NaN
NaN
NaN
NaN
NaN
NaN
NaN
NaN
NaN
NaN
NaN
NaN
NaN
NaN
NaN
NaN
NaN
NaN
NaN
NaN
NaN
NaN
NaN
NaN
NaN
NaN
NaN
NaN
NaN
NaN
NaN
NaN
NaN
NaN
NaN
NaN
NaN
NaN
NaN
NaN
NaN
NaN
NaN
NaN
NaN
NaN
NaN
NaN
NaN
NaN
NaN
NaN
NaN
NaN
NaN
NaN
NaN
NaN
NaN
NaN
NaN
NaN
NaN
NaN
NaN
NaN
NaN
NaN
NaN
NaN
NaN
NaN
NaN
NaN
NaN
NaN
NaN
NaN
NaN
NaN
NaN
NaN
NaN
NaN
NaN
NaN
NaN
NaN
NaN
NaN
NaN
NaN
NaN
NaN
NaN
NaN
NaN
NaN
NaN
NaN
NaN
NaN
NaN
NaN
NaN
NaN
NaN
NaN
NaN
NaN
NaN
NaN
NaN
NaN
NaN
NaN
NaN
NaN
NaN
NaN
NaN
NaN
NaN
NaN
NaN
NaN
NaN
NaN
NaN
NaN
NaN
NaN
NaN
NaN
NaN
NaN
NaN
NaN
NaN
NaN
NaN
NaN
NaN
NaN
NaN
NaN
NaN
NaN
NaN
NaN
NaN
NaN
NaN
NaN
NaN
NaN
NaN
NaN
NaN
NaN
NaN
NaN
NaN
NaN
NaN
NaN
NaN
NaN
NaN
NaN
NaN
NaN
NaN
NaN
NaN
NaN
NaN
NaN
NaN
NaN
NaN
NaN
NaN
NaN
NaN
NaN
NaN
NaN
NaN
NaN
NaN
NaN
NaN
NaN
NaN
NaN
NaN
NaN
NaN
NaN
NaN
NaN
NaN
NaN
NaN
NaN
NaN
NaN
NaN
NaN
NaN
NaN
NaN
NaN
NaN
NaN
NaN
NaN
NaN
NaN
NaN
NaN
NaN
NaN
NaN
NaN
NaN
NaN
NaN
NaN
NaN
NaN
NaN
NaN
NaN
NaN
NaN
NaN
NaN
NaN
NaN
NaN
NaN
NaN
NaN
NaN
NaN
NaN
NaN
NaN
NaN
NaN
NaN
NaN
NaN
NaN
NaN
NaN
NaN
NaN
NaN
NaN
NaN
NaN
NaN
NaN
NaN
NaN
NaN
NaN
NaN
NaN
NaN
NaN
NaN
NaN
NaN
NaN
NaN
NaN
NaN
NaN
NaN
NaN
NaN
NaN
NaN
NaN
NaN
NaN
NaN
NaN
NaN
NaN
NaN
NaN
NaN
NaN
NaN
NaN
NaN
NaN
NaN
NaN
NaN
NaN
NaN
NaN
NaN
NaN
NaN
NaN
NaN
NaN
NaN
NaN
NaN
NaN
NaN
NaN
NaN
NaN
NaN
NaN
NaN
NaN
NaN
NaN
NaN
NaN
NaN
NaN
NaN
NaN
NaN
NaN
NaN
NaN
NaN
NaN
NaN
NaN
NaN
NaN
NaN
NaN
NaN
NaN
NaN
NaN
NaN
NaN
NaN
NaN
NaN
NaN
NaN
NaN
NaN
NaN
NaN
NaN
NaN
NaN
NaN
NaN
NaN
NaN
NaN
NaN
NaN
NaN
NaN
NaN
NaN
NaN
NaN
NaN
NaN
NaN
NaN
NaN
NaN
NaN
NaN
NaN
NaN
NaN
NaN
NaN
NaN
NaN
NaN
NaN
NaN
NaN
NaN
NaN
NaN
NaN
NaN
NaN
NaN
NaN
NaN
NaN
NaN
NaN
NaN
NaN
NaN
NaN
NaN
NaN
NaN
NaN
NaN
NaN
NaN
NaN
NaN
NaN
NaN
NaN
NaN
NaN
NaN
NaN
NaN
NaN
NaN
NaN
NaN
NaN
NaN
NaN
NaN
NaN
NaN
NaN
NaN
NaN
NaN
NaN
NaN
NaN
NaN
NaN
NaN
NaN
NaN
NaN
NaN
NaN
NaN
NaN
NaN
NaN
NaN
NaN
NaN
NaN
NaN
NaN
NaN
NaN
NaN
NaN
NaN
NaN
NaN
NaN
NaN
NaN
NaN
NaN
NaN
NaN
NaN
NaN
NaN
NaN
NaN
NaN
NaN
NaN
NaN
NaN
NaN
NaN
NaN
NaN
NaN
NaN
NaN
NaN
NaN
NaN
NaN
NaN
NaN
NaN
NaN
NaN
NaN
NaN
NaN
NaN
NaN
NaN
NaN
NaN
NaN
NaN
NaN
NaN
NaN
NaN
NaN
NaN
NaN
NaN
NaN
NaN
NaN
NaN
NaN
NaN
NaN
NaN
NaN
NaN
NaN
NaN
NaN
NaN
NaN
NaN
NaN
NaN
NaN
NaN
NaN
NaN
NaN
NaN
NaN
NaN
NaN
NaN
NaN
NaN
NaN
NaN
NaN
NaN
NaN
NaN
NaN
NaN
NaN
NaN
NaN
NaN
NaN
NaN
NaN
NaN
NaN
NaN
NaN
NaN
NaN
NaN
NaN
NaN
NaN
NaN
NaN
NaN
NaN
NaN
NaN
NaN
NaN
NaN
NaN
NaN
NaN
NaN
NaN
NaN
NaN
NaN
NaN
NaN
NaN
NaN
NaN
NaN
NaN
NaN
NaN
NaN
NaN
NaN
NaN
NaN
NaN
NaN
NaN
NaN
NaN
NaN
NaN
NaN
NaN
NaN
NaN
NaN
NaN
NaN
NaN
NaN
NaN
NaN
NaN
NaN
NaN
NaN
NaN
NaN
NaN
NaN
NaN
NaN
NaN
NaN
NaN
NaN
NaN
NaN
NaN
NaN
NaN
NaN
NaN
NaN
NaN
NaN
NaN
NaN
NaN
NaN
NaN
NaN
NaN
NaN
NaN
NaN
NaN
NaN
NaN
NaN
NaN
NaN
NaN
NaN
NaN
NaN
NaN
NaN
NaN
NaN
NaN
NaN
NaN
NaN
NaN
NaN
NaN
NaN
NaN
NaN
NaN
NaN
NaN
NaN
NaN
NaN
NaN
NaN
NaN
NaN
NaN
NaN
NaN
NaN
NaN
NaN
NaN
NaN
NaN
NaN
NaN
NaN
NaN
NaN
NaN
NaN
NaN
NaN
NaN
NaN
NaN
NaN
NaN
NaN
NaN
NaN
NaN
NaN
NaN
NaN
NaN
NaN
NaN
NaN
NaN
NaN
NaN
NaN
NaN
NaN
NaN
NaN
NaN
NaN
NaN
NaN
NaN
NaN
NaN
NaN
NaN
NaN
NaN
NaN
NaN
NaN
NaN
NaN
NaN
NaN
NaN
NaN
NaN
NaN
NaN
NaN
NaN
NaN
NaN
NaN
NaN
NaN
NaN
NaN
NaN
NaN
NaN
NaN
NaN
NaN
NaN
NaN
NaN
NaN
NaN
NaN
NaN
NaN
NaN
NaN
NaN
NaN
NaN
NaN
NaN
NaN
NaN
NaN
NaN
NaN
NaN
NaN
NaN
NaN
NaN
NaN
NaN
NaN
NaN
NaN
NaN
NaN
NaN
NaN
NaN
NaN
NaN
NaN
NaN
NaN
NaN
NaN
NaN
NaN
NaN
NaN
NaN
NaN
NaN
NaN
NaN
NaN
NaN
NaN
NaN
NaN
NaN
NaN
NaN
NaN
NaN
NaN
NaN
NaN
NaN
NaN
NaN
NaN
NaN
NaN
NaN
NaN
NaN
NaN
NaN
NaN
NaN
NaN
NaN
NaN
NaN
NaN
NaN
NaN
NaN
NaN
NaN
NaN
NaN
NaN
NaN
NaN
NaN
NaN
NaN
NaN
NaN
NaN
NaN
NaN
NaN
NaN
NaN
NaN
NaN
NaN
NaN
NaN
NaN
NaN
NaN
NaN
NaN
NaN
NaN
NaN
NaN
NaN
NaN
NaN
NaN
NaN
NaN
NaN
NaN
NaN
NaN
NaN
NaN
NaN
NaN
NaN
NaN
NaN
NaN
NaN
NaN
NaN
NaN
NaN
NaN
NaN
NaN
NaN
NaN
NaN
NaN
NaN
NaN
NaN
NaN
NaN
NaN
NaN
NaN
NaN
NaN
NaN
NaN
NaN
NaN
NaN
NaN
NaN
NaN
NaN
NaN
NaN
NaN
NaN
NaN
NaN
NaN
NaN
NaN
NaN
NaN
NaN
NaN
NaN
NaN
NaN
NaN
NaN
NaN
NaN
NaN
NaN
NaN
NaN
NaN
NaN
NaN
NaN
NaN
NaN
NaN
NaN
NaN
NaN
NaN
NaN
NaN
NaN
NaN
NaN
NaN
NaN
NaN
NaN
NaN
NaN
NaN
NaN
NaN
NaN
NaN
NaN
NaN
NaN
NaN
NaN
NaN
NaN
NaN
NaN
NaN
NaN
NaN
NaN
NaN
NaN
NaN
NaN
NaN
NaN
NaN
NaN
NaN
NaN
NaN
NaN
NaN
NaN
NaN
NaN
NaN
NaN
NaN
NaN
NaN
NaN
NaN
NaN
NaN
NaN
NaN
NaN
NaN
NaN
NaN
NaN
NaN
NaN
NaN
NaN
NaN
NaN
NaN
NaN
NaN
NaN
NaN
NaN
NaN
NaN
NaN
NaN
NaN
NaN
NaN
NaN
NaN
NaN
NaN
NaN
NaN
NaN
NaN
NaN
NaN
NaN
NaN
NaN
NaN
NaN
NaN
NaN
NaN
NaN
NaN
NaN
NaN
NaN
NaN
NaN
NaN
NaN
NaN
NaN
NaN
NaN
NaN
NaN
NaN
NaN
NaN
NaN
NaN
NaN
NaN
NaN
NaN
NaN
NaN
NaN
NaN
NaN
NaN
NaN
NaN
NaN
NaN
NaN
NaN
NaN
NaN
NaN
NaN
NaN
NaN
NaN
NaN
NaN
NaN
NaN
NaN
NaN
NaN
NaN
NaN
NaN
NaN
NaN
NaN
NaN
NaN
NaN
NaN
NaN
NaN
NaN
NaN
NaN
NaN
NaN
NaN
NaN
NaN
NaN
NaN
NaN
NaN
NaN
NaN
NaN
NaN
NaN
NaN
NaN
NaN
NaN
NaN
NaN
NaN
NaN
NaN
NaN
NaN
NaN
NaN
NaN
NaN
NaN
NaN
NaN
NaN
NaN
NaN
NaN
NaN
NaN
NaN
NaN
NaN
NaN
NaN
NaN
NaN
NaN
NaN
NaN
NaN
NaN
NaN
NaN
NaN
NaN
NaN
NaN
NaN
NaN
NaN
NaN
NaN
NaN
NaN
NaN
NaN
NaN
NaN
NaN
NaN
NaN
NaN
NaN
NaN
NaN
NaN
NaN
NaN
NaN
NaN
NaN
NaN
NaN
NaN
NaN
NaN
NaN
NaN
NaN
NaN
NaN
NaN
NaN
NaN
NaN
NaN
NaN
NaN
NaN
NaN
NaN
NaN
NaN
NaN
NaN
NaN
NaN
NaN
NaN
NaN
NaN
NaN
NaN
NaN
NaN
NaN
NaN
NaN
NaN
NaN
NaN
NaN
NaN
NaN
NaN
NaN
NaN
NaN
NaN
NaN
NaN
NaN
NaN
NaN
NaN
NaN
NaN
NaN
NaN
NaN
NaN
NaN
NaN
NaN
NaN
NaN
NaN
NaN
NaN
NaN
NaN
NaN
NaN
NaN
NaN
NaN
NaN
NaN
NaN
NaN
NaN
NaN
NaN
NaN
NaN
NaN
NaN
NaN
NaN
NaN
NaN
NaN
NaN
NaN
NaN
NaN
NaN
NaN
NaN
NaN
NaN
NaN
NaN
NaN
NaN
NaN
NaN
NaN
NaN
NaN
NaN
NaN
NaN
NaN
NaN
NaN
NaN
NaN
NaN
NaN
NaN
NaN
NaN
NaN
NaN
NaN
NaN
NaN
NaN
NaN
NaN
NaN
NaN
NaN
NaN
NaN
NaN
NaN
NaN
NaN
NaN
NaN
NaN
NaN
NaN
NaN
NaN
NaN
NaN
NaN
NaN
NaN
NaN
NaN
NaN
NaN
NaN
NaN
NaN
NaN
NaN
NaN
