0.7248484848484849
0.6075757575757574
0.6848484848484847
0.6136363636363638
0.6696969696969696
0.6757575757575758
0.6669696969696969
0.6815151515151515
0.6663636363636364
0.6221212121212121
0.7221212121212122
0.6242424242424242
0.593030303030303
0.6481818181818183
0.6693939393939394
0.6951515151515152
0.6778787878787879
0.6748484848484848
0.7233333333333333
0.7012121212121212
0.6412121212121211
0.640909090909091
0.7027272727272728
0.6263636363636365
0.6721212121212121
0.7027272727272729
0.7
0.6484848484848484
0.6678787878787878
0.7096969696969697
0.7275757575757574
0.6827272727272727
0.6572727272727272
0.64
0.7118181818181818
0.6951515151515152
0.7075757575757576
0.7457575757575757
0.6903030303030304
0.6481818181818181
0.6454545454545454
0.6781818181818182
0.6403030303030303
0.5745454545454546
0.6833333333333333
0.7315151515151516
0.5915151515151515
0.5875757575757576
0.7330303030303031
0.6818181818181819
0.6496969696969698
0.623939393939394
0.656969696969697
0.6727272727272726
0.6433333333333333
0.6927272727272726
0.7263636363636364
0.703030303030303
0.632121212121212
0.5942424242424242
0.6966666666666667
0.6103030303030302
0.6348484848484848
0.6478787878787877
0.6521212121212122
0.6348484848484848
0.7303030303030303
0.6851515151515151
0.7284848484848485
0.61
0.6384848484848484
0.6387878787878788
0.6399999999999999
0.6618181818181817
0.6657575757575758
0.6648484848484849
0.6690909090909091
0.6687878787878788
0.6727272727272727
0.6884848484848485
0.6603030303030303
0.7496969696969696
0.6857575757575758
0.683939393939394
0.57
0.6178787878787879
0.6696969696969698
0.6636363636363636
0.6321212121212121
0.7296969696969697
0.6536363636363636
0.5724242424242424
0.6978787878787879
0.6887878787878787
0.6521212121212121
0.7109090909090909
0.6263636363636365
0.6672727272727272
0.6824242424242424
0.6251515151515151
0.6333333333333333
0.7515151515151516
0.6018181818181819
0.6536363636363638
0.6966666666666667
0.7000000000000001
0.6684848484848485
0.7057575757575758
0.6454545454545454
0.6357575757575759
0.703939393939394
0.6533333333333333
0.7327272727272728
0.6715151515151516
0.6315151515151516
0.6203030303030304
0.7375757575757576
0.6057575757575758
0.7172727272727273
0.6587878787878787
0.693939393939394
0.6896969696969698
0.6966666666666668
0.7224242424242423
0.6515151515151515
0.7175757575757576
0.6066666666666666
0.7027272727272726
0.6778787878787879
0.6896969696969696
0.6706060606060606
0.6615151515151515
0.6366666666666667
0.6384848484848485
0.6639393939393939
0.6948484848484848
0.6506060606060605
0.7324242424242424
0.6512121212121212
0.7060606060606062
0.7051515151515152
0.7066666666666668
0.6481818181818182
0.5633333333333334
0.6769696969696969
0.6760606060606061
0.6733333333333335
0.6487878787878787
0.752121212121212
0.643939393939394
0.704848484848485
0.7042424242424241
0.6524242424242425
0.7215151515151516
0.6069696969696969
0.6354545454545453
0.6151515151515151
0.6606060606060606
0.75
0.6387878787878788
0.6848484848484848
0.6381818181818182
0.653030303030303
0.6927272727272726
0.6781818181818182
0.6887878787878787
0.65
0.6193939393939394
0.6145454545454546
0.6957575757575758
0.7654545454545455
0.6263636363636362
0.67
0.5918181818181819
0.623939393939394
0.7124242424242424
0.6406060606060605
0.7815151515151514
0.797878787878788
0.6336363636363637
0.7406060606060606
0.7403030303030304
0.6796969696969696
0.6866666666666668
0.6878787878787879
0.6809090909090909
0.6799999999999999
0.7139393939393939
0.6506060606060605
0.6981818181818181
0.686969696969697
0.5736363636363637
0.6784848484848485
0.629090909090909
0.7312121212121212
0.6796969696969697
0.6387878787878788
0.6972727272727272
0.6503030303030303
0.6642424242424242
0.7063636363636363
0.656969696969697
0.719090909090909
0.6809090909090909
0.6003030303030303
0.6863636363636364
0.6336363636363637
0.6603030303030305
0.6842424242424243
0.6660606060606061
0.6957575757575758
0.7151515151515152
0.6754545454545453
0.63
0.7227272727272728
0.5454545454545454
0.6939393939393939
0.6451515151515154
0.6166666666666667
0.6648484848484849
0.6881818181818181
0.6660606060606061
0.7003030303030302
0.6181818181818182
0.6951515151515152
0.7403030303030302
0.6548484848484848
0.6136363636363635
0.6781818181818182
0.686969696969697
0.5321212121212122
0.7278787878787878
0.7090909090909091
0.6639393939393939
0.6815151515151515
0.6606060606060606
0.7072727272727274
0.5675757575757576
0.6715151515151515
0.6924242424242424
0.660909090909091
0.6851515151515152
0.5651515151515153
0.6712121212121213
0.6796969696969698
0.7387878787878788
0.6681818181818181
0.6136363636363638
0.6681818181818181
0.6766666666666666
0.5966666666666667
0.6645454545454544
0.7093939393939394
0.6606060606060606
0.6481818181818183
0.6396969696969697
0.5863636363636364
0.7230303030303031
0.672121212121212
0.7006060606060607
0.6327272727272727
0.7730303030303031
0.6896969696969696
0.7100000000000001
0.6975757575757576
0.5512121212121213
0.672121212121212
0.7181818181818181
0.6551515151515153
0.7309090909090908
0.6736363636363637
0.6866666666666666
0.6193939393939394
0.7045454545454546
0.5951515151515152
0.7015151515151515
0.713030303030303
0.7518181818181819
0.6639393939393939
0.613030303030303
0.7384848484848484
0.7321212121212121
0.6709090909090909
0.6884848484848486
0.6451515151515151
0.6978787878787879
0.7006060606060607
0.6812121212121212
0.6606060606060605
0.6666666666666666
0.7269696969696969
0.6584848484848485
0.5863636363636364
0.6581818181818181
0.6857575757575757
0.6903030303030303
0.7060606060606062
0.743030303030303
0.6157575757575757
0.6472727272727272
0.6345454545454546
0.6851515151515152
0.6557575757575758
0.6321212121212121
0.7339393939393939
0.7336363636363635
0.6903030303030303
0.6712121212121211
0.6354545454545455
0.7075757575757574
0.6042424242424244
0.7306060606060605
0.703939393939394
0.6590909090909092
0.6012121212121213
0.6639393939393939
0.6815151515151515
0.6560606060606061
0.7236363636363636
0.6584848484848486
0.6463636363636364
0.6718181818181819
0.7045454545454546
0.6624242424242426
0.6603030303030303
0.6866666666666666
0.702121212121212
0.6445454545454545
0.7142424242424242
0.7327272727272728
0.6006060606060607
0.7224242424242424
0.5918181818181818
0.6936363636363637
0.7215151515151516
0.6148484848484849
0.7030303030303031
0.7384848484848486
0.6421212121212121
0.7481818181818182
0.6827272727272727
0.6663636363636365
0.5763636363636363
0.6436363636363637
0.6212121212121212
0.6466666666666666
0.6303030303030304
0.7163636363636363
0.6409090909090909
0.7212121212121211
0.643939393939394
0.6666666666666666
0.6254545454545455
0.7342424242424244
0.6693939393939393
0.6675757575757576
0.7336363636363639
0.6860606060606059
0.6354545454545455
0.6572727272727273
0.6254545454545455
0.6884848484848484
0.6433333333333333
0.6727272727272727
0.6369696969696969
0.6054545454545455
0.7296969696969697
0.5854545454545453
0.6587878787878788
0.6703030303030304
0.7263636363636364
0.5984848484848485
0.7
0.6606060606060606
0.7090909090909091
0.7451515151515152
0.6812121212121213
0.6681818181818181
0.6272727272727272
0.6887878787878788
0.623939393939394
0.6033333333333334
0.6633333333333333
0.646969696969697
0.6763636363636363
0.7336363636363636
0.7178787878787879
0.7163636363636363
0.733939393939394
0.6948484848484848
0.7412121212121211
0.6748484848484848
0.6321212121212122
0.623030303030303
0.7193939393939396
0.7821212121212123
0.6506060606060605
0.6657575757575759
0.6657575757575759
0.6172727272727273
0.6386666666666667
0.6729999999999999
0.6609999999999999
0.5983333333333334
0.6353333333333333
0.682
0.6593333333333333
0.671
0.7316666666666667
0.5843333333333334
0.6123333333333333
0.5966666666666667
0.6583333333333334
0.6603333333333333
0.6653333333333333
0.6399999999999999
0.6883333333333332
0.7096666666666667
0.6886666666666666
0.7513333333333334
0.558
0.6713333333333333
0.6556666666666667
0.6833333333333332
0.6876666666666665
0.6613333333333333
0.6946666666666667
0.6729999999999999
0.6343333333333334
0.6373333333333334
0.5503333333333333
0.6966666666666667
0.549
0.6543333333333334
0.7069999999999999
0.6809999999999999
0.753
0.602
0.6713333333333333
0.6603333333333334
0.6763333333333332
0.695
0.7066666666666667
0.737
0.6226666666666667
0.6273333333333333
0.706
0.671
0.6430000000000001
0.6559999999999999
0.72
0.6503333333333333
0.6156666666666667
0.6406666666666667
0.728
0.6986666666666668
0.7113333333333334
0.582
0.7473333333333334
0.6453333333333333
0.6016666666666667
0.6226666666666666
0.6733333333333335
0.6763333333333332
0.675
0.6636666666666666
0.6376666666666667
0.7200000000000001
0.6676666666666666
0.7173333333333333
0.7176666666666667
0.6183333333333332
0.6770000000000002
0.6340000000000001
0.5633333333333332
0.7536666666666667
0.6946666666666668
0.6113333333333333
0.5743333333333334
0.6980000000000001
0.6553333333333333
0.7043333333333333
0.6363333333333332
0.712
0.6076666666666666
0.659
0.56
0.5936666666666668
0.6206666666666666
0.6743333333333332
0.651
0.6439999999999999
0.6413333333333333
0.6046666666666667
0.7006666666666667
0.6856666666666666
0.7649999999999999
0.7203333333333334
0.7053333333333334
0.7533333333333333
0.6996666666666667
0.6776666666666666
0.6853333333333333
0.7153333333333334
0.6566666666666666
0.643
0.6813333333333333
0.6646666666666666
0.5686666666666668
0.6300000000000001
0.72
0.6460000000000001
0.6576666666666666
0.7033333333333334
0.671
0.7773333333333333
0.6236666666666666
0.7589999999999999
0.7333333333333333
0.7070000000000001
0.6693333333333332
0.659
0.7363333333333333
0.6736666666666667
0.6876666666666666
0.6703333333333333
0.742
0.664
0.6519999999999999
0.7456666666666666
0.6643333333333333
0.6556666666666667
0.627
0.5700000000000001
0.7073333333333334
0.696
0.5459999999999999
0.671
0.6096666666666667
0.6093333333333333
0.671
0.623
0.569
0.7826666666666667
0.7073333333333334
0.7
0.6986666666666667
0.6196666666666667
0.6053333333333334
0.6793333333333333
0.6766666666666667
0.6606666666666665
0.6496666666666667
0.6153333333333333
0.6846666666666668
0.7383333333333333
0.6889999999999998
0.6620000000000001
0.6246666666666667
0.638
0.5576666666666668
0.6396666666666666
0.617
0.6736666666666666
0.6436666666666667
0.6863333333333332
0.6996666666666667
0.635
0.6353333333333333
0.6096666666666667
0.7043333333333334
0.6123333333333333
0.6603333333333333
0.7333333333333333
0.6340000000000001
0.6966666666666667
0.7033333333333334
0.6743333333333333
0.651
0.6136666666666668
0.6803333333333332
0.6829999999999999
0.7363333333333333
0.7080000000000001
0.716
0.7703333333333334
0.6439999999999999
0.6923333333333332
0.627
0.69
0.6643333333333334
0.6100000000000001
0.655
0.6953333333333334
0.6620000000000001
0.6383333333333334
0.6343333333333334
0.6673333333333333
0.6976666666666667
0.7283333333333333
0.62
0.7343333333333333
0.6666666666666667
0.6383333333333333
0.666
0.6313333333333333
0.6753333333333333
0.6863333333333332
0.7236666666666667
0.7290000000000001
0.6323333333333334
0.634
0.6526666666666667
0.6853333333333333
0.7033333333333334
0.6993333333333334
0.6916666666666667
0.6583333333333333
0.6816666666666666
0.6053333333333333
0.6333333333333334
0.5930000000000001
0.6633333333333333
0.6296666666666667
0.7090000000000001
0.633
0.6653333333333333
0.6839999999999999
0.6343333333333334
0.7013333333333335
0.6276666666666666
0.6993333333333334
0.6606666666666665
0.6626666666666667
0.7073333333333333
0.6496666666666667
0.6883333333333332
0.7080000000000001
0.7
0.6666666666666666
0.6849999999999999
0.7350000000000001
0.6603333333333332
0.6253333333333334
0.6096666666666666
0.687
0.6396666666666666
0.528
0.6076666666666667
0.6439999999999999
0.5983333333333334
0.5733333333333333
0.6523333333333334
0.6649999999999999
0.6143333333333333
0.6759999999999999
0.6766666666666667
0.6606666666666667
0.7023333333333334
0.7376666666666666
0.66
0.6829999999999999
0.6913333333333334
0.645
0.5993333333333333
0.692
0.6743333333333335
0.6513333333333334
0.6583333333333333
0.6436666666666666
0.6963333333333334
0.6076666666666666
0.6126666666666666
0.7223333333333334
0.6043333333333333
0.5713333333333334
0.6753333333333333
0.7273333333333334
0.634
0.7090000000000001
0.6946666666666665
0.631
0.6833333333333333
0.589
0.6653333333333333
0.6580000000000001
0.5726666666666668
0.679
0.6936666666666665
0.7293333333333333
0.6563333333333332
0.717
0.6856666666666665
0.6853333333333335
0.6463333333333333
0.708
0.6373333333333334
0.6873333333333334
0.6716666666666667
0.6533333333333334
0.6643333333333334
0.6833333333333333
0.6733333333333335
0.6389999999999999
0.6543333333333333
0.6130000000000001
0.6349999999999999
0.7073333333333334
0.607
0.6843333333333333
0.6496666666666666
0.681
0.7396666666666667
0.7356666666666666
0.6063333333333334
0.648
0.6623333333333334
0.5936666666666667
0.7076666666666667
0.6619999999999999
0.686
0.7496666666666667
0.7413333333333333
0.628
0.655
0.6356666666666667
0.6759999999999999
0.6779999999999999
0.6456666666666666
0.6316666666666666
0.6659999999999999
0.6716666666666666
0.617
0.5966666666666667
0.6690000000000002
0.6433333333333333
0.7166666666666667
0.7140000000000001
0.6446666666666666
0.7649999999999999
0.7260000000000001
0.7106666666666666
0.5786666666666667
0.665
0.6743333333333333
0.6876666666666668
0.6473333333333333
0.5936666666666667
0.643
0.7003333333333333
NaN
NaN
NaN
NaN
NaN
NaN
NaN
NaN
NaN
NaN
NaN
NaN
NaN
NaN
NaN
NaN
NaN
NaN
NaN
NaN
NaN
NaN
NaN
NaN
NaN
NaN
NaN
NaN
NaN
NaN
NaN
NaN
NaN
NaN
NaN
NaN
NaN
NaN
NaN
NaN
NaN
NaN
NaN
NaN
NaN
NaN
NaN
NaN
NaN
NaN
NaN
NaN
NaN
NaN
NaN
NaN
NaN
NaN
NaN
NaN
NaN
NaN
NaN
NaN
NaN
NaN
NaN
NaN
NaN
NaN
NaN
NaN
NaN
NaN
NaN
NaN
NaN
NaN
NaN
NaN
NaN
NaN
NaN
NaN
NaN
NaN
NaN
NaN
NaN
NaN
NaN
NaN
NaN
NaN
NaN
NaN
NaN
NaN
NaN
NaN
NaN
NaN
NaN
NaN
NaN
NaN
NaN
NaN
NaN
NaN
NaN
NaN
NaN
NaN
NaN
NaN
NaN
NaN
NaN
NaN
NaN
NaN
NaN
NaN
NaN
NaN
NaN
NaN
NaN
NaN
NaN
NaN
NaN
NaN
NaN
NaN
NaN
NaN
NaN
NaN
NaN
NaN
NaN
NaN
NaN
NaN
NaN
NaN
NaN
NaN
NaN
NaN
NaN
NaN
NaN
NaN
NaN
NaN
NaN
NaN
NaN
NaN
NaN
NaN
NaN
NaN
NaN
NaN
NaN
NaN
NaN
NaN
NaN
NaN
NaN
NaN
NaN
NaN
NaN
NaN
NaN
NaN
NaN
NaN
NaN
NaN
NaN
NaN
NaN
NaN
NaN
NaN
NaN
NaN
NaN
NaN
NaN
NaN
NaN
NaN
NaN
NaN
NaN
NaN
NaN
NaN
NaN
NaN
NaN
NaN
NaN
NaN
NaN
NaN
NaN
NaN
NaN
NaN
NaN
NaN
NaN
NaN
NaN
NaN
NaN
NaN
NaN
NaN
NaN
NaN
NaN
NaN
NaN
NaN
NaN
NaN
NaN
NaN
NaN
NaN
NaN
NaN
NaN
NaN
NaN
NaN
NaN
NaN
NaN
NaN
NaN
NaN
NaN
NaN
NaN
NaN
NaN
NaN
NaN
NaN
NaN
NaN
NaN
NaN
NaN
NaN
NaN
NaN
NaN
NaN
NaN
NaN
NaN
NaN
NaN
NaN
NaN
NaN
NaN
NaN
NaN
NaN
NaN
NaN
NaN
NaN
NaN
NaN
NaN
NaN
NaN
NaN
NaN
NaN
NaN
NaN
NaN
NaN
NaN
NaN
NaN
NaN
NaN
NaN
NaN
NaN
NaN
NaN
NaN
NaN
NaN
NaN
NaN
NaN
NaN
NaN
NaN
NaN
NaN
NaN
NaN
NaN
NaN
NaN
NaN
NaN
NaN
NaN
NaN
NaN
NaN
NaN
NaN
NaN
NaN
NaN
NaN
NaN
NaN
NaN
NaN
NaN
NaN
NaN
NaN
NaN
NaN
NaN
NaN
NaN
NaN
NaN
NaN
NaN
NaN
NaN
NaN
NaN
NaN
NaN
NaN
NaN
NaN
NaN
NaN
NaN
NaN
NaN
NaN
NaN
NaN
NaN
NaN
NaN
NaN
NaN
NaN
NaN
NaN
NaN
NaN
NaN
NaN
NaN
NaN
NaN
NaN
NaN
NaN
NaN
NaN
NaN
NaN
NaN
NaN
NaN
NaN
NaN
NaN
NaN
NaN
NaN
NaN
NaN
NaN
NaN
NaN
NaN
NaN
NaN
NaN
NaN
NaN
NaN
NaN
NaN
NaN
NaN
NaN
NaN
NaN
NaN
NaN
NaN
NaN
NaN
NaN
NaN
NaN
NaN
NaN
NaN
NaN
NaN
NaN
NaN
NaN
NaN
NaN
NaN
NaN
NaN
NaN
NaN
NaN
NaN
NaN
NaN
NaN
NaN
NaN
NaN
NaN
NaN
NaN
NaN
NaN
NaN
NaN
NaN
NaN
NaN
NaN
NaN
NaN
NaN
NaN
NaN
NaN
NaN
NaN
NaN
NaN
NaN
NaN
NaN
NaN
NaN
NaN
NaN
NaN
NaN
NaN
NaN
NaN
NaN
NaN
NaN
NaN
NaN
NaN
NaN
NaN
NaN
NaN
NaN
NaN
NaN
NaN
NaN
NaN
NaN
NaN
NaN
NaN
NaN
NaN
NaN
NaN
NaN
NaN
NaN
NaN
NaN
NaN
NaN
NaN
NaN
NaN
NaN
NaN
NaN
NaN
NaN
NaN
NaN
NaN
NaN
NaN
NaN
NaN
NaN
NaN
NaN
NaN
NaN
NaN
NaN
NaN
NaN
NaN
NaN
NaN
NaN
NaN
NaN
NaN
NaN
NaN
NaN
NaN
NaN
NaN
NaN
NaN
NaN
NaN
NaN
NaN
NaN
NaN
NaN
NaN
NaN
NaN
NaN
NaN
NaN
NaN
NaN
NaN
NaN
NaN
NaN
NaN
NaN
NaN
NaN
NaN
NaN
NaN
NaN
NaN
NaN
NaN
NaN
NaN
NaN
NaN
NaN
NaN
NaN
NaN
NaN
NaN
NaN
NaN
NaN
NaN
NaN
NaN
NaN
NaN
NaN
NaN
NaN
NaN
NaN
NaN
NaN
NaN
NaN
NaN
NaN
NaN
NaN
NaN
NaN
NaN
NaN
NaN
NaN
NaN
NaN
NaN
NaN
NaN
NaN
NaN
NaN
NaN
NaN
NaN
NaN
NaN
NaN
NaN
NaN
NaN
NaN
NaN
NaN
NaN
NaN
NaN
NaN
NaN
NaN
NaN
NaN
NaN
NaN
NaN
NaN
NaN
NaN
NaN
NaN
NaN
NaN
NaN
NaN
NaN
NaN
NaN
NaN
NaN
NaN
NaN
NaN
NaN
NaN
NaN
NaN
NaN
NaN
NaN
NaN
NaN
NaN
NaN
NaN
NaN
NaN
NaN
NaN
NaN
NaN
NaN
NaN
NaN
NaN
NaN
NaN
NaN
NaN
NaN
NaN
NaN
NaN
NaN
NaN
NaN
NaN
NaN
NaN
NaN
NaN
NaN
NaN
NaN
NaN
NaN
NaN
NaN
NaN
NaN
NaN
NaN
NaN
NaN
NaN
NaN
NaN
NaN
NaN
NaN
NaN
NaN
NaN
NaN
NaN
NaN
NaN
NaN
NaN
NaN
NaN
NaN
NaN
NaN
NaN
NaN
NaN
NaN
NaN
NaN
NaN
NaN
NaN
NaN
NaN
NaN
NaN
NaN
NaN
NaN
NaN
NaN
NaN
NaN
NaN
NaN
NaN
NaN
NaN
NaN
NaN
NaN
NaN
NaN
NaN
NaN
NaN
NaN
NaN
NaN
NaN
NaN
NaN
NaN
NaN
NaN
NaN
NaN
NaN
NaN
NaN
NaN
NaN
NaN
NaN
NaN
NaN
NaN
NaN
NaN
NaN
NaN
NaN
NaN
NaN
NaN
NaN
NaN
NaN
NaN
NaN
NaN
NaN
NaN
NaN
NaN
NaN
NaN
NaN
NaN
NaN
NaN
NaN
NaN
NaN
NaN
NaN
NaN
NaN
NaN
NaN
NaN
NaN
NaN
NaN
NaN
NaN
NaN
NaN
NaN
NaN
NaN
NaN
NaN
NaN
NaN
NaN
NaN
NaN
NaN
NaN
NaN
NaN
NaN
NaN
NaN
NaN
NaN
NaN
NaN
NaN
NaN
NaN
NaN
NaN
NaN
NaN
NaN
NaN
NaN
NaN
NaN
NaN
NaN
NaN
NaN
NaN
NaN
NaN
NaN
NaN
NaN
NaN
NaN
NaN
NaN
NaN
NaN
NaN
NaN
NaN
NaN
NaN
NaN
NaN
NaN
NaN
NaN
NaN
NaN
NaN
NaN
NaN
NaN
NaN
NaN
NaN
NaN
NaN
NaN
NaN
NaN
NaN
NaN
NaN
NaN
NaN
NaN
NaN
NaN
NaN
NaN
NaN
NaN
NaN
NaN
NaN
NaN
NaN
NaN
NaN
NaN
NaN
NaN
NaN
NaN
NaN
NaN
NaN
NaN
NaN
NaN
NaN
NaN
NaN
NaN
NaN
NaN
NaN
NaN
NaN
NaN
NaN
NaN
NaN
NaN
NaN
NaN
NaN
NaN
NaN
NaN
NaN
NaN
NaN
NaN
NaN
NaN
NaN
NaN
NaN
NaN
NaN
NaN
NaN
NaN
NaN
NaN
NaN
NaN
NaN
NaN
NaN
NaN
NaN
NaN
NaN
NaN
NaN
NaN
NaN
NaN
NaN
NaN
NaN
NaN
NaN
NaN
NaN
NaN
NaN
NaN
NaN
NaN
NaN
NaN
NaN
NaN
NaN
NaN
NaN
NaN
NaN
NaN
NaN
NaN
NaN
NaN
NaN
NaN
NaN
NaN
NaN
NaN
NaN
NaN
NaN
NaN
NaN
NaN
NaN
NaN
NaN
NaN
NaN
NaN
NaN
NaN
NaN
NaN
NaN
NaN
NaN
NaN
NaN
NaN
NaN
NaN
NaN
NaN
NaN
NaN
NaN
NaN
NaN
NaN
NaN
NaN
NaN
NaN
NaN
NaN
NaN
NaN
NaN
NaN
NaN
NaN
NaN
NaN
NaN
NaN
NaN
NaN
NaN
NaN
NaN
NaN
NaN
NaN
NaN
NaN
NaN
NaN
NaN
NaN
NaN
NaN
NaN
NaN
NaN
NaN
NaN
NaN
NaN
NaN
NaN
NaN
NaN
NaN
NaN
NaN
NaN
NaN
NaN
NaN
NaN
NaN
NaN
NaN
NaN
NaN
NaN
NaN
NaN
NaN
NaN
NaN
NaN
NaN
NaN
NaN
NaN
NaN
NaN
NaN
NaN
NaN
NaN
NaN
NaN
NaN
NaN
NaN
NaN
NaN
NaN
NaN
NaN
NaN
NaN
NaN
NaN
NaN
NaN
NaN
NaN
NaN
NaN
NaN
NaN
NaN
NaN
NaN
NaN
NaN
NaN
NaN
NaN
NaN
NaN
NaN
NaN
NaN
NaN
NaN
NaN
NaN
NaN
NaN
NaN
NaN
NaN
NaN
NaN
NaN
NaN
NaN
NaN
NaN
NaN
NaN
NaN
NaN
NaN
NaN
NaN
NaN
NaN
NaN
NaN
NaN
NaN
NaN
NaN
NaN
NaN
NaN
NaN
NaN
NaN
NaN
NaN
NaN
NaN
NaN
NaN
NaN
NaN
NaN
NaN
NaN
NaN
NaN
NaN
NaN
NaN
NaN
NaN
NaN
NaN
NaN
NaN
NaN
NaN
NaN
NaN
NaN
NaN
NaN
NaN
NaN
NaN
NaN
NaN
NaN
NaN
NaN
NaN
NaN
NaN
NaN
NaN
NaN
NaN
NaN
NaN
NaN
NaN
NaN
NaN
NaN
NaN
NaN
NaN
NaN
NaN
NaN
NaN
NaN
NaN
NaN
NaN
NaN
NaN
NaN
NaN
NaN
NaN
NaN
NaN
NaN
NaN
NaN
NaN
NaN
NaN
NaN
NaN
NaN
NaN
NaN
NaN
NaN
NaN
NaN
NaN
NaN
NaN
NaN
NaN
NaN
NaN
NaN
NaN
NaN
NaN
NaN
NaN
NaN
NaN
NaN
NaN
NaN
NaN
NaN
NaN
NaN
NaN
NaN
NaN
NaN
NaN
NaN
NaN
NaN
NaN
NaN
NaN
NaN
NaN
NaN
NaN
NaN
NaN
NaN
NaN
NaN
NaN
NaN
NaN
NaN
NaN
NaN
NaN
NaN
NaN
NaN
NaN
NaN
NaN
NaN
NaN
NaN
NaN
NaN
NaN
NaN
NaN
NaN
NaN
NaN
NaN
NaN
NaN
NaN
NaN
NaN
NaN
NaN
NaN
NaN
NaN
NaN
NaN
NaN
NaN
NaN
NaN
NaN
NaN
NaN
NaN
NaN
NaN
NaN
NaN
NaN
NaN
NaN
NaN
NaN
NaN
NaN
NaN
NaN
NaN
NaN
NaN
NaN
NaN
NaN
NaN
NaN
NaN
NaN
NaN
NaN
NaN
NaN
NaN
NaN
NaN
NaN
NaN
NaN
NaN
NaN
NaN
NaN
NaN
NaN
NaN
NaN
NaN
NaN
NaN
NaN
NaN
NaN
NaN
NaN
NaN
NaN
NaN
NaN
NaN
NaN
NaN
NaN
NaN
NaN
NaN
NaN
NaN
NaN
NaN
NaN
NaN
NaN
NaN
NaN
NaN
NaN
NaN
NaN
NaN
NaN
NaN
NaN
NaN
NaN
NaN
NaN
NaN
NaN
NaN
NaN
NaN
NaN
NaN
NaN
NaN
NaN
NaN
NaN
NaN
NaN
NaN
NaN
NaN
NaN
NaN
NaN
NaN
NaN
NaN
NaN
NaN
NaN
NaN
NaN
NaN
NaN
NaN
NaN
NaN
NaN
NaN
NaN
NaN
NaN
NaN
NaN
NaN
NaN
NaN
NaN
NaN
NaN
NaN
NaN
NaN
NaN
NaN
NaN
NaN
NaN
NaN
NaN
NaN
NaN
NaN
NaN
NaN
NaN
NaN
NaN
NaN
NaN
NaN
NaN
NaN
NaN
NaN
NaN
NaN
NaN
NaN
NaN
NaN
NaN
NaN
NaN
NaN
NaN
NaN
NaN
NaN
NaN
NaN
NaN
NaN
NaN
NaN
NaN
NaN
NaN
NaN
NaN
NaN
NaN
NaN
NaN
NaN
NaN
NaN
NaN
NaN
NaN
NaN
NaN
NaN
NaN
NaN
NaN
NaN
NaN
NaN
NaN
NaN
NaN
NaN
NaN
NaN
NaN
NaN
NaN
NaN
NaN
NaN
NaN
NaN
NaN
NaN
NaN
NaN
NaN
NaN
NaN
NaN
NaN
NaN
NaN
NaN
NaN
NaN
NaN
NaN
NaN
NaN
NaN
NaN
NaN
NaN
NaN
NaN
NaN
NaN
NaN
NaN
NaN
NaN
NaN
NaN
NaN
NaN
NaN
NaN
NaN
NaN
NaN
NaN
NaN
NaN
NaN
NaN
NaN
NaN
NaN
NaN
NaN
NaN
NaN
NaN
NaN
NaN
NaN
NaN
NaN
NaN
NaN
NaN
NaN
NaN
NaN
NaN
NaN
NaN
NaN
NaN
NaN
NaN
NaN
NaN
NaN
NaN
NaN
NaN
NaN
NaN
NaN
NaN
NaN
NaN
NaN
NaN
NaN
NaN
NaN
NaN
NaN
NaN
NaN
NaN
NaN
NaN
NaN
NaN
NaN
NaN
NaN
NaN
NaN
NaN
NaN
NaN
NaN
NaN
NaN
NaN
NaN
NaN
NaN
NaN
NaN
NaN
NaN
NaN
NaN
NaN
NaN
NaN
NaN
NaN
NaN
NaN
NaN
NaN
NaN
NaN
NaN
NaN
NaN
NaN
NaN
NaN
NaN
NaN
NaN
NaN
NaN
NaN
NaN
NaN
NaN
NaN
NaN
NaN
NaN
NaN
NaN
NaN
NaN
NaN
NaN
NaN
NaN
NaN
NaN
NaN
NaN
NaN
NaN
NaN
NaN
NaN
NaN
NaN
NaN
NaN
NaN
NaN
