0.5146992311171416
0.6246042514699229
0.61284486657621
0.6508367254635913
0.5651289009497964
0.6924468566259612
0.5954319312528269
0.6478968792401628
0.621438263229308
0.5922659430122118
0.6616915422885571
0.5970149253731344
0.639981908638625
0.6051560379918589
0.605156037991859
0.6273179556761647
0.589778380823157
0.6560379918588874
0.7168701944821348
0.5741745816372682
0.64880144730891
0.6605608322026232
0.5748530076888286
0.5895522388059702
0.590682948891904
0.6411126187245589
0.7399366802351878
0.5990502035278155
0.6546811397557666
0.6065128900949796
0.6551334237901402
0.6456354590682949
0.6160108548168249
0.5626413387607418
0.6662143826322929
0.64880144730891
0.6510628674807778
0.6223428312980551
0.6286748077792854
0.4613297150610583
0.545906829488919
0.6169154228855722
0.617141564902759
0.643374038896427
0.645409317051108
0.6259611035730438
0.6879240162822253
0.656490275893261
0.6488014473089101
0.6318407960199004
0.5791497060153777
0.682722749886929
0.6944821347806421
0.6637268204432383
0.5945273631840795
0.633649932157395
0.5429669832654906
0.5793758480325645
0.6259611035730439
0.630257801899593
0.642243328810493
0.5714608774310267
0.6182722749886929
0.6451831750339214
0.683853459972863
0.5841248303934871
0.6377204884667572
0.6831750339213026
0.6852103120759837
0.7037539574853008
0.661917684305744
0.624604251469923
0.6447308909995477
0.6743554952510176
0.623699683401176
0.646540027137042
0.6166892808683854
0.5669380370872908
0.6460877431026684
0.683853459972863
0.688150158299412
0.5483943916779738
0.5628674807779285
0.6341022161917684
0.6196291270918137
0.655359565807327
0.6517412935323383
0.5771144278606966
0.6157847127996381
0.6227951153324287
0.7261420171867933
0.6178199909543194
0.6142017186793306
0.6169154228855722
0.5897783808231569
0.705789235639982
0.7103120759837178
0.6472184531886024
0.6275440976933514
0.6596562641338761
0.5967887833559474
0.617141564902759
0.6291270918136589
0.5762098597919493
0.6166892808683855
0.574400723654455
0.6476707372229761
0.670737222976029
0.5995024875621892
0.5852555404794212
0.6506105834464043
0.6438263229308006
0.6897331524197196
0.5133423790140208
0.6182722749886929
0.643374038896427
0.5974672094075081
0.6822704658525555
0.6313885119855269
0.6569425599276346
0.6736770691994572
0.7053369516056084
0.728629579375848
0.6300316598824062
0.5574400723654455
0.6044776119402985
0.6277702397105381
0.6318407960199005
0.6368159203980099
0.6266395296246042
0.7094075079149706
0.5854816824966078
0.5454545454545454
0.6951605608322026
0.5906829488919041
0.6223428312980551
0.6325192220714609
0.6843057440072364
0.6361374943464496
0.6687019448213478
0.6463138851198552
0.5576662143826323
0.6223428312980551
0.687019448213478
0.6266395296246042
0.6775214834916327
0.5976933514246947
0.5680687471732249
0.5861601085481682
0.7254635911352328
0.6508367254635912
0.5472636815920396
0.6938037087290818
0.6022161917684306
0.6449570330167345
0.6657620985979196
0.6901854364540931
0.6967435549525102
0.7514699231117142
0.6356852103120759
0.6270918136589777
0.6180461329715061
0.6560379918588874
0.5927182270465853
0.6162369968340117
0.6494798733604704
0.578697421981004
0.6485753052917231
0.5710085933966532
0.620307553143374
0.576436001809136
0.6691542288557214
0.5429669832654908
0.6108095884215287
0.5662596110357305
0.5637720488466756
0.5988240615106286
0.6166892808683854
0.5895522388059702
0.6702849389416554
0.6189507010402533
0.6553595658073269
0.6677973767526006
0.6334237901402081
0.7539574853007689
0.5594753505201266
0.7311171415649028
0.5965626413387607
0.5456806874717322
0.6700587969244686
0.6049298959746721
0.6325192220714608
0.5961103573043872
0.587743102668476
0.6512890094979648
0.5757575757575757
0.6417910447761194
0.5997286295793759
0.6255088195386702
0.5904568068747174
0.5848032564450475
0.6266395296246042
0.6137494346449571
0.6420171867933062
0.5838986883763003
0.594075079149706
0.6616915422885573
0.6372682044323835
0.6173677069199458
0.5943012211668928
0.7297602894617818
0.5983717774762551
0.6099050203527815
0.6164631388511985
0.6221166892808684
0.6026684758028041
0.7114427860696518
0.6282225237449118
0.5606060606060607
0.5592492085029398
0.6322930800542741
0.622568973315242
0.550429669832655
0.5499773857982814
0.5827679782903664
0.5893260967887833
0.7435549525101763
0.7005879692446857
0.6834011759384894
0.5203527815468114
0.5585707824513796
0.5239710538218002
0.6474445952057892
0.5705563093622795
0.6062867480777928
0.6277702397105381
0.6702849389416555
0.5576662143826323
0.644504748982361
0.665083672546359
0.7159656264133877
0.5649027589326097
0.6279963817277251
0.5823156942559928
0.569877883310719
0.7060153776571686
0.6555857078245139
0.6406603346901855
0.6718679330619629
0.4986431478968792
0.6983265490728178
0.6840796019900497
0.5902306648575305
0.7146087743102668
0.602894617819991
0.6668928086838535
0.6619176843057439
0.6230212573496156
0.6074174581637268
0.5398009950248756
0.6178199909543193
0.6212121212121212
0.5691994572591587
0.5463591135232927
0.680461329715061
0.6800090456806874
0.6589778380823158
0.6037991858887382
0.5574400723654455
0.6329715061058345
0.6307100859339665
0.7051108095884216
0.5780189959294437
0.616010854816825
0.5653550429669832
0.5961103573043872
0.637946630483944
0.6264133876074175
0.6361374943464496
0.6908638625056536
0.6802351876978743
0.523066485753053
0.5450022614201718
0.716644052464948
0.6632745364088647
0.6302578018995929
0.6682496607869742
0.6818181818181819
0.649932157394844
0.6750339213025781
0.627996381727725
0.6962912709181366
0.6488014473089101
0.6212121212121212
0.7044323835368611
0.6804613297150611
0.6293532338308457
0.6047037539574853
0.6546811397557666
0.7118950701040254
0.7369968340117594
0.6331976481230212
0.6144278606965173
0.598597919493442
0.7033016734509272
0.6182722749886929
0.6476707372229761
0.6232473993668024
0.7008141112618724
0.6671189507010401
0.5734961555857079
0.7118950701040253
0.6580732700135685
0.6101311623699683
0.6388511985526911
0.6415649027589325
0.5999547715965626
0.6191768430574401
0.6298055178652193
0.6053821800090456
0.7098597919493442
0.6770691994572592
0.6440524649479874
0.6836273179556761
0.5890999547715966
0.6612392582541836
0.6861148801447309
0.6417910447761194
0.6316146540027137
0.5961103573043872
0.6555857078245139
0.6166892808683854
0.5386702849389416
0.66078697421981
0.669606512890095
0.6616915422885573
0.6815920398009951
0.6494798733604704
0.6949344188150157
0.6974219810040705
0.6700587969244685
0.6395296246042514
0.5628674807779285
0.6723202170963366
0.6218905472636815
0.5714608774310266
0.6971958389868838
0.6246042514699232
0.6594301221166893
0.6558118498417006
0.5343735866123925
0.6042514699231117
0.6187245590230664
0.612618724559023
0.6465400271370421
0.5526910900045228
0.7141564902758932
0.5621890547263683
0.645409317051108
0.6393034825870647
0.573270013568521
0.5872908186341023
0.6347806422433289
0.6142017186793306
0.6781999095431931
0.5897783808231569
0.5366350067842605
0.6166892808683855
0.6458616010854817
0.6436001809136137
0.5870646766169153
0.6311623699683401
0.6019900497512437
0.6071913161465399
0.6567164179104478
0.6818181818181818
0.6386250565355044
0.5872908186341022
0.6987788331071912
0.6126187245590231
0.6411126187245592
0.6488014473089101
0.7130257801899593
0.6820443238353686
0.6533242876526458
0.5545002261420172
0.6508367254635912
0.6533242876526458
0.6463138851198552
0.6910900045228403
0.7648123021257348
0.6501582994120306
0.673903211216644
0.5784712799638172
0.58322026232474
0.6512890094979646
0.6533242876526458
0.637946630483944
0.6540027137042063
0.6560379918588873
0.6300316598824062
0.5728177295341474
0.5825418362731796
0.6639529624604251
0.5949796472184532
0.6221166892808685
0.5574400723654456
0.6148801447308909
0.6524197195838988
0.6644052464947988
0.6815920398009949
0.5689733152419719
0.5897783808231569
0.6393034825870648
0.6578471279963817
0.5520126639529624
0.6246042514699232
0.695838986883763
0.6628222523744912
0.7071460877431026
0.5823156942559927
0.641112618724559
0.6096788783355946
0.6886024423337855
0.5603799185888739
0.4993215739484396
0.6822704658525555
0.7293080054274085
0.5902306648575305
0.6417910447761194
0.7222976028946179
0.7150610583446404
0.5323383084577115
0.6451831750339215
0.6569425599276345
0.5603799185888737
0.6743554952510178
0.6205336951605609
0.6180461329715061
0.6417910447761194
0.5886476707372229
0.6655359565807327
0.7037539574853007
0.6334237901402081
0.6051560379918588
0.6506105834464043
0.6207598371777476
0.6114880144730891
0.6463138851198553
0.6714156490275893
0.6198552691090006
0.6261872455902305
0.6560379918588874
0.6931252826775215
0.6189507010402533
0.7130257801899593
0.644278606965174
0.586386250565355
0.6216644052464949
0.6910900045228403
0.6596562641338761
0.6990049751243781
0.592944369063772
0.6270918136589778
0.6135232926277702
0.7220714608774311
0.6802351876978743
0.629127091813659
0.6456354590682949
0.6424694708276798
0.7085029398462234
0.6449570330167345
0.6666666666666666
0.6374943464495703
0.6313885119855268
0.6610131162369969
0.6336499321573948
0.6377204884667571
0.5633197648123022
0.7127996381727725
0.6542288557213931
0.6381727725011309
0.617141564902759
0.5931705110809589
0.5710085933966531
0.542740841248304
0.6273179556761647
0.5303030303030304
0.639077340569878
0.6689280868385347
0.6596562641338761
0.6668928086838534
0.7053369516056084
0.5556309362279512
0.6273179556761647
0.5549525101763907
0.6567164179104478
0.5314337403889643
0.6166892808683853
0.6309362279511533
0.6529850746268655
0.5646766169154228
0.6800995024875622
0.6079601990049751
0.6748756218905474
0.6713930348258708
0.6166666666666666
0.6052238805970149
0.7253731343283581
0.6629353233830846
0.5365671641791044
0.6064676616915423
0.5726368159203981
0.6544776119402985
0.5706467661691542
0.6912935323383085
0.6243781094527363
0.6649253731343284
0.7146766169154228
0.7293532338308457
0.6355721393034826
0.6574626865671641
0.67363184079602
0.5823383084577113
0.6288557213930348
0.6300995024875622
0.6052238805970149
0.6666666666666666
0.581592039800995
0.5019900497512438
0.5848258706467662
0.681094527363184
0.5522388059701493
0.5950248756218905
0.681592039800995
0.5930348258706467
0.6101990049751244
0.6751243781094527
0.5407960199004974
0.5778606965174129
0.6087064676616916
0.6111940298507463
0.5825870646766169
0.7151741293532339
0.49179104477611946
0.6368159203980099
0.6323383084577114
0.6616915422885572
0.6370646766169155
0.722636815920398
0.5880597014925373
0.6850746268656718
0.644278606965174
0.6106965174129353
0.6631840796019901
0.7116915422885571
0.5898009950248756
0.5415422885572139
0.5582089552238807
0.621641791044776
0.6355721393034826
0.6681592039800994
0.5703980099502488
0.6696517412935323
0.5945273631840796
0.6549751243781093
0.6567164179104479
0.5843283582089552
0.6233830845771144
0.544776119402985
0.5975124378109452
0.659452736318408
0.626865671641791
0.6029850746268657
0.6788557213930347
0.6156716417910448
0.727363184079602
0.6559701492537313
0.5350746268656716
0.6166666666666668
0.5736318407960199
0.5758706467661691
0.6420398009950248
0.6328358208955224
0.6733830845771143
0.6728855721393036
0.672139303482587
0.600995024875622
0.637313432835821
0.7271144278606966
0.5522388059701492
0.5656716417910448
0.5855721393034827
0.5977611940298508
0.6554726368159205
0.5527363184079601
0.522636815920398
0.553233830845771
0.6383084577114428
0.6154228855721393
0.6350746268656715
0.5691542288557214
0.5097014925373134
0.6626865671641792
0.5875621890547265
0.5898009950248756
0.5748756218905473
0.6522388059701492
0.7057213930348258
0.6475124378109454
0.7330845771144279
0.6318407960199004
0.6838308457711444
0.6716417910447762
0.6800995024875622
0.6365671641791045
0.6427860696517412
0.5599502487562189
0.6791044776119403
0.664179104477612
0.6798507462686567
0.5388059701492537
0.6457711442786069
0.6898009950248756
0.6402985074626865
0.65
0.6925373134328359
0.6788557213930348
0.6480099502487564
0.659950248756219
0.5733830845771144
0.6211442786069653
0.5639303482587065
0.6455223880597015
0.7300995024875622
0.718407960199005
0.5761194029850746
0.6181592039800996
0.583084577114428
0.5912935323383086
0.649004975124378
0.7278606965174129
0.668407960199005
0.6654228855721394
0.6156716417910448
0.5340796019900498
0.7350746268656716
0.5761194029850746
0.7335820895522389
0.6343283582089552
0.6733830845771145
0.6203980099502487
0.591044776119403
0.7308457711442787
0.6246268656716418
0.7373134328358208
0.6905472636815919
0.6323383084577114
0.6435323383084578
0.5997512437810946
0.6557213930348258
0.5830845771144278
0.5888059701492538
0.6480099502487564
0.6353233830845771
0.6241293532338308
0.6365671641791044
0.6298507462686567
0.6818407960199006
0.5572139303482586
0.6845771144278607
0.6781094527363183
0.5487562189054727
0.6649253731343284
0.668905472636816
0.6562189054726367
0.6808457711442786
0.618905472636816
0.6569651741293532
0.6022388059701493
0.5833333333333333
0.6868159203980099
0.6273631840796019
0.6895522388059702
0.5661691542288556
0.6798507462686568
0.554228855721393
0.6970149253731343
0.6529850746268657
0.6004975124378109
0.7069651741293532
0.6808457711442786
0.687810945273632
0.6139303482587064
0.6723880597014926
0.6840796019900497
0.6211442786069652
0.5027363184079603
0.6398009950248756
0.5733830845771144
0.6815920398009951
0.7502487562189055
0.5960199004975124
0.7012437810945273
0.7129353233830846
0.6977611940298507
0.7029850746268658
0.6699004975124379
0.6758706467661691
0.6651741293532338
0.6716417910447762
0.6758706467661693
0.5696517412935324
0.6335820895522388
0.559452736318408
0.6529850746268656
0.7189054726368159
0.532089552238806
0.7027363184079602
0.6552238805970149
0.7674129353233832
0.6564676616915424
0.5131840796019901
0.6517412935323383
0.5893034825870649
0.5509950248756219
0.576865671641791
0.5713930348258707
0.6691542288557214
0.5639303482587065
0.6676616915422885
0.6604477611940298
0.5930348258706466
0.5611940298507463
0.6636815920398009
0.5684079601990051
0.6592039800995025
0.7144278606965175
0.6194029850746269
0.6497512437810945
0.568905472636816
0.650497512437811
0.6514925373134328
0.655721393034826
0.7373134328358208
0.717910447761194
0.5422885572139303
0.48855721393034823
0.6514925373134328
0.5952736318407961
NaN
NaN
NaN
NaN
NaN
NaN
NaN
NaN
NaN
NaN
NaN
NaN
NaN
NaN
NaN
NaN
NaN
NaN
NaN
NaN
NaN
NaN
NaN
NaN
NaN
NaN
NaN
NaN
NaN
NaN
NaN
NaN
NaN
NaN
NaN
NaN
NaN
NaN
NaN
NaN
NaN
NaN
NaN
NaN
NaN
NaN
NaN
NaN
NaN
NaN
NaN
NaN
NaN
NaN
NaN
NaN
NaN
NaN
NaN
NaN
NaN
NaN
NaN
NaN
NaN
NaN
NaN
NaN
NaN
NaN
NaN
NaN
NaN
NaN
NaN
NaN
NaN
NaN
NaN
NaN
NaN
NaN
NaN
NaN
NaN
NaN
NaN
NaN
NaN
NaN
NaN
NaN
NaN
NaN
NaN
NaN
NaN
NaN
NaN
NaN
NaN
NaN
NaN
NaN
NaN
NaN
NaN
NaN
NaN
NaN
NaN
NaN
NaN
NaN
NaN
NaN
NaN
NaN
NaN
NaN
NaN
NaN
NaN
NaN
NaN
NaN
NaN
NaN
NaN
NaN
NaN
NaN
NaN
NaN
NaN
NaN
NaN
NaN
NaN
NaN
NaN
NaN
NaN
NaN
NaN
NaN
NaN
NaN
NaN
NaN
NaN
NaN
NaN
NaN
NaN
NaN
NaN
NaN
NaN
NaN
NaN
NaN
NaN
NaN
NaN
NaN
NaN
NaN
NaN
NaN
NaN
NaN
NaN
NaN
NaN
NaN
NaN
NaN
NaN
NaN
NaN
NaN
NaN
NaN
NaN
NaN
NaN
NaN
NaN
NaN
NaN
NaN
NaN
NaN
NaN
NaN
NaN
NaN
NaN
NaN
NaN
NaN
NaN
NaN
NaN
NaN
NaN
NaN
NaN
NaN
NaN
NaN
NaN
NaN
NaN
NaN
NaN
NaN
NaN
NaN
NaN
NaN
NaN
NaN
NaN
NaN
NaN
NaN
NaN
NaN
NaN
NaN
NaN
NaN
NaN
NaN
NaN
NaN
NaN
NaN
NaN
NaN
NaN
NaN
NaN
NaN
NaN
NaN
NaN
NaN
NaN
NaN
NaN
NaN
NaN
NaN
NaN
NaN
NaN
NaN
NaN
NaN
NaN
NaN
NaN
NaN
NaN
NaN
NaN
NaN
NaN
NaN
NaN
NaN
NaN
NaN
NaN
NaN
NaN
NaN
NaN
NaN
NaN
NaN
NaN
NaN
NaN
NaN
NaN
NaN
NaN
NaN
NaN
NaN
NaN
NaN
NaN
NaN
NaN
NaN
NaN
NaN
NaN
NaN
NaN
NaN
NaN
NaN
NaN
NaN
NaN
NaN
NaN
NaN
NaN
NaN
NaN
NaN
NaN
NaN
NaN
NaN
NaN
NaN
NaN
NaN
NaN
NaN
NaN
NaN
NaN
NaN
NaN
NaN
NaN
NaN
NaN
NaN
NaN
NaN
NaN
NaN
NaN
NaN
NaN
NaN
NaN
NaN
NaN
NaN
NaN
NaN
NaN
NaN
NaN
NaN
NaN
NaN
NaN
NaN
NaN
NaN
NaN
NaN
NaN
NaN
NaN
NaN
NaN
NaN
NaN
NaN
NaN
NaN
NaN
NaN
NaN
NaN
NaN
NaN
NaN
NaN
NaN
NaN
NaN
NaN
NaN
NaN
NaN
NaN
NaN
NaN
NaN
NaN
NaN
NaN
NaN
NaN
NaN
NaN
NaN
NaN
NaN
NaN
NaN
NaN
NaN
NaN
NaN
NaN
NaN
NaN
NaN
NaN
NaN
NaN
NaN
NaN
NaN
NaN
NaN
NaN
NaN
NaN
NaN
NaN
NaN
NaN
NaN
NaN
NaN
NaN
NaN
NaN
NaN
NaN
NaN
NaN
NaN
NaN
NaN
NaN
NaN
NaN
NaN
NaN
NaN
NaN
NaN
NaN
NaN
NaN
NaN
NaN
NaN
NaN
NaN
NaN
NaN
NaN
NaN
NaN
NaN
NaN
NaN
NaN
NaN
NaN
NaN
NaN
NaN
NaN
NaN
NaN
NaN
NaN
NaN
NaN
NaN
NaN
NaN
NaN
NaN
NaN
NaN
NaN
NaN
NaN
NaN
NaN
NaN
NaN
NaN
NaN
NaN
NaN
NaN
NaN
NaN
NaN
NaN
NaN
NaN
NaN
NaN
NaN
NaN
NaN
NaN
NaN
NaN
NaN
NaN
NaN
NaN
NaN
NaN
NaN
NaN
NaN
NaN
NaN
NaN
NaN
NaN
NaN
NaN
NaN
NaN
NaN
NaN
NaN
NaN
NaN
NaN
NaN
NaN
NaN
NaN
NaN
NaN
NaN
NaN
NaN
NaN
NaN
NaN
NaN
NaN
NaN
NaN
NaN
NaN
NaN
NaN
NaN
NaN
NaN
NaN
NaN
NaN
NaN
NaN
NaN
NaN
NaN
NaN
NaN
NaN
NaN
NaN
NaN
NaN
NaN
NaN
NaN
NaN
NaN
NaN
NaN
NaN
NaN
NaN
NaN
NaN
NaN
NaN
NaN
NaN
NaN
NaN
NaN
NaN
NaN
NaN
NaN
NaN
NaN
NaN
NaN
NaN
NaN
NaN
NaN
NaN
NaN
NaN
NaN
NaN
NaN
NaN
NaN
NaN
NaN
NaN
NaN
NaN
NaN
NaN
NaN
NaN
NaN
NaN
NaN
NaN
NaN
NaN
NaN
NaN
NaN
NaN
NaN
NaN
NaN
NaN
NaN
NaN
NaN
NaN
NaN
NaN
NaN
NaN
NaN
NaN
NaN
NaN
NaN
NaN
NaN
NaN
NaN
NaN
NaN
NaN
NaN
NaN
NaN
NaN
NaN
NaN
NaN
NaN
NaN
NaN
NaN
NaN
NaN
NaN
NaN
NaN
NaN
NaN
NaN
NaN
NaN
NaN
NaN
NaN
NaN
NaN
NaN
NaN
NaN
NaN
NaN
NaN
NaN
NaN
NaN
NaN
NaN
NaN
NaN
NaN
NaN
NaN
NaN
NaN
NaN
NaN
NaN
NaN
NaN
NaN
NaN
NaN
NaN
NaN
NaN
NaN
NaN
NaN
NaN
NaN
NaN
NaN
NaN
NaN
NaN
NaN
NaN
NaN
NaN
NaN
NaN
NaN
NaN
NaN
NaN
NaN
NaN
NaN
NaN
NaN
NaN
NaN
NaN
NaN
NaN
NaN
NaN
NaN
NaN
NaN
NaN
NaN
NaN
NaN
NaN
NaN
NaN
NaN
NaN
NaN
NaN
NaN
NaN
NaN
NaN
NaN
NaN
NaN
NaN
NaN
NaN
NaN
NaN
NaN
NaN
NaN
NaN
NaN
NaN
NaN
NaN
NaN
NaN
NaN
NaN
NaN
NaN
NaN
NaN
NaN
NaN
NaN
NaN
NaN
NaN
NaN
NaN
NaN
NaN
NaN
NaN
NaN
NaN
NaN
NaN
NaN
NaN
NaN
NaN
NaN
NaN
NaN
NaN
NaN
NaN
NaN
NaN
NaN
NaN
NaN
NaN
NaN
NaN
NaN
NaN
NaN
NaN
NaN
NaN
NaN
NaN
NaN
NaN
NaN
NaN
NaN
NaN
NaN
NaN
NaN
NaN
NaN
NaN
NaN
NaN
NaN
NaN
NaN
NaN
NaN
NaN
NaN
NaN
NaN
NaN
NaN
NaN
NaN
NaN
NaN
NaN
NaN
NaN
NaN
NaN
NaN
NaN
NaN
NaN
NaN
NaN
NaN
NaN
NaN
NaN
NaN
NaN
NaN
NaN
NaN
NaN
NaN
NaN
NaN
NaN
NaN
NaN
NaN
NaN
NaN
NaN
NaN
NaN
NaN
NaN
NaN
NaN
NaN
NaN
NaN
NaN
NaN
NaN
NaN
NaN
NaN
NaN
NaN
NaN
NaN
NaN
NaN
NaN
NaN
NaN
NaN
NaN
NaN
NaN
NaN
NaN
NaN
NaN
NaN
NaN
NaN
NaN
NaN
NaN
NaN
NaN
NaN
NaN
NaN
NaN
NaN
NaN
NaN
NaN
NaN
NaN
NaN
NaN
NaN
NaN
NaN
NaN
NaN
NaN
NaN
NaN
NaN
NaN
NaN
NaN
NaN
NaN
NaN
NaN
NaN
NaN
NaN
NaN
NaN
NaN
NaN
NaN
NaN
NaN
NaN
NaN
NaN
NaN
NaN
NaN
NaN
NaN
NaN
NaN
NaN
NaN
NaN
NaN
NaN
NaN
NaN
NaN
NaN
NaN
NaN
NaN
NaN
NaN
NaN
NaN
NaN
NaN
NaN
NaN
NaN
NaN
NaN
NaN
NaN
NaN
NaN
NaN
NaN
NaN
NaN
NaN
NaN
NaN
NaN
NaN
NaN
NaN
NaN
NaN
NaN
NaN
NaN
NaN
NaN
NaN
NaN
NaN
NaN
NaN
NaN
NaN
NaN
NaN
NaN
NaN
NaN
NaN
NaN
NaN
NaN
NaN
NaN
NaN
NaN
NaN
NaN
NaN
NaN
NaN
NaN
NaN
NaN
NaN
NaN
NaN
NaN
NaN
NaN
NaN
NaN
NaN
NaN
NaN
NaN
NaN
NaN
NaN
NaN
NaN
NaN
NaN
NaN
NaN
NaN
NaN
NaN
NaN
NaN
NaN
NaN
NaN
NaN
NaN
NaN
NaN
NaN
NaN
NaN
NaN
NaN
NaN
NaN
NaN
NaN
NaN
NaN
NaN
NaN
NaN
NaN
NaN
NaN
NaN
NaN
NaN
NaN
NaN
NaN
NaN
NaN
NaN
NaN
NaN
NaN
NaN
NaN
NaN
NaN
NaN
NaN
NaN
NaN
NaN
NaN
NaN
NaN
NaN
NaN
NaN
NaN
NaN
NaN
NaN
NaN
NaN
NaN
NaN
NaN
NaN
NaN
NaN
NaN
NaN
NaN
NaN
NaN
NaN
NaN
NaN
NaN
NaN
NaN
NaN
NaN
NaN
NaN
NaN
NaN
NaN
NaN
NaN
NaN
NaN
NaN
NaN
NaN
NaN
NaN
NaN
NaN
NaN
NaN
NaN
NaN
NaN
NaN
NaN
NaN
NaN
NaN
NaN
NaN
NaN
NaN
NaN
NaN
NaN
NaN
NaN
NaN
NaN
NaN
NaN
NaN
NaN
NaN
NaN
NaN
NaN
NaN
NaN
NaN
NaN
NaN
NaN
NaN
NaN
NaN
NaN
NaN
NaN
NaN
NaN
NaN
NaN
NaN
NaN
NaN
NaN
NaN
NaN
NaN
NaN
NaN
NaN
NaN
NaN
NaN
NaN
NaN
NaN
NaN
NaN
NaN
NaN
NaN
NaN
NaN
NaN
NaN
NaN
NaN
NaN
NaN
NaN
NaN
NaN
NaN
NaN
NaN
NaN
NaN
NaN
NaN
NaN
NaN
NaN
NaN
NaN
NaN
NaN
NaN
NaN
NaN
NaN
NaN
NaN
NaN
NaN
NaN
NaN
NaN
NaN
NaN
NaN
NaN
NaN
NaN
NaN
NaN
NaN
NaN
NaN
NaN
NaN
NaN
NaN
NaN
NaN
NaN
NaN
NaN
NaN
NaN
NaN
NaN
NaN
NaN
NaN
NaN
NaN
NaN
NaN
NaN
NaN
NaN
NaN
NaN
NaN
NaN
NaN
NaN
NaN
NaN
NaN
NaN
NaN
NaN
NaN
NaN
NaN
NaN
NaN
NaN
NaN
NaN
NaN
NaN
NaN
NaN
NaN
NaN
NaN
NaN
NaN
NaN
NaN
NaN
NaN
NaN
NaN
NaN
NaN
NaN
NaN
NaN
NaN
NaN
NaN
NaN
NaN
NaN
NaN
NaN
NaN
NaN
NaN
NaN
NaN
NaN
NaN
NaN
NaN
NaN
NaN
NaN
NaN
NaN
NaN
NaN
NaN
NaN
NaN
NaN
NaN
NaN
NaN
NaN
NaN
NaN
NaN
NaN
NaN
NaN
NaN
NaN
NaN
NaN
NaN
NaN
NaN
NaN
NaN
NaN
NaN
NaN
NaN
NaN
NaN
NaN
NaN
NaN
NaN
NaN
NaN
NaN
NaN
NaN
NaN
NaN
NaN
NaN
NaN
NaN
NaN
NaN
NaN
NaN
NaN
NaN
NaN
NaN
NaN
NaN
NaN
NaN
NaN
NaN
NaN
NaN
NaN
NaN
NaN
NaN
NaN
NaN
NaN
NaN
NaN
NaN
NaN
NaN
NaN
NaN
NaN
NaN
NaN
NaN
NaN
NaN
NaN
NaN
NaN
NaN
NaN
NaN
NaN
NaN
NaN
NaN
NaN
NaN
NaN
NaN
NaN
NaN
NaN
NaN
NaN
NaN
NaN
NaN
NaN
NaN
NaN
NaN
NaN
NaN
NaN
NaN
NaN
NaN
NaN
NaN
NaN
NaN
NaN
NaN
NaN
NaN
NaN
NaN
NaN
NaN
NaN
NaN
NaN
NaN
NaN
NaN
NaN
NaN
NaN
NaN
NaN
NaN
NaN
NaN
NaN
NaN
NaN
NaN
NaN
NaN
NaN
NaN
NaN
NaN
NaN
NaN
NaN
NaN
NaN
NaN
NaN
NaN
NaN
NaN
NaN
NaN
NaN
NaN
NaN
NaN
NaN
NaN
NaN
NaN
NaN
NaN
NaN
NaN
NaN
NaN
NaN
NaN
NaN
NaN
NaN
NaN
NaN
NaN
NaN
NaN
NaN
NaN
NaN
NaN
NaN
NaN
NaN
NaN
NaN
NaN
NaN
NaN
NaN
NaN
NaN
NaN
NaN
NaN
NaN
NaN
NaN
NaN
NaN
NaN
NaN
NaN
NaN
NaN
NaN
NaN
NaN
NaN
NaN
NaN
NaN
NaN
NaN
NaN
NaN
NaN
NaN
NaN
NaN
NaN
NaN
NaN
NaN
NaN
NaN
NaN
NaN
NaN
NaN
NaN
NaN
NaN
NaN
NaN
NaN
NaN
NaN
NaN
NaN
NaN
NaN
NaN
NaN
NaN
NaN
NaN
NaN
NaN
NaN
NaN
NaN
NaN
NaN
NaN
NaN
NaN
NaN
NaN
NaN
NaN
NaN
NaN
NaN
NaN
NaN
NaN
NaN
NaN
NaN
NaN
NaN
NaN
NaN
NaN
NaN
NaN
NaN
NaN
NaN
NaN
NaN
NaN
NaN
NaN
NaN
NaN
NaN
NaN
NaN
NaN
NaN
NaN
NaN
NaN
NaN
NaN
NaN
NaN
NaN
NaN
NaN
NaN
NaN
NaN
NaN
NaN
NaN
NaN
NaN
NaN
NaN
NaN
NaN
NaN
NaN
NaN
NaN
NaN
NaN
NaN
NaN
NaN
NaN
NaN
NaN
NaN
NaN
NaN
NaN
NaN
NaN
NaN
NaN
NaN
NaN
NaN
NaN
NaN
NaN
NaN
NaN
NaN
NaN
NaN
NaN
NaN
NaN
NaN
NaN
NaN
NaN
NaN
NaN
NaN
NaN
NaN
NaN
NaN
NaN
NaN
NaN
NaN
NaN
NaN
NaN
NaN
NaN
NaN
NaN
NaN
NaN
NaN
NaN
NaN
NaN
NaN
NaN
