0.044444444444444446
0.0707070707070707
0.06464646464646465
0.18383838383838386
0.2121212121212121
0.1676767676767677
0.14545454545454545
0.1717171717171717
0.1616161616161616
0.15151515151515155
0.16363636363636364
0.1696969696969697
0.3191919191919192
0.2828282828282829
0.2363636363636364
0.19393939393939394
0.12727272727272726
0.16767676767676767
0.10707070707070707
0.20404040404040402
0.13737373737373737
0.1676767676767677
0.3292929292929293
0.13535353535353536
0.1090909090909091
0.3393939393939394
0.3434343434343434
0.31717171717171716
0.11313131313131315
0.4121212121212121
0.37979797979797975
0.27878787878787875
0.16363636363636364
0.2
0.14747474747474748
0.23838383838383836
0.25656565656565655
0.3070707070707071
0.30505050505050507
0.3656565656565657
0.2545454545454545
0.3555555555555555
0.2121212121212121
0.3656565656565657
0.3616161616161616
0.18585858585858586
0.23434343434343435
0.2606060606060606
0.202020202020202
0.3151515151515151
0.30101010101010106
0.3757575757575758
0.29494949494949496
0.20202020202020204
0.29898989898989903
0.07878787878787878
0.15353535353535355
0.21414141414141413
0.13535353535353536
0.18383838383838386
0.21010101010101012
0.25656565656565655
0.15151515151515152
0.17575757575757575
0.29292929292929293
0.21818181818181817
0.17575757575757575
0.29292929292929293
0.28888888888888886
0.12323232323232322
0.2767676767676767
0.3717171717171717
0.2606060606060606
0.30505050505050507
0.45858585858585854
0.36969696969696975
0.27474747474747474
0.23232323232323235
0.27676767676767683
0.4141414141414142
0.28080808080808084
0.29696969696969694
0.24848484848484848
0.22828282828282834
0.27272727272727276
0.1595959595959596
0.13535353535353534
0.1797979797979798
0.24242424242424243
0.11717171717171719
0.2060606060606061
0.1494949494949495
0.3292929292929293
0.1090909090909091
0.2707070707070707
0.2444444444444444
0.3212121212121212
0.4040404040404041
0.3090909090909091
0.18585858585858586
0.2181818181818182
0.29292929292929293
0.29292929292929293
0.12525252525252525
0.28484848484848485
0.45656565656565656
0.39191919191919194
0.33939393939393936
0.16565656565656567
0.1393939393939394
0.19595959595959594
0.29292929292929293
0.30505050505050507
0.34141414141414145
0.2787878787878788
0.391919191919192
0.3151515151515151
0.23838383838383836
0.36363636363636365
0.1595959595959596
0.2303030303030303
0.25656565656565655
0.21010101010101007
0.4525252525252525
0.24646464646464644
0.3292929292929293
0.3373737373737374
0.2808080808080808
0.25656565656565655
0.25656565656565655
0.18181818181818182
0.30101010101010106
0.2707070707070708
0.19595959595959594
0.35555555555555557
0.22626262626262625
0.2727272727272727
0.2080808080808081
0.22222222222222224
0.26262626262626265
0.2
0.32525252525252524
0.19595959595959597
0.12525252525252525
0.30707070707070705
0.2848484848484848
0.13535353535353534
0.20606060606060606
0.17575757575757575
0.13737373737373737
0.23636363636363633
0.19393939393939394
0.26060606060606056
0.28686868686868683
0.3838383838383838
0.4505050505050504
0.41818181818181827
0.3656565656565657
0.19595959595959597
0.2525252525252525
0.23232323232323235
0.21010101010101012
0.3595959595959596
0.4828282828282828
0.3151515151515151
0.298989898989899
0.3595959595959596
0.41010101010101013
0.4424242424242424
0.3151515151515151
0.3373737373737374
0.2727272727272727
0.16565656565656567
0.2
0.19393939393939394
0.19393939393939394
0.20404040404040408
0.2686868686868687
0.4303030303030303
0.21616161616161617
0.27272727272727276
0.30505050505050507
0.2909090909090909
0.44646464646464645
0.29292929292929293
0.305050505050505
0.30505050505050507
0.32727272727272727
0.3595959595959596
0.37373737373737376
0.4040404040404041
0.3535353535353535
0.39191919191919194
0.1393939393939394
0.17777777777777776
0.1575757575757576
0.1333333333333333
0.15353535353535358
0.23434343434343435
0.18787878787878787
0.2
0.14747474747474745
0.15757575757575756
0.14747474747474748
0.12121212121212122
0.24646464646464644
0.16161616161616163
0.1717171717171717
0.1292929292929293
0.15151515151515155
0.11313131313131312
0.09696969696969697
0.11313131313131312
0.14747474747474748
0.16969696969696968
0.2787878787878788
0.30303030303030304
0.12727272727272726
0.11515151515151514
0.10101010101010102
0.09494949494949495
0.17575757575757575
0.08686868686868686
0.2808080808080808
0.07474747474747476
0.03636363636363636
0.08686868686868687
0.19797979797979798
0.18585858585858586
0.12323232323232322
0.13939393939393938
0.21010101010101007
0.09696969696969697
0.07676767676767678
0.18585858585858586
0.21010101010101007
0.24242424242424238
0.2585858585858586
0.21616161616161617
0.2606060606060606
0.2121212121212121
0.2202020202020202
0.25656565656565655
0.2202020202020202
0.28888888888888886
0.24242424242424243
0.27070707070707073
0.30303030303030304
0.13131313131313133
0.21818181818181817
0.22828282828282828
0.08484848484848484
0.101010101010101
0.1676767676767677
0.14747474747474748
0.1393939393939394
0.08080808080808081
0.07676767676767678
0.06464646464646465
0.1393939393939394
0.20202020202020204
0.12525252525252525
0.12121212121212122
0.23838383838383842
0.2767676767676767
0.2262626262626263
0.18585858585858586
0.2787878787878788
0.15151515151515152
0.1676767676767677
0.1797979797979798
0.18181818181818182
0.2464646464646465
0.23434343434343435
0.1797979797979798
0.056565656565656576
0.12525252525252523
0.11919191919191921
0.16565656565656567
0.15151515151515152
0.1696969696969697
0.14949494949494951
0.10101010101010102
0.11717171717171715
0.15353535353535355
0.09494949494949495
0.08484848484848484
0.12323232323232325
0.06464646464646465
0.1595959595959596
0.14747474747474745
0.14747474747474748
0.15353535353535355
0.08888888888888888
0.17373737373737375
0.1515151515151515
0.13535353535353536
0.20202020202020204
0.2585858585858586
0.21616161616161617
0.05858585858585859
0.11515151515151516
0.07474747474747476
0.16363636363636364
0.18181818181818182
0.2606060606060606
0.19595959595959594
0.2202020202020202
0.16767676767676767
0.21010101010101012
0.3191919191919192
0.1292929292929293
0.15353535353535355
0.3070707070707071
0.2787878787878788
0.08686868686868687
0.15353535353535355
0.09494949494949495
0.10303030303030303
0.08686868686868686
0.2121212121212121
0.19393939393939394
0.2
0.23838383838383842
0.23838383838383842
0.2141414141414142
0.15555555555555556
0.1717171717171717
0.10303030303030306
0.14949494949494951
0.2080808080808081
0.22222222222222224
0.2545454545454546
0.1797979797979798
0.09292929292929294
0.19999999999999998
0.2747474747474748
0.3616161616161616
0.2141414141414141
0.26868686868686875
0.18989898989898987
0.2767676767676768
0.14545454545454545
0.23838383838383842
0.21010101010101012
0.15757575757575756
0.29898989898989903
0.22626262626262625
0.14141414141414138
0.2262626262626263
0.1616161616161616
0.19393939393939394
0.2363636363636364
0.3434343434343434
0.15555555555555556
0.2505050505050505
0.30707070707070716
0.2505050505050505
0.23434343434343435
0.31313131313131315
0.2202020202020202
0.32727272727272727
0.44848484848484854
0.27070707070707073
0.23434343434343435
0.1313131313131313
0.16969696969696973
0.3616161616161616
0.3454545454545455
0.13333333333333336
0.18585858585858586
0.12121212121212119
0.1676767676767677
0.1494949494949495
0.33131313131313134
0.2909090909090909
0.10909090909090909
0.28888888888888886
0.14949494949494951
0.14343434343434341
0.18383838383838383
0.2202020202020202
0.2303030303030303
0.39191919191919194
0.2686868686868687
0.2808080808080808
0.21818181818181817
0.14747474747474748
0.2909090909090909
0.20202020202020204
0.32525252525252524
0.2303030303030303
0.19797979797979798
0.1393939393939394
0.10909090909090909
0.11313131313131315
0.2404040404040404
0.3151515151515151
0.2606060606060606
0.2888888888888889
0.34545454545454546
0.08282828282828283
0.17373737373737375
0.09696969696969697
0.17373737373737375
0.1717171717171717
0.020202020202020204
0.13333333333333336
0.1717171717171717
0.2545454545454545
0.15151515151515152
0.1616161616161616
0.2464646464646465
0.2464646464646465
0.08686868686868687
0.23434343434343435
0.1393939393939394
0.12323232323232325
0.19393939393939394
0.1898989898989899
0.1797979797979798
0.22626262626262625
0.1515151515151515
0.13333333333333336
0.08888888888888889
0.1696969696969697
0.10303030303030303
0.29292929292929293
0.12727272727272726
0.07676767676767676
0.23232323232323235
0.305050505050505
0.48484848484848486
0.3676767676767677
0.2868686868686869
0.2909090909090909
0.3434343434343434
0.22222222222222224
0.21414141414141413
0.3151515151515151
0.48686868686868684
0.22424242424242427
0.1696969696969697
0.33535353535353535
0.2505050505050505
0.3454545454545455
0.08282828282828283
0.2262626262626263
0.23232323232323232
0.32929292929292925
0.2181818181818182
0.31717171717171716
0.3414141414141414
0.2464646464646465
0.16565656565656567
0.1414141414141414
0.31313131313131315
0.1898989898989899
0.10909090909090909
0.296969696969697
0.3292929292929293
0.3555555555555555
0.2747474747474748
0.17575757575757572
0.12727272727272726
0.11111111111111112
0.2262626262626263
0.18383838383838386
0.17575757575757575
0.3535353535353535
0.25656565656565655
0.2767676767676768
0.2505050505050505
0.06464646464646465
0.29898989898989903
0.2909090909090909
0.1919191919191919
0.2787878787878788
0.16969696969696968
0.27474747474747474
0.23232323232323232
0.3030303030303031
0.24444444444444446
0.2202020202020202
0.17575757575757578
0.13333333333333336
0.25252525252525254
0.1797979797979798
0.20202020202020204
0.15353535353535355
0.3151515151515151
0.19797979797979798
0.2828282828282828
0.26262626262626265
0.24444444444444446
0.32121212121212117
0.2767676767676768
0.2121212121212121
0.22626262626262625
0.24848484848484848
0.3070707070707071
0.2505050505050505
0.2686868686868687
0.2727272727272727
0.19797979797979798
0.1292929292929293
0.19797979797979798
0.16565656565656567
0.26666666666666666
0.30909090909090914
0.3070707070707071
0.23232323232323232
0.29292929292929293
0.298989898989899
0.38383838383838387
0.25050505050505045
0.2606060606060606
0.21212121212121215
0.3353535353535354
0.3070707070707071
0.3939393939393939
0.2727272727272727
0.397979797979798
0.5232323232323232
0.498989898989899
0.26464646464646463
0.3070707070707071
0.27070707070707073
0.24646464646464644
0.1414141414141414
0.44848484848484854
0.24444444444444446
0.30303030303030304
0.3151515151515151
0.2686868686868687
0.12323232323232322
0.31111111111111106
0.35151515151515156
0.3474747474747475
0.43636363636363634
0.24646464646464644
0.24646464646464644
0.296969696969697
0.2505050505050505
0.17575757575757575
0.16565656565656567
0.29696969696969694
0.34545454545454546
0.29292929292929293
0.21818181818181817
0.29898989898989903
0.1595959595959596
0.29494949494949496
0.34545454545454546
0.2888888888888889
0.43434343434343436
0.42828282828282827
0.2808080808080808
0.49090909090909085
0.3595959595959596
0.28080808080808084
0.24242424242424243
0.28484848484848485
0.17171717171717174
0.2545454545454545
0.2141414141414142
0.20808080808080803
0.15757575757575756
0.1595959595959596
0.1616161616161616
0.29292929292929293
0.2262626262626263
0.2525252525252525
0.19797979797979798
0.31717171717171716
0.296969696969697
0.17171717171717174
0.23434343434343435
0.13333333333333333
0.27474747474747474
0.22222222222222224
0.22424242424242422
0.3717171717171717
0.29898989898989903
0.1919191919191919
0.15555555555555556
0.13131313131313133
0.37777777777777777
0.4161616161616162
0.31111111111111106
0.301010101010101
0.20404040404040402
0.31717171717171716
0.2666666666666667
0.20808080808080803
0.13737373737373737
0.2606060606060606
0.3575757575757576
0.1878787878787879
0.17575757575757575
0.3434343434343434
0.2303030303030303
0.1797979797979798
0.3474747474747475
0.2121212121212121
0.3171717171717172
0.18383838383838386
0.2646464646464647
0.2363636363636364
0.2686868686868687
0.3333333333333333
0.3555555555555555
0.25656565656565655
0.28686868686868683
0.1919191919191919
0.3191919191919192
0.18383838383838386
0.23636363636363633
0.20606060606060606
0.23232323232323235
0.21010101010101012
0.2686868686868687
0.11717171717171718
0.21616161616161617
0.20606060606060606
0.14949494949494951
0.11515151515151516
0.24646464646464644
0.14141414141414138
0.23030303030303031
0.28686868686868683
0.2080808080808081
0.37979797979797986
0.28686868686868683
0.35757575757575755
0.3414141414141414
0.25656565656565655
0.2707070707070707
0.31515151515151524
0.28080808080808084
0.3292929292929293
0.2686868686868687
0.18787878787878787
0.27474747474747474
0.2404040404040404
0.24444444444444446
0.3111111111111111
0.2828282828282828
0.32525252525252524
0.34949494949494947
0.25656565656565655
0.3474747474747475
0.3353535353535354
0.24848484848484848
0.18585858585858586
0.09292929292929293
0.16767676767676767
0.17575757575757575
0.27474747474747474
0.3595959595959596
0.1878787878787879
0.3373737373737374
0.34949494949494947
0.296969696969697
0.38181818181818183
0.4121212121212121
0.20404040404040402
0.2525252525252525
0.22828282828282828
0.30303030303030304
0.305050505050505
0.33131313131313134
0.22828282828282828
0.28080808080808084
0.3777777777777778
0.23030303030303031
0.3555555555555555
0.10303030303030303
0.2545454545454545
0.17575757575757575
0.2888888888888889
0.24848484848484853
0.397979797979798
0.34141414141414145
0.30505050505050507
0.2828282828282828
0.3090909090909091
0.41818181818181815
0.41010101010101013
0.4303030303030303
0.36363636363636365
0.43636363636363634
0.2767676767676768
0.2404040404040404
0.18989898989898993
0.25252525252525254
0.24242424242424243
0.17777777777777776
0.09494949494949494
0.2121212121212121
0.25252525252525254
0.305050505050505
0.2505050505050505
0.2828282828282829
0.2646464646464647
0.2727272727272727
0.14949494949494951
0.36969696969696975
0.3414141414141414
0.3878787878787878
0.3838383838383838
0.33131313131313134
0.2585858585858586
0.19797979797979798
0.24646464646464644
0.24444444444444446
0.26868686868686875
0.16363636363636364
0.16969696969696973
0.296969696969697
0.24848484848484853
0.2080808080808081
0.3050505050505051
0.2686868686868687
0.18181818181818182
0.3838383838383838
0.12323232323232325
0.28080808080808084
0.1090909090909091
0.1696969696969697
0.20404040404040408
0.15353535353535355
0.23838383838383836
0.23232323232323235
0.1292929292929293
0.13939393939393938
0.21010101010101012
0.1292929292929293
0.10707070707070707
0.19595959595959597
0.1676767676767677
0.21010101010101007
0.1777777777777778
0.13535353535353536
0.32525252525252524
0.22828282828282828
0.11313131313131315
0.13737373737373737
0.17575757575757572
0.24646464646464644
0.2909090909090909
0.20404040404040408
0.22828282828282828
0.296969696969697
0.3232323232323232
0.15757575757575756
0.12727272727272726
0.22222222222222218
0.18181818181818182
0.3333333333333333
0.24848484848484848
0.21414141414141413
0.26262626262626265
0.2707070707070707
0.2444444444444444
0.41010101010101013
0.402020202020202
0.4222222222222222
0.1797979797979798
0.1535353535353535
0.25252525252525254
0.12525252525252525
0.23030303030303031
0.2363636363636364
0.2121212121212121
0.30303030303030304
0.3151515151515151
0.3111111111111111
0.14343434343434341
0.16767676767676767
0.16565656565656567
0.23838383838383842
0.22828282828282834
0.09494949494949495
0.21616161616161614
0.2
0.09898989898989899
0.1919191919191919
0.22222222222222224
0.22828282828282825
0.32323232323232326
0.06868686868686869
0.2545454545454545
0.22222222222222224
0.14545454545454545
0.25252525252525254
0.11111111111111112
0.2080808080808081
0.2545454545454545
0.23636363636363633
0.21717171717171718
0.2601010101010101
0.07323232323232323
0.1388888888888889
0.053030303030303025
0.09595959595959597
0.16666666666666666
0.2196969696969697
0.05808080808080808
0.08585858585858586
0.13636363636363635
0.05050505050505051
0.0707070707070707
0.04797979797979798
0.045454545454545456
0.027777777777777776
0.26262626262626265
0.2373737373737374
0.24242424242424243
0.18686868686868685
0.12373737373737374
0.18939393939393942
0.23989898989898986
0.27525252525252525
0.18686868686868685
0.25
0.25252525252525254
0.24242424242424243
0.3106060606060606
0.06818181818181819
0.20454545454545453
0.1893939393939394
0.2474747474747475
0.18434343434343436
0.3080808080808081
0.32575757575757575
0.32323232323232326
0.43939393939393945
0.3106060606060606
0.24494949494949497
0.27272727272727276
0.17676767676767677
0.3106060606060606
0.17929292929292928
0.22222222222222224
0.1893939393939394
0.3333333333333333
0.16666666666666666
0.29292929292929293
0.13636363636363635
0.09848484848484848
0.14646464646464646
0.05050505050505051
0.12373737373737374
0.16666666666666666
0.10858585858585858
0.26515151515151514
0.1590909090909091
0.3207070707070707
0.37626262626262624
0.5353535353535354
0.5454545454545455
0.41414141414141414
0.4393939393939394
0.4595959595959596
0.47222222222222227
0.255050505050505
0.07828282828282829
0.14646464646464646
0.07323232323232323
0.22474747474747475
0.09595959595959597
0.351010101010101
0.17929292929292928
0.21212121212121215
0.2196969696969697
0.25252525252525254
0.24242424242424243
0.20202020202020204
0.29545454545454547
0.16666666666666666
0.15656565656565657
0.1792929292929293
0.26515151515151514
0.2601010101010101
0.21717171717171715
0.053030303030303025
0.06060606060606061
0.07828282828282829
0.17424242424242425
0.3762626262626263
0.11111111111111112
0.28787878787878785
0.18686868686868685
0.39141414141414144
0.2095959595959596
0.25757575757575757
0.09848484848484848
0.012626262626262626
0.14646464646464646
0.08333333333333334
0.1111111111111111
0.10858585858585859
0.07828282828282829
0.16161616161616163
0.16919191919191917
0.2601010101010101
0.3712121212121212
0.3080808080808081
0.0707070707070707
0.22727272727272727
0.2929292929292929
0.3787878787878788
0.3358585858585859
0.10101010101010101
0.08838383838383837
0.13383838383838384
0.1893939393939394
0.1994949494949495
0.21464646464646464
0.18181818181818182
0.1616161616161616
0.148989898989899
0.11363636363636363
0.25757575757575757
0.08333333333333334
0.1388888888888889
0.2676767676767677
0.30808080808080807
0.2550505050505051
0.12626262626262627
0.2676767676767677
0.15404040404040406
0.19191919191919193
0.25757575757575757
0.23737373737373735
0.11363636363636365
0.07070707070707072
0.12878787878787878
0.3207070707070707
0.11868686868686869
0.33080808080808083
0.3207070707070707
0.3686868686868687
0.20959595959595959
0.23232323232323232
0.31313131313131315
0.356060606060606
0.1717171717171717
0.196969696969697
0.2727272727272727
0.11111111111111112
0.1893939393939394
0.26767676767676774
0.20454545454545456
0.13131313131313133
0.20707070707070704
0.18434343434343436
0.15151515151515152
0.2904040404040404
0.22727272727272727
0.24747474747474746
0.2954545454545454
0.3333333333333333
0.08585858585858586
0.15151515151515152
0.21464646464646464
0.2702020202020202
0.28535353535353536
0.44696969696969696
0.2398989898989899
0.27525252525252525
0.26010101010101006
0.10858585858585859
0.21464646464646464
0.2550505050505051
0.4747474747474747
0.37626262626262624
0.23232323232323232
0.18939393939393936
0.21717171717171718
0.1994949494949495
0.20202020202020204
0.2878787878787879
0.11868686868686869
0.10353535353535354
0.29797979797979796
0.1893939393939394
0.0808080808080808
0.1994949494949495
0.25
0.32323232323232326
0.26515151515151514
0.18434343434343436
0.33080808080808083
0.38636363636363635
0.2676767676767677
0.15151515151515152
0.28535353535353536
0.3585858585858586
0.3813131313131313
0.24242424242424243
0.35353535353535354
0.36363636363636365
0.3611111111111111
0.37373737373737376
0.3181818181818182
0.34595959595959597
0.31565656565656564
0.11363636363636363
0.3611111111111111
0.29545454545454547
0.20202020202020202
0.22474747474747475
0.17929292929292928
0.20202020202020202
0.4191919191919192
0.32575757575757575
0.3257575757575758
0.398989898989899
0.14141414141414144
0.06818181818181818
0.17929292929292928
0.05808080808080809
0.11111111111111112
0.17676767676767677
0.3282828282828283
0.2196969696969697
0.21969696969696972
0.10353535353535354
0.17676767676767677
0.17424242424242425
0.24242424242424243
0.11111111111111112
0.21464646464646464
0.1717171717171717
0.2121212121212121
0.20454545454545456
0.29040404040404044
0.050505050505050504
0.19696969696969696
0.13131313131313133
0.14393939393939392
0.06565656565656566
0.13131313131313133
0.3005050505050505
0.14393939393939392
0.18686868686868685
0.1414141414141414
0.21212121212121213
0.21969696969696972
0.09595959595959597
0.31565656565656564
0.1590909090909091
0.18434343434343436
0.23484848484848486
0.12373737373737374
0.1691919191919192
0.22474747474747475
0.1616161616161616
0.1616161616161616
0.2398989898989899
0.16666666666666666
0.23232323232323232
0.27525252525252525
0.19696969696969696
0.2954545454545454
0.2828282828282828
0.3232323232323232
0.15656565656565655
0.05303030303030303
0.07070707070707072
0.05808080808080808
0.11616161616161617
0.13383838383838384
0.148989898989899
0.11616161616161616
0.14646464646464646
0.19444444444444445
0.2904040404040404
0.3005050505050505
0.5050505050505051
0.19444444444444445
0.23737373737373738
0.17424242424242425
0.23989898989898994
0.22979797979797983
0.21717171717171718
0.19191919191919193
0.45707070707070707
0.3611111111111111
0.27525252525252525
0.18434343434343436
0.41414141414141414
0.4015151515151515
0.3232323232323232
0.31313131313131315
0.255050505050505
0.23989898989898992
0.2702020202020202
0.27525252525252525
0.19696969696969696
0.2954545454545454
0.22727272727272727
0.36363636363636365
0.22727272727272727
0.2398989898989899
0.31313131313131315
0.24242424242424243
0.2196969696969697
0.34595959595959597
0.25
0.1414141414141414
0.21717171717171715
0.30303030303030304
0.17171717171717168
0.09848484848484848
0.07323232323232323
0.03282828282828283
0.13636363636363635
0.16414141414141414
0.42929292929292934
0.19191919191919193
0.25757575757575757
0.20202020202020202
0.2373737373737374
0.11363636363636365
0.05303030303030303
0.21717171717171718
0.10101010101010101
0.24242424242424243
0.11868686868686869
0.19191919191919193
0.27525252525252525
0.3787878787878788
0.36616161616161613
0.351010101010101
0.34595959595959597
0.3762626262626263
0.1919191919191919
0.20202020202020202
0.16919191919191917
0.39141414141414144
0.09090909090909091
0.2626262626262626
0.2803030303030303
0.3787878787878788
0.23232323232323232
0.2828282828282829
0.29292929292929293
0.2601010101010101
0.31313131313131315
0.29545454545454547
0.20202020202020202
0.148989898989899
0.196969696969697
0.1414141414141414
0.2777777777777778
0.39646464646464646
0.31313131313131315
0.30808080808080807
0.1515151515151515
0.28535353535353536
0.18181818181818182
0.15404040404040403
0.3939393939393939
0.4292929292929293
0.41666666666666663
0.1919191919191919
0.2727272727272727
0.26262626262626265
0.3282828282828283
0.2525252525252525
0.3888888888888889
0.3282828282828283
0.31313131313131315
0.27525252525252525
0.3106060606060606
0.2904040404040404
0.2398989898989899
0.32575757575757575
0.22474747474747475
0.3207070707070707
0.3611111111111111
0.3308080808080808
0.3939393939393939
0.3055555555555556
0.2550505050505051
0.51010101010101
0.4444444444444444
0.42424242424242425
0.23484848484848486
0.29040404040404044
0.2171717171717172
0.4015151515151515
0.5176767676767677
0.5202020202020202
0.5176767676767677
0.4090909090909091
0.24242424242424243
0.29545454545454547
0.22979797979797978
0.24747474747474746
0.12373737373737374
0.15404040404040403
0.12121212121212123
0.10606060606060606
0.2272727272727273
0.11868686868686869
0.12373737373737374
0.12626262626262627
0.08333333333333333
0.06060606060606061
0.17424242424242425
0.12121212121212122
0.10858585858585859
0.0707070707070707
0.022727272727272728
0.1287878787878788
0.08585858585858586
0.25757575757575757
0.18686868686868688
0.16666666666666669
0.3055555555555556
0.2702020202020202
0.18434343434343434
0.2398989898989899
0.3106060606060606
0.18181818181818182
0.31313131313131315
0.20202020202020202
0.20454545454545453
0.2803030303030303
0.2601010101010101
0.2297979797979798
0.3939393939393939
0.2727272727272727
0.3308080808080808
0.3207070707070707
0.21212121212121213
0.16919191919191917
0.17676767676767677
0.08585858585858587
0.18686868686868688
0.05808080808080808
0.2727272727272727
0.2828282828282828
0.1590909090909091
0.14141414141414144
0.21464646464646464
0.25757575757575757
0.28787878787878785
0.3181818181818182
0.20202020202020202
0.12878787878787878
0.255050505050505
0.32323232323232326
0.303030303030303
0.06818181818181819
0.19696969696969696
0.2601010101010101
0.2702020202020202
0.3333333333333333
0.12626262626262627
0.18434343434343436
0.2550505050505051
0.05303030303030303
0.08333333333333333
0.11616161616161616
0.17929292929292925
0.20707070707070707
0.09090909090909091
0.11363636363636363
0.1792929292929293
0.1843434343434343
0.2474747474747475
0.13636363636363635
0.16414141414141414
0.09848484848484848
0.17929292929292928
0.16919191919191917
0.3459595959595959
0.2676767676767677
0.06818181818181818
0.3207070707070707
0.3156565656565657
0.33333333333333337
0.3181818181818182
0.2272727272727273
0.36868686868686873
0.24494949494949492
0.28535353535353536
0.3560606060606061
0.25252525252525254
0.13383838383838384
0.1590909090909091
0.1818181818181818
0.2095959595959596
0.4393939393939394
0.22979797979797978
0.35101010101010105
0.28787878787878785
0.22474747474747475
0.3232323232323232
0.24242424242424243
0.20202020202020202
0.303030303030303
0.10606060606060606
0.20707070707070707
0.15151515151515152
0.12121212121212122
0.12626262626262627
0.06818181818181818
0.1262626262626263
0.09595959595959597
0.09848484848484848
0.20454545454545456
0.2651515151515151
0.3131313131313131
0.23232323232323232
0.148989898989899
0.18181818181818182
0.1994949494949495
0.13383838383838384
0.1717171717171717
0.09595959595959595
0.18181818181818182
0.1792929292929293
0.23232323232323232
0.1717171717171717
0.15909090909090912
0.18939393939393942
0.23484848484848483
0.09090909090909091
0.2904040404040404
0.30808080808080807
0.1893939393939394
0.19696969696969696
0.4823232323232323
0.23484848484848486
0.1388888888888889
0.29545454545454547
0.20707070707070707
0.16666666666666669
0.1388888888888889
0.05555555555555555
0.14393939393939395
0.14393939393939395
0.1717171717171717
0.26262626262626265
0.1717171717171717
0.14898989898989898
0.26515151515151514
0.2297979797979798
0.20959595959595959
0.15404040404040403
0.17171717171717174
0.17676767676767677
0.24494949494949497
0.1767676767676768
0.23484848484848483
0.19444444444444448
0.13383838383838384
0.2878787878787879
0.2474747474747475
0.2702020202020202
0.3232323232323232
0.2297979797979798
0.36363636363636365
0.20454545454545456
0.12626262626262627
0.16414141414141414
0.14393939393939395
0.21464646464646464
0.14898989898989898
0.09090909090909091
0.17929292929292928
0.1616161616161616
0.2777777777777778
0.25
0.15656565656565657
0.3686868686868687
0.23737373737373738
0.14393939393939395
0.08585858585858586
0.15404040404040403
0.20454545454545453
0.1792929292929293
0.2954545454545454
0.29797979797979796
0.3106060606060606
0.32323232323232326
0.20707070707070707
0.1994949494949495
0.2398989898989899
0.27525252525252525
0.24494949494949497
0.3863636363636364
0.37626262626262624
0.3080808080808081
0.5
0.35858585858585856
0.1388888888888889
0.20454545454545453
0.32575757575757575
0.2828282828282828
0.16666666666666666
0.19444444444444445
0.2398989898989899
0.2878787878787879
0.07828282828282829
0.23484848484848483
0.4065656565656566
0.3207070707070707
0.19696969696969696
0.1919191919191919
0.24242424242424243
0.11868686868686867
0.08585858585858586
0.12373737373737374
0.15656565656565657
0.13383838383838384
0.13888888888888887
0.19191919191919193
0.1616161616161616
0.21464646464646467
0.1994949494949495
0.22474747474747475
0.2474747474747475
0.33585858585858586
0.27272727272727276
0.30303030303030304
0.32575757575757575
0.1919191919191919
0.14646464646464644
0.2601010101010101
0.2777777777777778
0.27020202020202017
0.14646464646464646
0.08585858585858586
0.21717171717171718
0.07323232323232323
0.07575757575757576
0.1792929292929293
0.23484848484848486
0.3207070707070707
0.2222222222222222
0.25252525252525254
0.37626262626262624
0.148989898989899
0.06313131313131314
0.24494949494949497
0.32575757575757575
0.40909090909090906
0.47474747474747475
0.42424242424242425
0.2828282828282829
0.10101010101010101
0.1818181818181818
0.3055555555555555
0.1792929292929293
0.1414141414141414
0.0808080808080808
0.25
0.3055555555555556
0.3535353535353535
0.3611111111111111
0.2626262626262626
0.33333333333333337
0.37373737373737376
0.34090909090909094
0.2954545454545454
0.15151515151515155
0.17929292929292928
0.09848484848484848
0.23232323232323232
0.2601010101010101
0.20959595959595959
0.3383838383838384
0.10858585858585858
0.10606060606060606
0.15656565656565657
0.14141414141414144
0.0984848484848485
0.1212121212121212
0.0707070707070707
0.13383838383838384
0.05808080808080808
0.03282828282828283
0.12626262626262627
0.012626262626262628
0.15151515151515152
0.2575757575757576
0.13383838383838384
0.19696969696969696
0.08333333333333334
0.22727272727272727
0.17676767676767677
0.2095959595959596
0.1515151515151515
NaN
NaN
NaN
NaN
NaN
NaN
NaN
NaN
NaN
NaN
NaN
NaN
NaN
NaN
NaN
NaN
NaN
NaN
NaN
NaN
NaN
NaN
NaN
NaN
NaN
NaN
NaN
NaN
NaN
NaN
NaN
NaN
NaN
NaN
NaN
NaN
NaN
NaN
NaN
NaN
NaN
NaN
NaN
NaN
NaN
NaN
NaN
NaN
NaN
NaN
NaN
NaN
NaN
NaN
NaN
NaN
NaN
NaN
NaN
NaN
NaN
NaN
NaN
NaN
NaN
NaN
NaN
NaN
NaN
NaN
NaN
NaN
NaN
NaN
NaN
NaN
NaN
NaN
NaN
NaN
NaN
NaN
NaN
NaN
NaN
NaN
NaN
NaN
NaN
NaN
NaN
NaN
NaN
NaN
NaN
NaN
NaN
NaN
NaN
NaN
NaN
NaN
NaN
NaN
NaN
NaN
NaN
NaN
NaN
NaN
NaN
NaN
NaN
NaN
NaN
NaN
NaN
NaN
NaN
NaN
NaN
NaN
NaN
NaN
NaN
NaN
NaN
NaN
NaN
NaN
NaN
NaN
NaN
NaN
NaN
NaN
NaN
NaN
NaN
NaN
NaN
NaN
NaN
NaN
NaN
NaN
NaN
NaN
NaN
NaN
NaN
NaN
NaN
NaN
NaN
NaN
NaN
NaN
NaN
NaN
NaN
NaN
NaN
NaN
NaN
NaN
NaN
NaN
NaN
NaN
NaN
NaN
NaN
NaN
NaN
NaN
NaN
NaN
NaN
NaN
NaN
NaN
NaN
NaN
NaN
NaN
NaN
NaN
NaN
NaN
NaN
NaN
NaN
NaN
NaN
NaN
NaN
NaN
NaN
NaN
NaN
NaN
NaN
NaN
NaN
NaN
NaN
NaN
NaN
NaN
NaN
NaN
NaN
NaN
NaN
NaN
NaN
NaN
NaN
NaN
NaN
NaN
NaN
NaN
NaN
NaN
NaN
NaN
NaN
NaN
NaN
NaN
NaN
NaN
NaN
NaN
NaN
NaN
NaN
NaN
NaN
NaN
NaN
NaN
NaN
NaN
NaN
NaN
NaN
NaN
NaN
NaN
NaN
NaN
NaN
NaN
NaN
NaN
NaN
NaN
NaN
NaN
NaN
NaN
NaN
NaN
NaN
NaN
NaN
NaN
NaN
NaN
NaN
NaN
NaN
NaN
NaN
NaN
NaN
NaN
NaN
NaN
NaN
NaN
NaN
NaN
NaN
NaN
NaN
NaN
NaN
NaN
NaN
NaN
NaN
NaN
NaN
NaN
NaN
NaN
NaN
NaN
NaN
NaN
NaN
NaN
NaN
NaN
NaN
NaN
NaN
NaN
NaN
NaN
NaN
NaN
NaN
NaN
NaN
NaN
NaN
NaN
NaN
NaN
NaN
NaN
NaN
NaN
NaN
NaN
NaN
NaN
NaN
NaN
NaN
NaN
NaN
NaN
NaN
NaN
NaN
NaN
NaN
NaN
NaN
NaN
NaN
NaN
NaN
NaN
NaN
NaN
NaN
NaN
NaN
NaN
NaN
NaN
NaN
NaN
NaN
NaN
NaN
NaN
NaN
NaN
NaN
NaN
NaN
NaN
NaN
NaN
NaN
NaN
NaN
NaN
NaN
NaN
NaN
NaN
NaN
NaN
NaN
NaN
NaN
NaN
NaN
NaN
NaN
NaN
NaN
NaN
NaN
NaN
NaN
NaN
NaN
NaN
NaN
NaN
NaN
NaN
NaN
NaN
NaN
NaN
NaN
NaN
NaN
NaN
NaN
NaN
NaN
NaN
NaN
NaN
NaN
NaN
NaN
NaN
NaN
NaN
NaN
NaN
NaN
NaN
NaN
NaN
NaN
NaN
NaN
NaN
NaN
NaN
NaN
NaN
NaN
NaN
NaN
NaN
NaN
NaN
NaN
NaN
NaN
NaN
NaN
NaN
NaN
NaN
NaN
NaN
NaN
NaN
NaN
NaN
NaN
NaN
NaN
NaN
NaN
NaN
NaN
NaN
NaN
NaN
NaN
NaN
NaN
NaN
NaN
NaN
NaN
NaN
NaN
NaN
NaN
NaN
NaN
NaN
NaN
NaN
NaN
NaN
NaN
NaN
NaN
NaN
NaN
NaN
NaN
NaN
NaN
NaN
NaN
NaN
NaN
NaN
NaN
NaN
NaN
NaN
NaN
NaN
NaN
NaN
NaN
NaN
NaN
NaN
NaN
NaN
NaN
NaN
NaN
NaN
NaN
NaN
NaN
NaN
NaN
NaN
NaN
NaN
NaN
NaN
NaN
NaN
NaN
NaN
NaN
NaN
NaN
NaN
NaN
NaN
NaN
NaN
NaN
NaN
NaN
NaN
NaN
NaN
NaN
NaN
NaN
NaN
NaN
NaN
NaN
NaN
NaN
NaN
NaN
NaN
NaN
NaN
NaN
NaN
NaN
NaN
NaN
NaN
NaN
NaN
NaN
NaN
NaN
NaN
NaN
NaN
NaN
NaN
NaN
NaN
NaN
NaN
NaN
NaN
NaN
NaN
NaN
NaN
NaN
NaN
NaN
NaN
NaN
NaN
NaN
NaN
NaN
NaN
NaN
NaN
NaN
NaN
NaN
NaN
NaN
NaN
NaN
NaN
NaN
NaN
NaN
NaN
NaN
NaN
NaN
NaN
NaN
NaN
NaN
NaN
NaN
NaN
NaN
NaN
NaN
NaN
NaN
NaN
NaN
NaN
NaN
NaN
NaN
NaN
NaN
NaN
NaN
NaN
NaN
NaN
NaN
NaN
NaN
NaN
NaN
NaN
NaN
NaN
NaN
NaN
NaN
NaN
NaN
NaN
NaN
NaN
NaN
NaN
NaN
NaN
NaN
NaN
NaN
NaN
NaN
NaN
NaN
NaN
NaN
NaN
NaN
NaN
NaN
NaN
NaN
NaN
NaN
NaN
NaN
NaN
NaN
NaN
NaN
NaN
NaN
NaN
NaN
NaN
NaN
NaN
NaN
NaN
NaN
NaN
NaN
NaN
NaN
NaN
NaN
NaN
NaN
NaN
NaN
NaN
NaN
NaN
NaN
NaN
NaN
NaN
NaN
NaN
NaN
NaN
NaN
NaN
NaN
NaN
NaN
NaN
NaN
NaN
NaN
NaN
NaN
NaN
NaN
NaN
NaN
NaN
NaN
NaN
NaN
NaN
NaN
NaN
NaN
NaN
NaN
NaN
NaN
NaN
NaN
NaN
NaN
NaN
NaN
NaN
NaN
NaN
NaN
NaN
NaN
NaN
NaN
NaN
NaN
NaN
NaN
NaN
NaN
NaN
NaN
NaN
NaN
NaN
NaN
NaN
NaN
NaN
NaN
NaN
NaN
NaN
NaN
NaN
NaN
NaN
NaN
NaN
NaN
NaN
NaN
NaN
NaN
NaN
NaN
NaN
NaN
NaN
NaN
NaN
NaN
NaN
NaN
NaN
NaN
NaN
NaN
NaN
NaN
NaN
NaN
NaN
NaN
NaN
NaN
NaN
NaN
NaN
NaN
NaN
NaN
NaN
NaN
NaN
NaN
NaN
NaN
NaN
NaN
NaN
NaN
NaN
NaN
NaN
NaN
NaN
NaN
NaN
NaN
NaN
NaN
NaN
NaN
NaN
NaN
NaN
NaN
NaN
NaN
NaN
NaN
NaN
NaN
NaN
NaN
NaN
NaN
NaN
NaN
NaN
NaN
NaN
NaN
NaN
NaN
NaN
NaN
NaN
NaN
NaN
NaN
NaN
NaN
NaN
NaN
NaN
NaN
NaN
NaN
NaN
NaN
NaN
NaN
NaN
NaN
NaN
NaN
NaN
NaN
NaN
NaN
NaN
NaN
NaN
NaN
NaN
NaN
NaN
NaN
NaN
NaN
NaN
NaN
NaN
NaN
NaN
NaN
NaN
NaN
NaN
NaN
NaN
NaN
NaN
NaN
NaN
NaN
NaN
NaN
NaN
NaN
NaN
NaN
NaN
NaN
NaN
NaN
NaN
NaN
NaN
NaN
NaN
NaN
NaN
NaN
NaN
NaN
NaN
NaN
NaN
NaN
NaN
NaN
NaN
NaN
NaN
NaN
NaN
NaN
NaN
NaN
NaN
NaN
NaN
NaN
NaN
NaN
NaN
NaN
NaN
NaN
NaN
NaN
NaN
NaN
NaN
NaN
NaN
NaN
NaN
NaN
NaN
NaN
NaN
NaN
NaN
NaN
NaN
NaN
NaN
NaN
NaN
NaN
NaN
NaN
NaN
NaN
NaN
NaN
NaN
NaN
NaN
NaN
NaN
NaN
NaN
NaN
NaN
NaN
NaN
NaN
NaN
NaN
NaN
NaN
NaN
NaN
NaN
NaN
NaN
NaN
NaN
