0.09772423025435073
0.11111111111111112
0.08835341365461848
0.1291834002677376
0.1506024096385542
0.1894243641231593
0.13721552878179386
0.19477911646586343
0.2356091030789826
0.29451137884872824
0.319946452476573
0.26506024096385544
0.2710843373493976
0.25100401606425704
0.29317269076305225
0.24899598393574296
0.2295850066934404
0.2396251673360107
0.29585006693440424
0.3246318607764391
0.2991967871485943
0.32463186077643913
0.3527443105756359
0.4819277108433735
0.42904953145917
0.46586345381526106
0.4712182061579651
0.4042838018741634
0.4149933065595715
0.4805890227576975
0.5167336010709506
0.5301204819277109
0.4852744310575636
0.4685408299866131
0.4317269076305221
0.4451137884872825
0.3768406961178046
0.41633199464524767
0.48125836680053546
0.45448460508701477
0.3962516733601071
0.4136546184738956
0.41566265060240964
0.3868808567603748
0.4779116465863454
0.5026773761713522
0.5301204819277109
0.5207496653279785
0.46787148594377514
0.4069611780455154
0.33132530120481934
0.2971887550200803
0.394912985274431
0.40093708165997327
0.3273092369477912
0.3393574297188755
0.2925033467202142
0.3386880856760375
0.34404283801874164
0.3788487282463186
0.536813922356091
0.5649263721552878
0.49196787148594373
0.4404283801874163
0.5053547523427042
0.4712182061579652
0.5113788487282463
0.46385542168674704
0.34471218206157966
0.38554216867469876
0.35207496653279785
0.3661311914323962
0.34002677376171353
0.3306559571619813
0.4598393574297189
0.4611780455153949
0.464524765729585
0.36746987951807225
0.22824631860776437
0.2757697456492637
0.3253012048192771
0.3768406961178046
0.3453815261044177
0.4404283801874163
0.3748326639892905
0.3092369477911647
0.2971887550200803
0.27242302543507363
0.23962516733601072
0.2396251673360107
0.2978580990629183
0.35876840696117807
0.3353413654618474
0.2168674698795181
0.26706827309236947
0.3815261044176707
0.3540829986613119
0.3353413654618474
0.3842034805890228
0.3527443105756358
0.286479250334672
0.30053547523427043
0.32663989290495316
0.31659973226238286
0.40361445783132527
0.2998661311914324
0.3340026773761713
0.3413654618473896
0.3714859437751004
0.33801874163319945
0.28313253012048195
0.26907630522088355
0.34738955823293166
0.34939759036144574
0.35542168674698793
0.3668005354752342
0.48125836680053546
0.5
0.45381526104417674
0.43574297188755023
0.36746987951807225
0.425033467202142
0.40093708165997327
0.47791164658634533
0.4966532797858099
0.4678714859437751
0.4250334672021419
0.5314591700133869
0.43105756358768405
0.38554216867469876
0.4149933065595716
0.40696117804551535
0.5066934404283802
0.48929049531459173
0.5153949129852745
0.5829986613119144
0.5602409638554217
0.5970548862115127
0.6218206157965194
0.6653279785809906
0.6773761713520751
0.6091030789825971
0.609103078982597
0.5883534136546184
0.5803212851405622
0.5803212851405622
0.5937081659973227
0.5910307898259706
0.5227576974564926
0.5696117804551539
0.5850066934404284
0.5180722891566265
0.570281124497992
0.5140562248995985
0.5133868808567604
0.5669344042838018
0.6746987951807228
0.6184738955823293
0.5080321285140562
0.5127175368139224
0.603748326639893
0.6104417670682731
0.7215528781793842
0.7235609103078983
0.6961178045515394
0.6840696117804552
0.6017402945113789
0.608433734939759
0.678045515394913
0.6378848728246318
0.643239625167336
0.5876840696117805
0.6298527443105756
0.5468540829986613
0.532797858099063
0.5783132530120482
0.6412315930388219
0.5917001338688085
0.5850066934404284
0.6258366800535475
0.5756358768406961
0.5200803212851406
0.504016064257028
0.4966532797858099
0.3433734939759036
0.33801874163319945
0.40562248995983935
0.3614457831325301
0.428380187416332
0.5080321285140562
0.3607764390896921
0.4069611780455154
0.41164658634538154
0.44377510040160645
0.5281124497991968
0.5890227576974565
0.3815261044176707
0.39424364123159306
0.33467202141900937
0.41633199464524767
0.27951807228915665
0.2987951807228916
0.2755020080321285
0.2690763052208835
0.31405622489959845
0.2506024096385543
0.2570281124497992
0.30682730923694773
0.37670682730923694
0.4
0.43775100401606426
0.36867469879518067
0.3309236947791165
0.30682730923694773
0.3180722891566265
0.3502008032128514
0.3309236947791165
0.242570281124498
0.2779116465863454
0.19919678714859437
0.11325301204819278
0.19357429718875502
0.085140562248996
0.18313253012048192
0.27630522088353415
0.38313253012048193
0.29076305220883536
0.33092369477911643
0.35983935742971884
0.3309236947791165
0.3823293172690764
0.3911646586345382
0.3710843373493976
0.30281124497991974
0.24337349397590363
0.3389558232931727
0.3710843373493976
0.285140562248996
0.3550200803212851
0.30441767068273096
0.4032128514056225
0.461847389558233
0.47550200803212855
0.47550200803212855
0.4706827309236948
0.37269076305220883
0.37028112449799194
0.38714859437751004
0.23855421686746986
0.3405622489959839
0.2859437751004016
0.27710843373493976
0.3341365461847389
0.344578313253012
0.285140562248996
0.30200803212851407
0.37188755020080316
0.41365461847389556
0.38714859437751004
0.42811244979919677
0.4827309236947791
0.544578313253012
0.5815261044176707
0.4915662650602409
0.4666666666666667
0.49638554216867475
0.4457831325301204
0.47791164658634544
0.4473895582329318
0.38393574297188754
0.42489959839357433
0.5598393574297188
0.567871485943775
0.5566265060240964
0.4698795180722891
0.5502008032128514
0.4923694779116466
0.4610441767068273
0.5004016064257029
0.5148594377510041
0.5253012048192771
0.47469879518072294
0.5325301204819277
0.4923694779116465
0.531726907630522
0.504417670682731
0.5783132530120482
0.6674698795180724
0.7180722891566264
0.5855421686746988
0.4473895582329317
0.43052208835341366
0.538152610441767
0.5220883534136547
0.4811244979919678
0.5301204819277108
0.4883534136546185
0.44417670682730925
0.3349397590361446
0.40160642570281124
0.40080321285140563
0.41606425702811245
0.442570281124498
0.4112449799196787
0.3502008032128514
0.2979919678714859
0.37751004016064255
0.41365461847389556
0.4763052208835341
0.4538152610441767
0.45943775100401607
0.4690763052208835
0.4979919678714859
0.534136546184739
0.46827309236947795
0.5012048192771085
0.38393574297188754
0.3453815261044177
0.47469879518072294
0.45301204819277113
0.40883534136546185
0.351004016064257
0.42248995983935744
0.4248995983935743
0.40883534136546185
0.3951807228915663
0.40562248995983935
0.357429718875502
0.321285140562249
0.453012048192771
0.5365461847389558
0.4931726907630522
0.6056224899598394
0.5959839357429718
0.6650602409638554
0.7791164658634538
0.6610441767068272
0.7261044176706827
0.6530120481927711
0.5879518072289157
0.5269076305220883
0.5590361445783132
0.5710843373493976
0.5975903614457831
0.5421686746987951
0.6056224899598395
0.6546184738955824
0.653012048192771
0.6120481927710844
0.5726907630522089
0.5429718875502008
0.4907630522088354
0.3903614457831325
0.4096385542168675
0.4602409638554216
0.42891566265060244
0.49397590361445787
0.5076305220883535
0.4843373493975903
0.5678714859437751
0.5751004016064257
0.5710843373493976
0.43052208835341366
0.4353413654618474
0.43453815261044176
0.40642570281124496
0.36947791164658633
0.2096385542168675
0.25140562248995985
0.28192771084337354
0.3108433734939759
0.34377510040160647
0.2763052208835341
0.17269076305220882
0.3116465863453815
0.4120481927710844
0.4168674698795181
0.3333333333333333
0.3566265060240964
0.25863453815261045
0.21285140562248994
0.363855421686747
0.2875502008032128
0.36947791164658633
0.3477911646586345
0.4176706827309237
0.42811244979919677
0.48032128514056216
0.5598393574297189
0.6048192771084338
0.5662650602409639
0.5903614457831325
0.5903614457831325
0.5349397590361445
0.4570281124497992
0.49558232931726903
0.4024096385542169
0.5261044176706828
0.44417670682730925
0.5164658634538153
0.4265060240963855
0.41285140562248995
0.3132530120481928
0.3365461847389558
0.30200803212851407
0.2931726907630522
0.2746987951807229
0.2963855421686747
0.25542168674698795
0.3903614457831325
0.40080321285140563
0.41445783132530123
0.35582329317269074
0.42811244979919677
0.39598393574297186
0.5421686746987951
0.41285140562248995
0.37510040160642566
0.5590361445783133
0.485140562248996
0.43694779116465865
0.3646586345381526
0.36947791164658633
0.39919678714859436
0.4048192771084337
0.3831325301204819
0.46506024096385545
0.4168674698795181
0.4522088353413654
0.4409638554216867
0.44417670682730925
0.42891566265060244
0.4385542168674699
0.4056224899598394
0.3614457831325301
0.3502008032128514
0.3204819277108434
0.25461847389558234
0.2819277108433735
0.24176706827309236
0.3100401606425703
0.2730923694779116
0.32449799196787155
0.26104417670682734
0.3301204819277108
0.30120481927710846
0.25461847389558234
0.3831325301204819
0.5116465863453815
0.5718875502008032
0.5164658634538153
0.6120481927710844
0.6289156626506024
0.619277108433735
0.665863453815261
0.6963855421686747
0.6393574297188754
0.5815261044176706
0.6594377510040161
0.5678714859437751
0.544578313253012
0.5140562248995983
0.567871485943775
0.5092369477911647
0.5108433734939759
0.4618473895582329
0.3718875502008032
0.37590361445783127
0.42730923694779116
0.35341365461847396
0.5140562248995983
0.47309236947791167
0.4184738955823293
0.3405622489959839
0.3791164658634538
0.3309236947791165
0.3293172690763052
0.35582329317269074
0.3389558232931727
0.3421686746987952
0.39116465863453814
0.2987951807228916
0.334136546184739
0.33253012048192765
0.3445783132530121
0.3196787148594377
0.3718875502008032
0.2987951807228916
0.285140562248996
0.34698795180722886
0.3068273092369478
0.4168674698795181
0.4827309236947791
0.2963855421686747
0.3807228915662651
0.2763052208835341
0.31244979919678717
0.37911646586345377
0.3060240963855422
0.31807228915662644
0.3140562248995984
0.3132530120481927
0.2963855421686747
0.26506024096385544
0.26024096385542167
0.27710843373493976
0.23775100401606425
0.27550200803212854
0.28674698795180725
0.3710843373493976
0.3220883534136546
0.3678714859437751
0.3895582329317269
0.3180722891566265
0.3911646586345382
0.38955823293172687
0.4248995983935743
0.5293172690763052
0.41365461847389556
0.33815261044176703
0.4
0.5052208835341366
0.48192771084337344
0.44658634538152614
0.521285140562249
0.4554216867469879
0.6136546184738956
0.5879518072289157
0.5493975903614458
0.5477911646586346
0.557429718875502
0.5550200803212851
0.46746987951807223
0.5269076305220883
0.4843373493975903
0.43052208835341366
0.38875502008032126
0.3791164658634538
0.42329317269076305
0.36064257028112445
0.35582329317269074
0.5028112449799196
0.49236947791164665
0.5453815261044176
0.6032128514056224
0.5847389558232932
0.5775100401606426
0.5493975903614459
0.4618473895582329
0.5285140562248996
0.49718875502008036
0.6
0.5654618473895582
0.5028112449799197
0.5261044176706827
0.5333333333333333
0.5180722891566264
0.5518072289156626
0.521285140562249
0.6096385542168674
0.593574297188755
0.49477911646586337
0.6393574297188754
0.5148594377510041
0.42891566265060244
0.40080321285140563
0.42971887550200805
0.4618473895582329
0.4337349397590361
0.44578313253012053
0.4690763052208836
0.4377510040160642
0.3718875502008032
0.3678714859437751
0.3734939759036145
0.3566265060240964
0.27710843373493976
0.47309236947791156
0.5357429718875502
0.5558232931726907
0.4401606425702811
0.44176706827309237
0.41526104417670684
0.47309236947791167
0.4080321285140561
0.4859437751004016
0.39196787148594375
0.357429718875502
0.22730923694779115
0.15261044176706828
0.28995983935742975
0.42730923694779116
0.3718875502008032
0.3847389558232932
0.38875502008032126
0.3421686746987952
0.34859437751004013
0.3301204819277109
0.3293172690763052
0.25783132530120484
0.285140562248996
0.3301204819277109
0.314859437751004
0.4265060240963856
0.5534136546184739
0.5622489959839356
0.6514056224899598
0.49638554216867464
0.5445783132530121
0.4995983935742972
0.42811244979919677
0.5012048192771085
0.485140562248996
0.41606425702811245
0.34859437751004013
0.35341365461847396
0.23293172690763048
0.3269076305220883
0.3694779116465864
0.36626506024096384
0.4562248995983936
0.44337349397590364
0.4915662650602409
0.5389558232931726
0.5301204819277109
0.40080321285140563
0.4112449799196787
0.4176706827309237
0.4168674698795181
0.44337349397590364
0.4497991967871486
0.41365461847389556
0.4032128514056225
0.3783132530120482
0.40160642570281124
0.2923694779116466
0.3710843373493976
0.40080321285140563
0.3365461847389558
0.32449799196787155
0.28755020080321286
0.3052208835341365
0.2642570281124498
0.2626506024096386
0.2610441767068273
0.314859437751004
0.2955823293172691
0.2987951807228916
0.30522088353413657
0.2971887550200803
0.2353413654618474
0.19357429718875502
0.21285140562248994
0.28674698795180725
0.2248995983935743
0.23293172690763053
0.25783132530120484
0.19437751004016063
0.20963855421686745
0.3060240963855421
0.28835341365461853
0.25863453815261045
0.29477911646586347
0.3662650602409638
0.3903614457831325
0.4538152610441767
0.5285140562248996
0.45943775100401607
0.41445783132530123
0.47228915662650606
0.44899598393574297
0.43694779116465865
0.38875502008032126
0.42008032128514056
0.30361445783132535
0.3092369477911646
0.2393574297188755
0.2955823293172691
0.28755020080321286
0.4393574297188755
0.448995983935743
0.3477911646586345
0.36626506024096384
0.4570281124497992
0.4546184738955823
0.4208835341365463
0.41445783132530123
0.4570281124497992
0.4248995983935743
0.40883534136546185
0.3429718875502008
0.3598393574297189
0.42891566265060244
0.31485943775100406
0.42971887550200805
0.40803212851405624
0.3373493975903615
0.4184738955823293
0.4040160642570281
0.5068273092369477
0.41606425702811245
0.4706827309236948
0.5606425702811245
0.5598393574297189
0.5566265060240964
0.5140562248995983
0.5269076305220883
0.5742971887550201
0.4899598393574297
0.4811244979919678
0.46586345381526106
0.5204819277108433
0.49558232931726903
0.45140562248995986
0.4409638554216867
0.45783132530120485
0.4345381526104418
0.4714859437751004
0.5477911646586346
0.4610441767068273
0.45863453815261046
0.4714859437751004
0.48032128514056227
0.5333333333333334
0.5662650602409639
0.5180722891566265
0.5397590361445783
0.6385542168674698
0.7124497991967872
0.6024096385542169
0.5734939759036145
0.6586345381526104
0.570281124497992
0.4859437751004016
0.46586345381526106
0.4040160642570281
0.32289156626506027
0.29477911646586347
0.26184738955823295
0.36867469879518067
0.26265060240963856
0.37429718875502005
0.3493975903614458
0.3582329317269076
0.35261044176706824
0.43935742971887554
0.5767068273092368
0.47951807228915655
0.5180722891566264
0.4771084337349397
NaN
NaN
NaN
NaN
NaN
NaN
NaN
NaN
NaN
NaN
NaN
NaN
NaN
NaN
NaN
NaN
NaN
NaN
NaN
NaN
NaN
NaN
NaN
NaN
NaN
NaN
NaN
NaN
NaN
NaN
NaN
NaN
NaN
NaN
NaN
NaN
NaN
NaN
NaN
NaN
NaN
NaN
NaN
NaN
NaN
NaN
NaN
NaN
NaN
NaN
NaN
NaN
NaN
NaN
NaN
NaN
NaN
NaN
NaN
NaN
NaN
NaN
NaN
NaN
NaN
NaN
NaN
NaN
NaN
NaN
NaN
NaN
NaN
NaN
NaN
NaN
NaN
NaN
NaN
NaN
NaN
NaN
NaN
NaN
NaN
NaN
NaN
NaN
NaN
NaN
NaN
NaN
NaN
NaN
NaN
NaN
NaN
NaN
NaN
NaN
NaN
NaN
NaN
NaN
NaN
NaN
NaN
NaN
NaN
NaN
NaN
NaN
NaN
NaN
NaN
NaN
NaN
NaN
NaN
NaN
NaN
NaN
NaN
NaN
NaN
NaN
NaN
NaN
NaN
NaN
NaN
NaN
NaN
NaN
NaN
NaN
NaN
NaN
NaN
NaN
NaN
NaN
NaN
NaN
NaN
NaN
NaN
NaN
NaN
NaN
NaN
NaN
NaN
NaN
NaN
NaN
NaN
NaN
NaN
NaN
NaN
NaN
NaN
NaN
NaN
NaN
NaN
NaN
NaN
NaN
NaN
NaN
NaN
NaN
NaN
NaN
NaN
NaN
NaN
NaN
NaN
NaN
NaN
NaN
NaN
NaN
NaN
NaN
NaN
NaN
NaN
NaN
NaN
NaN
NaN
NaN
NaN
NaN
NaN
NaN
NaN
NaN
NaN
NaN
NaN
NaN
NaN
NaN
NaN
NaN
NaN
NaN
NaN
NaN
NaN
NaN
NaN
NaN
NaN
NaN
NaN
NaN
NaN
NaN
NaN
NaN
NaN
NaN
NaN
NaN
NaN
NaN
NaN
NaN
NaN
NaN
NaN
NaN
NaN
NaN
NaN
NaN
NaN
NaN
NaN
NaN
NaN
NaN
NaN
NaN
NaN
NaN
NaN
NaN
NaN
NaN
NaN
NaN
NaN
NaN
NaN
NaN
NaN
NaN
NaN
NaN
NaN
NaN
NaN
NaN
NaN
NaN
NaN
NaN
NaN
NaN
NaN
NaN
NaN
NaN
NaN
NaN
NaN
NaN
NaN
NaN
NaN
NaN
NaN
NaN
NaN
NaN
NaN
NaN
NaN
NaN
NaN
NaN
NaN
NaN
NaN
NaN
NaN
NaN
NaN
NaN
NaN
NaN
NaN
NaN
NaN
NaN
NaN
NaN
NaN
NaN
NaN
NaN
NaN
NaN
NaN
NaN
NaN
NaN
NaN
NaN
NaN
NaN
NaN
NaN
NaN
NaN
NaN
NaN
NaN
NaN
NaN
NaN
NaN
NaN
NaN
NaN
NaN
NaN
NaN
NaN
NaN
NaN
NaN
NaN
NaN
NaN
NaN
NaN
NaN
NaN
NaN
NaN
NaN
NaN
NaN
NaN
NaN
NaN
NaN
NaN
NaN
NaN
NaN
NaN
NaN
NaN
NaN
NaN
NaN
NaN
NaN
NaN
NaN
NaN
NaN
NaN
NaN
NaN
NaN
NaN
NaN
NaN
NaN
NaN
NaN
NaN
NaN
NaN
NaN
NaN
NaN
NaN
NaN
NaN
NaN
NaN
NaN
NaN
NaN
NaN
NaN
NaN
NaN
NaN
NaN
NaN
NaN
NaN
NaN
NaN
NaN
NaN
NaN
NaN
NaN
NaN
NaN
NaN
NaN
NaN
NaN
NaN
NaN
NaN
NaN
NaN
NaN
NaN
NaN
NaN
NaN
NaN
NaN
NaN
NaN
NaN
NaN
NaN
NaN
NaN
NaN
NaN
NaN
NaN
NaN
NaN
NaN
NaN
NaN
NaN
NaN
NaN
NaN
NaN
NaN
NaN
NaN
NaN
NaN
NaN
NaN
NaN
NaN
NaN
NaN
NaN
NaN
NaN
NaN
NaN
NaN
NaN
NaN
NaN
NaN
NaN
NaN
NaN
NaN
NaN
NaN
NaN
NaN
NaN
NaN
NaN
NaN
NaN
NaN
NaN
NaN
NaN
NaN
NaN
NaN
NaN
NaN
NaN
NaN
NaN
NaN
NaN
NaN
NaN
NaN
NaN
NaN
NaN
NaN
NaN
NaN
NaN
NaN
NaN
NaN
NaN
NaN
NaN
NaN
NaN
NaN
NaN
NaN
NaN
NaN
NaN
NaN
NaN
NaN
NaN
NaN
NaN
NaN
NaN
NaN
NaN
NaN
NaN
NaN
NaN
NaN
NaN
NaN
NaN
NaN
NaN
NaN
NaN
NaN
NaN
NaN
NaN
NaN
NaN
NaN
NaN
NaN
NaN
NaN
NaN
NaN
NaN
NaN
NaN
NaN
NaN
NaN
NaN
NaN
NaN
NaN
NaN
NaN
NaN
NaN
NaN
NaN
NaN
NaN
NaN
NaN
NaN
NaN
NaN
NaN
NaN
NaN
NaN
NaN
NaN
NaN
NaN
NaN
NaN
NaN
NaN
NaN
NaN
NaN
NaN
NaN
NaN
NaN
NaN
NaN
NaN
NaN
NaN
NaN
NaN
NaN
NaN
NaN
NaN
NaN
NaN
NaN
NaN
NaN
NaN
NaN
NaN
NaN
NaN
NaN
NaN
NaN
NaN
NaN
NaN
NaN
NaN
NaN
NaN
NaN
NaN
NaN
NaN
NaN
NaN
NaN
NaN
NaN
NaN
NaN
NaN
NaN
NaN
NaN
NaN
NaN
NaN
NaN
NaN
NaN
NaN
NaN
NaN
NaN
NaN
NaN
NaN
NaN
NaN
NaN
NaN
NaN
NaN
NaN
NaN
NaN
NaN
NaN
NaN
NaN
NaN
NaN
NaN
NaN
NaN
NaN
NaN
NaN
NaN
NaN
NaN
NaN
NaN
NaN
NaN
NaN
NaN
NaN
NaN
NaN
NaN
NaN
NaN
NaN
NaN
NaN
NaN
NaN
NaN
NaN
NaN
NaN
NaN
NaN
NaN
NaN
NaN
NaN
NaN
NaN
NaN
NaN
NaN
NaN
NaN
NaN
NaN
NaN
NaN
NaN
NaN
NaN
NaN
NaN
NaN
NaN
NaN
NaN
NaN
NaN
NaN
NaN
NaN
NaN
NaN
NaN
NaN
NaN
NaN
NaN
NaN
NaN
NaN
NaN
NaN
NaN
NaN
NaN
NaN
NaN
NaN
NaN
NaN
NaN
NaN
NaN
NaN
NaN
NaN
NaN
NaN
NaN
NaN
NaN
NaN
NaN
NaN
NaN
NaN
NaN
NaN
NaN
NaN
NaN
NaN
NaN
NaN
NaN
NaN
NaN
NaN
NaN
NaN
NaN
NaN
NaN
NaN
NaN
NaN
NaN
NaN
NaN
NaN
NaN
NaN
NaN
NaN
NaN
NaN
NaN
NaN
NaN
NaN
NaN
NaN
NaN
NaN
NaN
NaN
NaN
NaN
NaN
NaN
NaN
NaN
NaN
NaN
NaN
NaN
NaN
NaN
NaN
NaN
NaN
NaN
NaN
NaN
NaN
NaN
NaN
NaN
NaN
NaN
NaN
NaN
NaN
NaN
NaN
NaN
NaN
NaN
NaN
NaN
NaN
NaN
NaN
NaN
NaN
NaN
NaN
NaN
NaN
NaN
NaN
NaN
NaN
NaN
NaN
NaN
NaN
NaN
NaN
NaN
NaN
NaN
NaN
NaN
NaN
NaN
NaN
NaN
NaN
NaN
NaN
NaN
NaN
NaN
NaN
NaN
NaN
NaN
NaN
NaN
NaN
NaN
NaN
NaN
NaN
NaN
NaN
NaN
NaN
NaN
NaN
NaN
NaN
NaN
NaN
NaN
NaN
NaN
NaN
NaN
NaN
NaN
NaN
NaN
NaN
NaN
NaN
NaN
NaN
NaN
NaN
NaN
NaN
NaN
NaN
NaN
NaN
NaN
NaN
NaN
NaN
NaN
NaN
NaN
NaN
NaN
NaN
NaN
NaN
NaN
NaN
NaN
NaN
NaN
NaN
NaN
NaN
NaN
NaN
NaN
NaN
NaN
NaN
NaN
NaN
NaN
NaN
NaN
NaN
NaN
NaN
NaN
NaN
NaN
NaN
NaN
NaN
NaN
NaN
NaN
NaN
NaN
NaN
NaN
NaN
NaN
NaN
NaN
NaN
NaN
NaN
NaN
NaN
NaN
NaN
NaN
NaN
NaN
NaN
NaN
NaN
NaN
NaN
NaN
NaN
NaN
NaN
NaN
NaN
NaN
NaN
NaN
NaN
NaN
NaN
NaN
NaN
NaN
NaN
NaN
NaN
NaN
NaN
NaN
NaN
NaN
NaN
NaN
NaN
NaN
NaN
NaN
NaN
NaN
NaN
NaN
NaN
NaN
NaN
NaN
NaN
NaN
NaN
NaN
NaN
NaN
NaN
NaN
NaN
NaN
NaN
NaN
NaN
NaN
NaN
NaN
NaN
NaN
NaN
NaN
NaN
NaN
NaN
NaN
NaN
NaN
NaN
NaN
NaN
NaN
NaN
NaN
NaN
NaN
NaN
NaN
NaN
NaN
NaN
NaN
NaN
NaN
NaN
NaN
NaN
NaN
NaN
NaN
NaN
NaN
NaN
NaN
NaN
NaN
NaN
NaN
NaN
NaN
NaN
NaN
NaN
NaN
NaN
NaN
NaN
NaN
NaN
NaN
NaN
NaN
NaN
NaN
NaN
NaN
NaN
NaN
NaN
NaN
NaN
NaN
NaN
NaN
NaN
NaN
NaN
NaN
NaN
NaN
NaN
NaN
NaN
NaN
NaN
NaN
NaN
NaN
NaN
NaN
NaN
NaN
NaN
NaN
NaN
NaN
NaN
NaN
NaN
NaN
NaN
NaN
NaN
NaN
NaN
NaN
NaN
NaN
NaN
NaN
NaN
NaN
NaN
NaN
NaN
NaN
NaN
NaN
NaN
NaN
NaN
NaN
NaN
NaN
NaN
NaN
NaN
NaN
NaN
NaN
NaN
NaN
NaN
NaN
NaN
NaN
NaN
NaN
NaN
NaN
NaN
NaN
NaN
NaN
NaN
NaN
NaN
NaN
NaN
NaN
NaN
NaN
NaN
NaN
NaN
NaN
NaN
NaN
NaN
NaN
NaN
NaN
NaN
NaN
NaN
NaN
NaN
NaN
NaN
NaN
NaN
NaN
NaN
NaN
NaN
NaN
NaN
NaN
NaN
NaN
NaN
NaN
NaN
NaN
NaN
NaN
NaN
NaN
NaN
NaN
NaN
NaN
NaN
NaN
NaN
NaN
NaN
NaN
NaN
NaN
NaN
NaN
NaN
NaN
NaN
NaN
NaN
NaN
NaN
NaN
NaN
NaN
NaN
NaN
NaN
NaN
NaN
NaN
NaN
NaN
NaN
NaN
NaN
NaN
NaN
NaN
NaN
NaN
NaN
NaN
NaN
NaN
NaN
NaN
NaN
NaN
NaN
NaN
NaN
NaN
NaN
NaN
NaN
NaN
NaN
NaN
NaN
NaN
NaN
NaN
NaN
NaN
NaN
NaN
NaN
NaN
NaN
NaN
NaN
NaN
NaN
NaN
NaN
NaN
NaN
NaN
NaN
NaN
NaN
NaN
NaN
NaN
NaN
NaN
NaN
NaN
NaN
NaN
NaN
NaN
NaN
NaN
NaN
NaN
NaN
NaN
NaN
NaN
NaN
NaN
NaN
NaN
NaN
NaN
NaN
NaN
NaN
NaN
NaN
NaN
NaN
NaN
NaN
NaN
NaN
NaN
NaN
NaN
NaN
NaN
NaN
NaN
NaN
NaN
NaN
NaN
NaN
NaN
NaN
NaN
NaN
NaN
NaN
NaN
NaN
NaN
NaN
NaN
NaN
NaN
NaN
NaN
NaN
NaN
NaN
NaN
NaN
NaN
NaN
NaN
NaN
NaN
NaN
NaN
NaN
NaN
NaN
NaN
NaN
NaN
NaN
NaN
NaN
NaN
NaN
NaN
NaN
NaN
NaN
NaN
NaN
NaN
NaN
NaN
NaN
NaN
NaN
NaN
NaN
NaN
NaN
NaN
NaN
NaN
NaN
NaN
NaN
NaN
NaN
NaN
NaN
NaN
NaN
NaN
NaN
NaN
NaN
NaN
NaN
NaN
NaN
NaN
NaN
NaN
NaN
NaN
NaN
NaN
NaN
NaN
NaN
NaN
NaN
NaN
NaN
NaN
NaN
NaN
NaN
NaN
NaN
NaN
NaN
NaN
NaN
NaN
NaN
NaN
NaN
NaN
NaN
NaN
NaN
NaN
NaN
NaN
NaN
NaN
NaN
NaN
NaN
NaN
NaN
NaN
NaN
NaN
NaN
NaN
NaN
NaN
NaN
NaN
NaN
NaN
NaN
NaN
NaN
NaN
NaN
NaN
NaN
NaN
NaN
NaN
NaN
NaN
NaN
NaN
NaN
NaN
NaN
NaN
NaN
NaN
NaN
NaN
NaN
NaN
NaN
NaN
NaN
NaN
NaN
NaN
NaN
NaN
NaN
NaN
NaN
NaN
NaN
NaN
NaN
NaN
NaN
NaN
NaN
NaN
NaN
NaN
NaN
NaN
NaN
NaN
NaN
NaN
NaN
NaN
NaN
NaN
NaN
NaN
NaN
NaN
NaN
NaN
NaN
NaN
NaN
NaN
NaN
NaN
NaN
NaN
NaN
NaN
NaN
NaN
NaN
NaN
NaN
NaN
NaN
NaN
NaN
NaN
NaN
NaN
NaN
NaN
NaN
NaN
NaN
NaN
NaN
NaN
NaN
NaN
NaN
NaN
NaN
NaN
NaN
NaN
NaN
NaN
NaN
NaN
NaN
NaN
NaN
NaN
NaN
NaN
NaN
NaN
NaN
NaN
NaN
NaN
NaN
NaN
NaN
NaN
NaN
NaN
NaN
NaN
NaN
NaN
NaN
NaN
NaN
NaN
NaN
NaN
NaN
NaN
NaN
NaN
NaN
NaN
NaN
NaN
NaN
NaN
NaN
NaN
NaN
NaN
NaN
NaN
NaN
NaN
NaN
NaN
NaN
NaN
NaN
NaN
NaN
NaN
NaN
NaN
NaN
NaN
NaN
NaN
NaN
NaN
NaN
NaN
NaN
NaN
NaN
NaN
NaN
NaN
NaN
NaN
NaN
NaN
NaN
NaN
NaN
NaN
NaN
NaN
NaN
NaN
NaN
NaN
NaN
NaN
NaN
NaN
NaN
NaN
NaN
NaN
NaN
NaN
NaN
NaN
NaN
NaN
NaN
NaN
NaN
NaN
NaN
NaN
NaN
NaN
NaN
NaN
NaN
NaN
NaN
NaN
NaN
NaN
NaN
NaN
NaN
NaN
NaN
NaN
NaN
NaN
NaN
NaN
NaN
NaN
NaN
NaN
NaN
NaN
NaN
NaN
NaN
NaN
NaN
NaN
NaN
NaN
NaN
NaN
NaN
NaN
NaN
NaN
NaN
NaN
NaN
NaN
NaN
NaN
NaN
NaN
NaN
NaN
NaN
NaN
NaN
NaN
NaN
NaN
