0.07692307692307693
0.12642140468227425
0.1645484949832776
0.19799331103678927
0.3103678929765886
0.3036789297658863
0.3311036789297659
0.38260869565217387
0.2762541806020067
0.29698996655518395
0.33311036789297666
0.2501672240802676
0.32709030100334446
0.36923076923076925
0.3043478260869565
0.32709030100334446
0.2842809364548495
0.2903010033444816
0.20735785953177258
0.2040133779264214
0.25685618729096993
0.21872909698996654
0.23678929765886286
0.35919732441471575
0.37525083612040133
0.31973244147157187
0.33244147157190634
0.36053511705685615
0.3491638795986622
0.3304347826086957
0.22408026755852842
0.2762541806020067
0.33110367892976583
0.30301003344481603
0.40936454849498327
0.44548494983277587
0.3792642140468227
0.39732441471571905
0.4280936454849498
0.43010033444816054
0.4434782608695652
0.5063545150501673
0.49899665551839467
0.5304347826086957
0.48428093645484954
0.43946488294314384
0.3498327759197324
0.4187290969899665
0.4521739130434783
0.49230769230769234
0.5451505016722408
0.49498327759197325
0.5397993311036788
0.5913043478260869
0.6180602006688962
0.6501672240802676
0.7083612040133779
0.708361204013378
0.7792642140468227
0.6795986622073579
0.68561872909699
0.6635451505016723
0.7177257525083612
0.7264214046822742
0.7337792642140468
0.737123745819398
0.7979933110367894
0.7277591973244147
0.7123745819397993
0.6394648829431439
0.6147157190635452
0.6381270903010033
0.7498327759197324
0.7498327759197324
0.7110367892976589
0.7123745819397993
0.6695652173913044
0.6160535117056856
0.6762541806020066
0.690969899665552
0.7023411371237459
0.6020066889632106
0.6107023411371237
0.6020066889632106
0.5250836120401338
0.5926421404682274
0.6240802675585284
0.6581939799331104
0.6167224080267558
0.5859531772575252
0.585953177257525
0.6394648829431439
0.5658862876254181
0.6454849498327759
0.5571906354515049
0.5879598662207358
0.47892976588628766
0.5471571906354515
0.5491638795986622
0.5424749163879599
0.6020066889632106
0.568561872909699
0.5110367892976588
0.44013377926421404
0.44548494983277587
0.45083612040133786
0.4354515050167224
0.44147157190635455
0.43344481605351176
0.43478260869565216
0.4234113712374582
0.46755852842809364
0.42274247491638794
0.4180602006688964
0.39264214046822743
0.37525083612040133
0.359866220735786
0.3779264214046823
0.35652173913043483
0.35919732441471575
0.3725752508361204
0.3879598662207358
0.48494983277591974
0.474247491638796
0.4040133779264214
0.4274247491638795
0.3565217391304348
0.37591973244147153
0.36321070234113717
0.30568561872909694
0.2903010033444816
0.35785953177257523
0.3277591973244147
0.29565217391304344
0.32173913043478264
0.34448160535117056
0.34180602006688965
0.348494983277592
0.30836120401337797
0.24548494983277588
0.2528428093645485
0.20735785953177258
0.2448160535117057
0.38193979933110367
0.38193979933110367
0.4207357859531772
0.39665551839464885
0.4655518394648829
0.5558528428093645
0.5578595317725752
0.5304347826086957
0.474247491638796
0.5538461538461539
0.5317725752508362
0.5478260869565218
0.5177257525083612
0.5618729096989966
0.662876254180602
0.5953177257525084
0.6474916387959866
0.5959866220735787
0.5451505016722409
0.534448160535117
0.5284280936454849
0.5612040133779265
0.5712374581939799
0.5137123745819399
0.5123745819397993
0.49498327759197325
0.4448160535117056
0.4488294314381271
0.32709030100334446
0.4521739130434783
0.3464882943143812
0.4441471571906354
0.4240802675585284
0.3959866220735786
0.4408026755852843
0.44013377926421404
0.4822742474916388
0.46755852842809364
0.4822742474916388
0.39799331103678925
0.5411371237458195
0.5264214046822742
0.4782608695652174
0.5150501672240801
0.5551839464882942
0.5056856187290969
0.4729096989966554
0.4615384615384615
0.47157190635451507
0.4722408026755852
0.4040133779264215
0.3906354515050167
0.45484949832775917
0.4073578595317725
0.4
0.46354515050167233
0.4829431438127091
0.6227424749163879
0.5250836120401339
0.48762541806020065
0.5384615384615385
0.47491638795986624
0.4662207357859532
0.47558528428093644
0.4983277591973244
0.4695652173913043
0.4635451505016722
0.5324414715719065
0.4662207357859532
0.4903010033444817
0.46354515050167217
0.48829431438127086
0.5270903010033445
0.40936454849498327
0.4521739130434783
0.4782608695652174
0.44013377926421404
0.5003344481605352
0.5551839464882944
0.5377926421404682
0.6093645484949832
0.5986622073578595
0.6561872909698996
0.662876254180602
0.6755852842809364
0.6080267558528428
0.6080267558528428
0.5518394648829432
0.5411371237458195
0.5565217391304348
0.5190635451505017
0.43076923076923085
0.5311036789297658
0.525752508361204
0.46220735785953176
0.4809364548494983
0.5070234113712375
0.49498327759197325
0.5357859531772575
0.45083612040133775
0.45150501672240806
0.5083612040133779
0.47892976588628766
0.5678929765886288
0.597324414715719
0.5050167224080268
0.46488294314381273
0.5090301003344482
0.537123745819398
0.5063545150501672
0.44280936454849495
0.5230769230769231
0.5244147157190635
0.5645484949832775
0.4856187290969899
0.49163879598662213
0.46889632107023405
0.4153846153846154
0.517056856187291
0.5959866220735787
0.6167224080267558
0.5404682274247492
0.5518394648829432
0.5351170568561873
0.6548494983277592
0.6822742474916388
0.6187290969899666
0.6033444816053511
0.577257525083612
0.5331103678929765
0.5672240802675586
0.6541806020066889
0.7090301003344481
0.6722408026755853
0.6709030100334448
0.6642140468227424
0.703010033444816
0.7270903010033445
0.7177257525083611
0.6013377926421404
0.6046822742474917
0.5886287625418061
0.5966555183946488
0.7070234113712374
0.6963210702341136
0.6903010033444816
0.651505016722408
0.6354515050167224
0.6066889632107023
0.5130434782608695
0.482943143812709
0.4655518394648829
0.4735785953177258
0.5123745819397993
0.5558528428093645
0.5130434782608695
0.5812709030100335
0.5966555183946489
0.5491638795986622
0.5096989966555183
0.4802675585284281
0.4622073578595317
0.47157190635451507
0.4862876254180602
0.5076923076923077
0.4
0.4120401337792642
0.3016722408026756
0.45150501672240806
0.4682274247491639
0.5023411371237458
0.5672240802675586
0.6260869565217392
0.5665551839464883
0.5391304347826087
0.6254180602006689
0.5719063545150501
0.651505016722408
0.5819397993311036
0.5525083612040134
0.5518394648829431
0.6247491638795986
0.6488294314381271
0.651505016722408
0.5812709030100335
0.6053511705685619
0.5658862876254181
0.48829431438127086
0.46889632107023405
0.49498327759197325
0.5204013377926422
0.6053511705685619
0.6100334448160536
0.6347826086956523
0.6321070234113713
0.6013377926421405
0.6341137123745819
0.6595317725752509
0.6709030100334449
0.7304347826086957
0.671571906354515
0.7397993311036789
0.676923076923077
0.642809364548495
0.5832775919732441
0.6020066889632107
0.5806020066889632
0.6040133779264213
0.5926421404682275
0.5933110367892976
0.5719063545150502
0.6053511705685619
0.5939799331103679
0.6066889632107023
0.6334448160535118
0.6200668896321069
0.6107023411371237
0.6013377926421406
0.4521739130434783
0.5096989966555183
0.534448160535117
0.4207357859531773
0.35050167224080264
0.4120401337792643
0.4207357859531773
0.4729096989966555
0.4046822742474917
0.5284280936454849
0.505685618729097
0.4448160535117057
0.37525083612040133
0.4207357859531773
0.41137123745819404
0.4488294314381271
0.4374581939799331
0.40267558528428093
0.45886287625418054
0.47625418060200664
0.5371237458193979
0.5444816053511706
0.47157190635451507
0.47491638795986624
0.47023411371237456
0.5919732441471572
0.5658862876254179
0.5732441471571906
0.6107023411371237
0.5939799331103679
0.5391304347826087
0.5785953177257526
0.5237458193979933
0.5953177257525083
0.5732441471571906
0.6762541806020067
0.6996655518394649
0.6762541806020066
0.6949832775919732
0.6849498327759197
0.6307692307692307
0.6167224080267558
0.6133779264214047
0.6280936454849498
0.6541806020066889
0.6434782608695653
0.5284280936454848
0.5224080267558529
0.4816053511705686
0.5484949832775919
0.6274247491638796
0.6280936454849498
0.6254180602006689
0.6722408026755853
0.717056856187291
0.6561872909698997
0.6294314381270902
0.6006688963210702
0.5297658862876254
0.5832775919732441
0.6120401337792643
0.6026755852842809
0.6729096989966555
0.6849498327759198
0.5913043478260869
0.6421404682274248
0.6153846153846154
0.6775919732441471
0.5966555183946488
0.6107023411371237
0.6187290969899666
0.719732441471572
0.6093645484949832
0.7103678929765886
0.696989966555184
0.6949832775919732
0.7237458193979933
0.6762541806020067
0.7377926421404682
0.7698996655518394
0.7384615384615385
0.7411371237458193
0.6548494983277593
0.6688963210702341
0.6147157190635453
0.6816053511705686
0.696989966555184
0.6408026755852843
0.7518394648829431
0.7739130434782608
0.6709030100334449
0.7177257525083611
0.7505016722408027
0.774581939799331
0.7411371237458194
0.7464882943143814
0.6889632107023412
0.737123745819398
0.7277591973244146
0.6896321070234114
0.7531772575250836
0.7357859531772575
0.6147157190635452
0.620066889632107
0.6200668896321071
0.5765886287625419
0.6408026755852843
0.6675585284280936
0.6448160535117057
0.5993311036789297
0.5939799331103679
0.6173913043478261
0.5986622073578596
0.505685618729097
0.5538461538461539
0.41003344481605347
0.43411371237458196
0.4575250836120401
0.45551839464882943
0.45953177257525085
0.47558528428093644
0.4969899665551839
0.5752508361204013
0.5993311036789297
0.5879598662207359
0.6066889632107023
0.6655518394648829
0.5986622073578596
0.6066889632107023
0.620066889632107
0.6267558528428093
0.5478260869565217
0.6040133779264214
0.5250836120401338
0.5210702341137123
0.43545150501672236
0.5618729096989966
0.5371237458193979
0.5404682274247492
0.534448160535117
0.6033444816053511
0.5866220735785953
0.5311036789297658
0.5819397993311036
0.5531772575250836
0.5819397993311036
0.5719063545150502
0.6120401337792643
0.6428093645484949
0.62876254180602
0.5819397993311036
0.5612040133779265
0.4969899665551839
0.5926421404682275
0.5083612040133779
0.5498327759197325
0.4923076923076922
0.494314381270903
0.48695652173913045
0.505685618729097
0.42207357859531774
0.5404682274247492
0.6180602006688963
0.6541806020066889
0.6260869565217392
0.6682274247491639
0.6414715719063544
0.6193979933110367
0.6541806020066889
0.6936454849498328
0.6428093645484949
0.728428093645485
0.7190635451505016
0.6862876254180603
0.7431438127090302
0.6943143812709031
0.7096989966555184
0.7872909698996656
0.6775919732441471
0.6581939799331104
0.6989966555183946
0.7096989966555183
0.6046822742474915
0.6762541806020067
0.6408026755852843
0.6581939799331102
0.5792642140468227
0.5732441471571906
0.5250836120401338
0.49565217391304356
0.5284280936454849
0.5866220735785953
0.5551839464882944
0.5752508361204014
0.6046822742474917
0.6909698996655519
0.6053511705685618
0.5765886287625418
0.6307692307692309
0.5591973244147157
0.6374581939799331
0.6066889632107023
0.6508361204013378
0.676923076923077
0.5719063545150502
0.5638795986622074
0.6929765886287625
0.5986622073578596
0.7264214046822742
0.7063545150501672
0.6314381270903009
0.6541806020066889
0.5391304347826087
0.5785953177257526
0.5745819397993311
0.5518394648829432
0.5752508361204013
0.6441471571906354
0.6301003344481606
0.6668896321070233
0.6414715719063546
0.6347826086956522
0.6408026755852843
0.6762541806020066
0.6474916387959867
0.5772575250836119
0.588628762541806
0.5471571906354515
0.5698996655518395
0.5150501672240803
0.5444816053511705
0.5364548494983278
0.6367892976588629
0.585953177257525
0.5411371237458193
0.5030100334448161
0.4020066889632107
0.4468227424749164
0.4488294314381271
0.4
0.4334448160535117
0.2936454849498328
0.2287625418060201
0.2983277591973244
0.26287625418060206
0.3150501672240803
0.34247491638795985
0.36053511705685615
0.32909698996655523
0.4441471571906354
0.4682274247491639
0.6207357859531772
0.6749163879598662
0.622742474916388
0.6026755852842809
0.651505016722408
0.6675585284280936
0.7270903010033445
0.6702341137123746
0.6903010033444816
0.6702341137123746
0.6722408026755853
0.7023411371237459
0.7157190635451505
0.734448160535117
0.7719063545150502
0.7538461538461538
0.6749163879598663
0.6347826086956522
0.6
0.6167224080267559
0.6020066889632107
0.700334448160535
0.6809364548494983
0.6615384615384615
0.6989966555183946
0.671571906354515
0.7237458193979933
0.7632107023411371
0.7605351170568562
0.7926421404682275
0.7424749163879599
0.7043478260869567
0.6822742474916388
0.6648829431438127
0.6548494983277592
0.5431438127090301
0.6060200668896322
0.6742474916387959
0.6608695652173913
0.6053511705685619
0.6153846153846154
0.6180602006688963
0.5732441471571906
0.534448160535117
0.5719063545150501
0.5464882943143812
0.5973244147157191
0.5237458193979933
0.49565217391304345
0.5210702341137124
0.6214046822742475
0.6367892976588628
0.6294314381270902
0.5311036789297658
0.5311036789297658
0.5424749163879599
0.5819397993311036
0.6394648829431439
0.5444816053511705
0.496989966555184
0.6066889632107023
0.6347826086956522
0.6234113712374583
0.5484949832775919
0.6729096989966555
0.7110367892976589
0.717056856187291
0.6468227424749164
0.5725752508361204
0.5010033444816054
0.5478260869565218
0.608695652173913
0.6394648829431437
0.6180602006688962
0.5645484949832775
0.6046822742474917
0.6314381270903009
0.6989966555183946
0.7551839464882943
0.7010033444816053
0.8020066889632107
0.7237458193979933
0.7016722408026755
0.7331103678929766
0.7826086956521738
0.7759197324414715
0.7866220735785954
0.7351170568561873
0.8013377926421406
0.8307692307692308
0.788628762541806
0.737123745819398
0.6688963210702341
0.6822742474916389
0.6675585284280936
0.6936454849498328
0.6755852842809364
0.5966555183946488
0.7036789297658863
0.6
0.6160535117056856
0.5953177257525084
0.6200668896321071
0.5719063545150502
0.537123745819398
0.5926421404682274
0.5986622073578595
0.5397993311036788
0.4769230769230769
0.5230769230769231
0.5290969899665552
0.5418060200668897
0.4414715719063545
0.47157190635451507
0.5043478260869565
0.5317725752508361
0.5331103678929766
0.517056856187291
0.5297658862876254
0.4882943143812709
0.45953177257525085
0.4441471571906355
0.4809364548494983
0.45150501672240806
0.5163879598662208
0.3712374581939799
0.2903010033444816
0.3966555183946488
0.3652173913043478
0.40401337792642134
0.4133779264214047
0.4
0.38929765886287626
0.4020066889632107
0.3538461538461538
0.4568561872909699
0.47892976588628766
0.4207357859531773
0.3919732441471572
0.3926421404682275
0.4769230769230769
0.4642140468227424
0.5183946488294314
0.545819397993311
0.4729096989966555
0.4816053511705686
0.5190635451505017
0.5411371237458195
0.6341137123745819
0.5785953177257526
0.5290969899665552
0.5050167224080268
0.5484949832775919
0.6454849498327759
0.6809364548494984
0.6187290969899666
0.6294314381270903
0.6234113712374583
0.6040133779264214
0.6481605351170568
0.6301003344481606
0.6073578595317726
0.6227424749163879
0.6240802675585284
0.7123745819397993
0.676923076923077
0.6983277591973244
0.6889632107023411
0.7505016722408027
0.6762541806020067
0.6060200668896321
0.5832775919732441
0.682943143812709
0.6367892976588628
0.5819397993311037
0.6675585284280936
0.6849498327759196
0.7431438127090301
0.6207357859531772
0.5478260869565217
0.5438127090301004
0.5204013377926422
0.5183946488294314
0.5759197324414715
0.5585284280936454
0.5183946488294314
0.5177257525083612
0.5270903010033445
0.451505016722408
0.34615384615384615
0.338628762541806
0.31270903010033446
0.3068561872909699
0.41722408026755853
0.34698996655518394
0.5301003344481605
0.4122073578595318
0.3361204013377927
0.32107023411371244
0.367056856187291
0.40301003344481606
0.34698996655518394
0.23494983277591974
0.18812709030100333
0.2140468227424749
0.2006688963210702
0.23494983277591971
0.29431438127090304
0.3361204013377926
0.3394648829431438
0.33277591973244147
0.29347826086956524
0.3302675585284281
0.39715719063545146
0.3595317725752508
0.4264214046822742
0.4364548494983278
0.39214046822742477
0.3486622073578595
0.3102006688963211
0.3662207357859532
0.46739130434782605
0.5317725752508361
0.4882943143812709
0.5108695652173914
0.6053511705685619
0.6137123745819398
0.6354515050167224
0.6178929765886287
0.7006688963210703
0.61371237458194
0.5785953177257525
0.580267558528428
0.6036789297658863
0.5292642140468228
0.5359531772575251
0.632943143812709
0.6981605351170569
0.6964882943143813
0.7249163879598662
0.5861204013377926
0.5117056856187291
0.44147157190635455
0.4832775919732441
0.4866220735785953
0.41471571906354515
0.5209030100334447
0.4180602006688963
0.4732441471571906
0.41304347826086957
0.3988294314381271
0.45150501672240806
0.4548494983277592
0.40301003344481606
0.35618729096989965
0.3494983277591973
0.32525083612040134
0.38210702341137126
0.4397993311036789
0.39799331103678925
0.26505016722408026
0.21822742474916387
0.32608695652173914
0.4381270903010034
0.3486622073578595
0.2399665551839465
0.3695652173913043
0.3996655518394649
0.3787625418060201
0.3586956521739131
0.4439799331103679
0.40551839464882944
0.41137123745819393
0.5025083612040133
0.35618729096989965
0.4406354515050167
0.5518394648829431
0.5576923076923077
0.5827759197324415
0.6521739130434783
0.6747491638795986
0.7040133779264214
0.75
0.6212374581939799
0.5869565217391305
0.6095317725752508
0.4924749163879598
0.5225752508361204
0.5367892976588629
0.6204013377926421
0.6580267558528428
0.697324414715719
0.6371237458193979
0.6463210702341137
0.5836120401337792
0.5710702341137124
0.588628762541806
0.5326086956521738
0.5342809364548495
0.4665551839464883
0.4088628762541806
0.5008361204013378
0.6304347826086956
0.7115384615384616
0.7792642140468227
0.6680602006688963
0.6688963210702341
0.6747491638795987
0.7073578595317727
0.6839464882943144
0.7374581939799332
0.6864548494983277
0.6705685618729097
0.6555183946488294
0.6914715719063546
0.6488294314381271
0.7959866220735786
0.7667224080267558
0.7207357859531772
0.7633779264214047
0.7316053511705686
0.705685618729097
0.6647157190635451
0.6479933110367894
0.7090301003344481
0.7675585284280936
0.7433110367892977
0.7541806020066889
0.7357859531772576
0.6120401337792643
0.6036789297658862
0.5392976588628762
0.649665551839465
0.7006688963210702
0.5627090301003345
0.6613712374581939
0.7015050167224081
0.6438127090301003
0.6588628762541806
0.6145484949832776
0.6237458193979933
0.6178929765886287
0.6312709030100334
0.4707357859531773
0.4406354515050167
0.5418060200668896
0.5635451505016722
0.6153846153846154
0.540133779264214
0.46321070234113715
0.4105351170568562
0.41053511705685625
0.40301003344481606
0.3979933110367893
0.39966555183946495
0.46488294314381273
0.4197324414715719
0.33612040133779264
0.34448160535117056
0.2909698996655518
0.4866220735785953
0.5016722408026756
0.5250836120401338
0.5510033444816054
0.6354515050167224
0.6438127090301002
0.7408026755852843
0.6998327759197325
0.7349498327759197
0.7817725752508361
0.790133779264214
0.7558528428093645
0.7157190635451505
0.6764214046822743
0.6605351170568562
0.6889632107023411
0.6630434782608696
0.6546822742474917
0.6312709030100334
0.7065217391304348
0.7725752508361203
0.6413043478260869
0.734113712374582
0.7817725752508361
0.8319397993311037
0.7909698996655519
0.8235785953177257
0.8553511705685618
0.9255852842809364
0.9046822742474916
0.7516722408026756
0.7274247491638796
0.725752508361204
0.673913043478261
0.7374581939799331
0.7140468227424749
0.6739130434782609
0.6630434782608695
0.6488294314381271
0.6279264214046822
0.5501672240802675
0.5209030100334447
0.41722408026755853
0.41722408026755853
0.515886287625418
0.47324414715719065
0.48578595317725753
0.4974916387959867
0.4406354515050167
0.45317725752508364
0.4707357859531772
0.5551839464882944
0.5484949832775919
0.5384615384615384
0.41555183946488294
0.4531772575250836
0.544314381270903
0.5476588628762542
0.6413043478260869
0.5777591973244147
0.46488294314381273
0.44314381270903014
0.4439799331103679
0.40551839464882944
0.4088628762541806
0.35535117056856186
0.5125418060200669
0.5058528428093646
0.4941471571906355
0.4765886287625418
0.4531772575250836
0.4816053511705686
0.5627090301003345
0.5811036789297659
0.548494983277592
0.5225752508361203
0.5100334448160535
0.5209030100334449
0.46488294314381273
0.5543478260869565
0.3996655518394649
0.3804347826086957
0.3202341137123746
0.33695652173913043
0.3436454849498328
0.4280936454849499
0.3695652173913043
0.3536789297658863
0.38545150501672243
0.31438127090301005
0.2583612040133779
0.22324414715719063
0.2792642140468227
0.2951505016722408
0.27842809364548493
0.31438127090301005
0.36705685618729095
0.24163879598662208
0.27759197324414714
0.30685618729096986
0.3035117056856187
0.3219063545150501
0.3377926421404682
0.3277591973244147
0.35033444816053516
0.3737458193979933
0.30434782608695654
0.2792642140468228
0.30936454849498324
0.42809364548494977
0.5301003344481605
0.45317725752508353
0.4707357859531772
0.4188963210702341
0.3244147157190635
0.3862876254180602
0.40802675585284276
0.3929765886287625
0.42474916387959866
0.45234113712374585
0.5459866220735786
0.4297658862876254
0.43812709030100333
0.4874581939799331
0.3879598662207358
0.41722408026755853
0.4506688963210702
0.4439799331103678
0.44648829431438125
0.44147157190635455
0.520066889632107
0.5008361204013377
0.47491638795986624
0.46989966555183943
0.5342809364548495
0.5225752508361203
0.5877926421404682
0.6254180602006689
0.6270903010033445
0.6421404682274248
0.6078595317725752
0.6061872909698997
0.5627090301003345
0.5785953177257525
0.6270903010033444
0.5861204013377926
0.47491638795986624
0.5234113712374582
0.44816053511705684
0.5083612040133779
0.46739130434782605
0.5142140468227425
0.5225752508361204
0.49080267558528434
0.5091973244147157
0.4640468227424749
0.5142140468227424
0.520066889632107
0.5434782608695652
0.47742474916387956
0.5334448160535117
0.5426421404682275
0.6070234113712374
0.7575250836120402
0.6814381270903009
0.6663879598662207
0.5326086956521738
0.4506688963210702
0.3804347826086957
0.4816053511705686
0.30936454849498324
0.2625418060200669
0.358695652173913
0.3210702341137124
0.4197324414715719
0.44648829431438125
0.45735785953177255
0.4816053511705686
0.5284280936454849
0.5091973244147157
0.451505016722408
0.4414715719063545
0.5568561872909699
0.6881270903010034
0.5535117056856187
0.5702341137123745
0.5660535117056856
0.5033444816053512
0.6020066889632107
0.6747491638795986
0.6872909698996655
0.7015050167224081
0.6864548494983277
0.6772575250836121
0.6797658862876255
0.6538461538461539
0.6747491638795986
0.6312709030100334
0.6839464882943144
0.7031772575250836
0.5150501672240803
0.5066889632107023
0.5250836120401338
0.5543478260869565
0.5334448160535117
0.4908026755852843
0.45903010033444813
0.3645484949832776
0.4180602006688963
0.4172240802675585
0.3996655518394649
0.46571906354515047
0.45652173913043476
0.608695652173913
0.5903010033444817
0.5016722408026756
0.5677257525083612
0.6045150501672241
0.5150501672240803
0.5827759197324415
0.5008361204013378
0.49498327759197325
0.6429765886287626
0.6663879598662208
0.5334448160535117
0.4991638795986622
0.4347826086956522
0.5150501672240803
0.35618729096989965
0.3988294314381271
0.46739130434782605
0.532608695652174
0.5794314381270903
0.515886287625418
0.4439799331103679
0.4489966555183946
0.5150501672240803
0.46571906354515047
0.49080267558528423
0.6011705685618729
0.56438127090301
0.5510033444816054
0.5016722408026756
0.49916387959866226
0.4423076923076923
0.41387959866220736
0.43729096989966554
0.5476588628762542
0.5986622073578595
0.5576923076923077
0.6588628762541806
0.6747491638795987
0.5058528428093645
0.4498327759197325
0.41304347826086957
0.382943143812709
0.3202341137123746
0.28762541806020064
0.3051839464882943
0.3913043478260869
0.3745819397993311
0.43143812709030094
0.36705685618729095
0.5066889632107023
0.4790969899665552
0.5376254180602007
0.596989966555184
0.5953177257525084
0.5953177257525084
0.5794314381270902
0.6530100334448161
0.6839464882943144
0.6379598662207357
0.6421404682274248
0.5836120401337792
0.5785953177257526
0.48411371237458195
0.46404682274247494
0.4857859531772575
0.4607023411371237
0.43812709030100333
0.5284280936454849
0.4740802675585284
0.552675585284281
0.4857859531772575
0.48327759197324416
0.56438127090301
0.5493311036789298
0.5259197324414715
0.544314381270903
0.42642140468227424
0.29096989966555187
0.32441471571906355
0.3603678929765886
0.31438127090301005
0.21822742474916385
0.18729096989966557
0.22826086956521738
0.31688963210702337
0.34698996655518394
0.294314381270903
0.3612040133779264
0.26421404682274247
0.30852842809364545
0.40301003344481606
0.3821070234113712
0.3528428093645485
0.2817725752508361
0.30685618729096986
0.25
0.3110367892976589
0.3419732441471572
0.37207357859531776
0.382943143812709
0.41889632107023406
0.43394648829431437
0.5033444816053512
0.5317725752508362
0.5250836120401338
0.552675585284281
0.552675585284281
0.5250836120401338
0.5493311036789297
0.5125418060200668
0.4983277591973244
0.5192307692307692
0.5685618729096991
0.49999999999999994
0.5535117056856187
0.6881270903010033
0.5886287625418061
0.5175585284280937
0.5969899665551839
0.5066889632107023
0.495819397993311
0.4122073578595318
0.40802675585284276
0.4280936454849499
0.3821070234113712
0.338628762541806
0.41638795986622074
0.38795986622073575
0.4790969899665552
0.6086956521739131
0.588628762541806
0.5351170568561874
0.43812709030100333
0.4598662207357859
0.3904682274247492
0.38545150501672243
0.33695652173913043
0.22742474916387959
0.1939799331103679
0.2717391304347826
0.1596989966555184
0.19732441471571904
0.2491638795986622
0.3010033444816054
0.3269230769230769
0.3193979933110368
0.3996655518394649
0.33612040133779264
0.4306020066889632
0.43478260869565216
0.44732441471571904
0.3904682274247492
0.49916387959866226
0.5234113712374582
0.49331103678929766
0.43729096989966554
0.532608695652174
0.43394648829431437
0.43729096989966554
0.5183946488294314
0.4623745819397993
0.6513377926421404
0.5785953177257526
0.552675585284281
0.4665551839464883
0.4924749163879599
0.4816053511705686
0.47157190635451507
0.5618729096989966
0.6128762541806021
0.6697324414715718
0.6538461538461539
0.6086956521739131
0.560200668896321
0.6020066889632107
0.5652173913043478
0.5961538461538461
0.6170568561872909
0.5267558528428093
0.5685618729096991
0.4899665551839465
0.47491638795986624
0.3695652173913043
0.49163879598662213
0.4682274247491639
0.47826086956521746
0.4331103678929766
0.6178929765886287
0.6086956521739131
0.6237458193979933
0.7249163879598662
0.774247491638796
0.8010033444816053
0.8127090301003344
0.8244147157190636
0.8252508361204013
0.8127090301003346
0.7650501672240803
0.8252508361204013
0.8411371237458193
0.7617056856187291
0.7817725752508361
0.8486622073578596
0.7265886287625418
0.8035117056856188
0.774247491638796
0.7391304347826086
0.8294314381270902
0.7934782608695652
0.8620401337792643
0.7792642140468227
0.7073578595317724
0.7750836120401337
0.725752508361204
0.7190635451505017
0.7307692307692308
0.7048494983277591
0.7366220735785953
0.714046822742475
0.7132107023411371
0.520066889632107
0.632943143812709
0.6262541806020068
0.6254180602006689
0.6463210702341138
0.632943143812709
0.6295986622073578
0.693979933110368
0.669732441471572
0.6638795986622072
0.5886287625418061
0.6270903010033445
0.7165551839464883
0.7207357859531772
0.6396321070234113
0.5794314381270903
0.5535117056856187
0.5593645484949833
0.5794314381270903
0.6304347826086957
0.5
0.4941471571906355
0.5359531772575251
0.4648829431438127
0.4448160535117057
0.43645484949832775
0.46404682274247494
0.49498327759197325
0.600334448160535
0.5986622073578596
0.6513377926421404
0.6638795986622074
0.729933110367893
0.6680602006688963
0.6563545150501672
0.6028428093645485
0.6521739130434783
0.6605351170568563
0.6178929765886287
0.5877926421404682
0.5183946488294314
0.6346153846153846
0.6212374581939799
0.7148829431438126
0.7006688963210703
0.6647157190635451
0.7207357859531772
0.7073578595317725
0.734113712374582
0.7717391304347826
0.6739130434782609
0.7324414715719063
0.7483277591973245
0.7107023411371237
0.6889632107023411
0.6421404682274248
0.5292642140468227
0.6095317725752508
0.6086956521739131
0.6421404682274248
0.6571906354515049
0.6638795986622074
0.6254180602006689
0.5451505016722409
0.669732441471572
0.6822742474916388
0.7483277591973244
0.7717391304347826
0.765886287625418
0.7817725752508362
0.7274247491638797
0.7516722408026756
0.7433110367892977
0.8637123745819398
0.7842809364548495
0.7734113712374582
0.8235785953177257
0.9005016722408028
0.7575250836120402
0.7642140468227425
0.7750836120401338
0.7341137123745819
0.7583612040133779
0.7240802675585285
0.7391304347826086
0.6789297658862876
0.6989966555183946
0.7892976588628762
0.778428093645485
0.8478260869565217
0.7132107023411371
0.6739130434782609
0.6354515050167224
0.6137123745819398
NaN
NaN
NaN
NaN
NaN
NaN
NaN
NaN
NaN
NaN
NaN
NaN
NaN
NaN
NaN
NaN
NaN
NaN
NaN
NaN
NaN
NaN
NaN
NaN
NaN
NaN
NaN
NaN
NaN
NaN
NaN
NaN
NaN
NaN
NaN
NaN
NaN
NaN
NaN
NaN
NaN
NaN
NaN
NaN
NaN
NaN
NaN
NaN
NaN
NaN
NaN
NaN
NaN
NaN
NaN
NaN
NaN
NaN
NaN
NaN
NaN
NaN
NaN
NaN
NaN
NaN
NaN
NaN
NaN
NaN
NaN
NaN
NaN
NaN
NaN
NaN
NaN
NaN
NaN
NaN
NaN
NaN
NaN
NaN
NaN
NaN
NaN
NaN
NaN
NaN
NaN
NaN
NaN
NaN
NaN
NaN
NaN
NaN
NaN
NaN
NaN
NaN
NaN
NaN
NaN
NaN
NaN
NaN
NaN
NaN
NaN
NaN
NaN
NaN
NaN
NaN
NaN
NaN
NaN
NaN
NaN
NaN
NaN
NaN
NaN
NaN
NaN
NaN
NaN
NaN
NaN
NaN
NaN
NaN
NaN
NaN
NaN
NaN
NaN
NaN
NaN
NaN
NaN
NaN
NaN
NaN
NaN
NaN
NaN
NaN
NaN
NaN
NaN
NaN
NaN
NaN
NaN
NaN
NaN
NaN
NaN
NaN
NaN
NaN
NaN
NaN
NaN
NaN
NaN
NaN
NaN
NaN
NaN
NaN
NaN
NaN
NaN
NaN
NaN
NaN
NaN
NaN
NaN
NaN
NaN
NaN
NaN
NaN
NaN
NaN
NaN
NaN
NaN
NaN
NaN
NaN
NaN
NaN
NaN
NaN
NaN
NaN
NaN
NaN
NaN
NaN
NaN
NaN
NaN
NaN
NaN
NaN
NaN
NaN
NaN
NaN
NaN
NaN
NaN
NaN
NaN
NaN
NaN
NaN
NaN
NaN
NaN
NaN
NaN
NaN
NaN
NaN
NaN
NaN
NaN
NaN
NaN
NaN
NaN
NaN
NaN
NaN
NaN
NaN
NaN
NaN
NaN
NaN
NaN
NaN
NaN
NaN
NaN
NaN
NaN
NaN
NaN
NaN
NaN
NaN
NaN
NaN
NaN
NaN
NaN
NaN
NaN
NaN
NaN
NaN
NaN
NaN
NaN
NaN
NaN
NaN
NaN
NaN
NaN
NaN
NaN
NaN
NaN
NaN
NaN
NaN
NaN
NaN
NaN
NaN
NaN
NaN
NaN
NaN
NaN
NaN
NaN
NaN
NaN
NaN
NaN
NaN
NaN
NaN
NaN
NaN
NaN
NaN
NaN
NaN
NaN
NaN
NaN
NaN
NaN
NaN
NaN
NaN
NaN
NaN
NaN
NaN
NaN
NaN
NaN
NaN
NaN
NaN
NaN
NaN
NaN
NaN
NaN
NaN
NaN
NaN
NaN
NaN
NaN
NaN
NaN
NaN
NaN
NaN
NaN
NaN
NaN
NaN
NaN
NaN
NaN
NaN
NaN
NaN
NaN
NaN
NaN
NaN
NaN
NaN
NaN
NaN
NaN
NaN
NaN
NaN
NaN
NaN
NaN
NaN
NaN
NaN
NaN
NaN
NaN
NaN
NaN
NaN
NaN
NaN
NaN
NaN
NaN
NaN
NaN
NaN
NaN
NaN
NaN
NaN
NaN
NaN
NaN
NaN
NaN
NaN
NaN
NaN
NaN
NaN
NaN
NaN
NaN
NaN
NaN
NaN
NaN
NaN
NaN
NaN
NaN
NaN
NaN
NaN
NaN
NaN
NaN
NaN
NaN
NaN
NaN
NaN
NaN
NaN
NaN
NaN
NaN
NaN
NaN
NaN
NaN
NaN
NaN
NaN
NaN
NaN
NaN
NaN
NaN
NaN
NaN
NaN
NaN
NaN
NaN
NaN
NaN
NaN
NaN
NaN
NaN
NaN
NaN
NaN
NaN
NaN
NaN
NaN
NaN
NaN
NaN
NaN
NaN
NaN
NaN
NaN
NaN
NaN
NaN
NaN
NaN
NaN
NaN
NaN
NaN
NaN
NaN
NaN
NaN
NaN
NaN
NaN
NaN
NaN
NaN
NaN
NaN
NaN
NaN
NaN
NaN
NaN
NaN
NaN
NaN
NaN
NaN
NaN
NaN
NaN
NaN
NaN
NaN
NaN
NaN
NaN
NaN
NaN
NaN
NaN
NaN
NaN
NaN
NaN
NaN
NaN
NaN
NaN
NaN
NaN
NaN
NaN
NaN
NaN
NaN
NaN
NaN
NaN
NaN
NaN
NaN
NaN
NaN
NaN
NaN
NaN
NaN
NaN
NaN
NaN
NaN
NaN
NaN
NaN
NaN
NaN
NaN
NaN
NaN
NaN
NaN
NaN
NaN
NaN
NaN
NaN
NaN
NaN
NaN
NaN
NaN
NaN
NaN
NaN
NaN
NaN
NaN
NaN
NaN
NaN
NaN
NaN
NaN
NaN
NaN
NaN
NaN
NaN
NaN
NaN
NaN
NaN
NaN
NaN
NaN
NaN
NaN
NaN
NaN
NaN
NaN
NaN
NaN
NaN
NaN
NaN
NaN
NaN
NaN
NaN
NaN
NaN
NaN
NaN
NaN
NaN
NaN
NaN
NaN
NaN
NaN
NaN
NaN
NaN
NaN
NaN
NaN
NaN
NaN
NaN
NaN
NaN
NaN
NaN
NaN
NaN
NaN
NaN
NaN
NaN
NaN
NaN
NaN
NaN
NaN
NaN
NaN
NaN
NaN
NaN
NaN
NaN
NaN
NaN
NaN
NaN
NaN
NaN
NaN
NaN
NaN
NaN
NaN
NaN
NaN
NaN
NaN
NaN
NaN
NaN
NaN
NaN
NaN
NaN
NaN
NaN
NaN
NaN
NaN
NaN
NaN
NaN
NaN
NaN
NaN
NaN
NaN
NaN
NaN
NaN
NaN
NaN
NaN
NaN
NaN
NaN
NaN
NaN
NaN
NaN
NaN
NaN
NaN
NaN
NaN
NaN
NaN
NaN
NaN
NaN
NaN
NaN
NaN
NaN
NaN
NaN
NaN
NaN
NaN
NaN
NaN
NaN
NaN
NaN
NaN
NaN
NaN
NaN
NaN
NaN
NaN
NaN
NaN
NaN
NaN
NaN
NaN
NaN
NaN
NaN
NaN
NaN
NaN
NaN
NaN
NaN
NaN
NaN
NaN
NaN
NaN
NaN
NaN
NaN
NaN
NaN
NaN
NaN
NaN
NaN
NaN
NaN
NaN
NaN
NaN
NaN
NaN
NaN
NaN
NaN
NaN
NaN
NaN
NaN
NaN
NaN
NaN
NaN
NaN
NaN
NaN
NaN
NaN
NaN
NaN
NaN
NaN
NaN
NaN
NaN
NaN
NaN
NaN
NaN
NaN
NaN
NaN
NaN
NaN
NaN
NaN
NaN
NaN
NaN
NaN
NaN
NaN
NaN
NaN
NaN
NaN
NaN
NaN
NaN
NaN
NaN
NaN
NaN
NaN
NaN
NaN
NaN
NaN
NaN
NaN
NaN
NaN
NaN
NaN
NaN
NaN
NaN
NaN
NaN
NaN
NaN
NaN
NaN
NaN
NaN
NaN
NaN
NaN
NaN
NaN
NaN
NaN
NaN
NaN
NaN
NaN
NaN
NaN
NaN
NaN
NaN
NaN
NaN
NaN
NaN
NaN
NaN
NaN
NaN
NaN
NaN
NaN
NaN
NaN
NaN
NaN
NaN
NaN
NaN
NaN
NaN
NaN
NaN
NaN
NaN
NaN
NaN
NaN
NaN
NaN
NaN
NaN
NaN
NaN
NaN
NaN
NaN
NaN
NaN
NaN
NaN
NaN
NaN
NaN
NaN
NaN
NaN
NaN
NaN
NaN
NaN
NaN
NaN
NaN
NaN
NaN
NaN
NaN
NaN
NaN
NaN
NaN
NaN
NaN
NaN
NaN
NaN
NaN
NaN
NaN
NaN
NaN
NaN
NaN
NaN
NaN
NaN
NaN
NaN
NaN
NaN
NaN
NaN
NaN
NaN
NaN
NaN
NaN
NaN
NaN
NaN
NaN
NaN
NaN
NaN
NaN
NaN
NaN
NaN
NaN
NaN
NaN
NaN
NaN
NaN
NaN
NaN
NaN
NaN
NaN
NaN
NaN
NaN
NaN
NaN
NaN
NaN
NaN
NaN
NaN
NaN
NaN
NaN
NaN
NaN
NaN
NaN
NaN
NaN
NaN
NaN
NaN
NaN
NaN
NaN
NaN
NaN
NaN
NaN
NaN
NaN
NaN
NaN
NaN
NaN
NaN
NaN
NaN
NaN
NaN
NaN
NaN
NaN
NaN
NaN
