0.07032418952618454
0.05635910224438904
0.07231920199501247
0.07281795511221945
0.08778054862842892
0.11670822942643391
0.20748129675810473
0.10374064837905236
0.11970074812967582
0.11920199501246884
0.142643391521197
0.142643391521197
0.1685785536159601
0.256857855361596
0.23341645885286785
0.30673316708229426
0.3496259351620947
0.4049875311720698
0.3516209476309227
0.2822942643391521
0.33965087281795514
0.3955112219451371
0.39950124688279304
0.3451371571072319
0.3271820448877806
0.26683291770573564
0.23241895261845386
0.314214463840399
0.2997506234413965
0.3052369077306733
0.3182044887780548
0.35261845386533663
0.42992518703241894
0.4324189526184538
0.4508728179551122
0.514713216957606
0.45336658354114706
0.4114713216957607
0.3596009975062344
0.35411471321695764
0.4069825436408977
0.35960099750623437
0.4179551122194514
0.3690773067331671
0.41296758104738157
0.4034912718204489
0.4802992518703242
0.4907730673316709
0.4219451371571072
0.5077306733167082
0.4887780548628429
0.5386533665835411
0.6194513715710723
0.6244389027431421
0.6558603491271822
0.6643391521197006
0.6274314214463841
0.6488778054862843
0.57356608478803
0.5561097256857855
0.5720698254364089
0.5820448877805486
0.6174563591022444
0.5910224438902743
0.56857855361596
0.5820448877805486
0.6189526184538654
0.5610972568578554
0.5830423940149625
0.6563591022443891
0.5620947630922692
0.5775561097256857
0.5406483790523691
0.54214463840399
0.6304239401496259
0.6862842892768081
0.6074812967581047
0.5625935162094763
0.6079800498753116
0.6513715710723192
0.6314214463840399
0.628428927680798
0.5925187032418953
0.5077306733167083
0.5501246882793017
0.5351620947630923
0.5635910224438903
0.5556109725685785
0.5117206982543641
0.47032418952618454
0.3915211970074813
0.43092269326683297
0.44339152119700753
0.5107231920199501
0.4748129675810473
0.4528678304239401
0.5037406483790523
0.4977556109725686
0.4817955112219451
0.44039900249376557
0.4872817955112219
0.454862842892768
0.4942643391521198
0.5206982543640898
0.5072319201995013
0.573067331670823
0.5067331670822942
0.5261845386533667
0.4982543640897755
0.5281795511221945
0.5725685785536161
0.6104738154613467
0.5960099750623442
0.5850374064837905
0.6029925187032419
0.5885286783042394
0.5855361596009976
0.57356608478803
0.5546134663341646
0.5541147132169575
0.5875311720698253
0.6054862842892768
0.6339152119700748
0.6204488778054863
0.5830423940149626
0.5356608478802992
0.5870324189526185
0.5516209476309226
0.49775561097256854
0.5276807980049876
0.517206982543641
0.4643391521197008
0.48279301745635905
0.5785536159600998
0.6643391521197006
0.6189526184538653
0.6204488778054863
0.6932668329177056
0.5890274314214464
0.5605985037406483
0.5775561097256858
0.6673316708229426
0.6832917705735662
0.6593516209476309
0.6244389027431421
0.7042394014962593
0.6997506234413965
0.6638403990024938
0.6817955112219451
0.6214463840399003
0.6713216957605985
0.6802992518703241
0.7037406483790523
0.6847880299251871
0.6658354114713217
0.599002493765586
0.6668329177057356
0.6214463840399003
0.656359102244389
0.6024937655860348
0.6194513715710723
0.6653366583541148
0.6164588528678304
0.5895261845386534
0.5890274314214464
0.5376558603491273
0.5276807980049875
0.5735660847880298
0.5486284289276808
0.5366583541147133
0.51571072319202
0.544139650872818
0.5241895261845386
0.5940149625935163
0.5795511221945138
0.5615960099750624
0.5800498753117207
0.5466334164588529
0.4433915211970074
0.5256857855361596
0.5261845386533666
0.5635910224438903
0.6119700748129675
0.5960099750623441
0.6473815461346634
0.739152119700748
0.6763092269326684
0.627930174563591
0.6817955112219451
0.7172069825436409
0.6229426433915212
0.687780548628429
0.6733167082294265
0.6518703241895263
0.654862842892768
0.62643391521197
0.6319201995012469
0.6229426433915212
0.6902743142144638
0.6788029925187032
0.6528678304239401
0.6214463840399003
0.6
0.6538653366583541
0.5630922693266832
0.5805486284289276
0.5955112219451372
0.5855361596009974
0.6603491271820449
0.6473815461346634
0.6493765586034912
0.658852867830424
0.6349127182044888
0.6344139650872818
0.5441396508728179
0.512219451371571
0.4623441396508728
0.5007481296758105
0.5266832917705736
0.4912718204488778
0.5541147132169575
0.6443890274314213
0.6668329177057356
0.655361596009975
0.6488778054862843
0.655361596009975
0.685286783042394
0.6807980049875312
0.685286783042394
0.6763092269326684
0.6538653366583541
0.6713216957605985
0.6433915211970074
0.6623441396508729
0.630423940149626
0.6788029925187031
0.7630922693266833
0.7775561097256858
0.8917705735660849
0.8403990024937655
0.800498753117207
0.8802992518703242
0.8698254364089776
0.769576059850374
0.8508728179551122
0.8847880299251869
0.8932668329177057
0.7675810473815461
0.7905236907730673
0.7785536159600996
0.8239401496259351
0.8069825436408978
0.7910224438902744
0.7281795511221946
0.7610972568578553
0.602493765586035
0.6239401496259352
0.6543640897755612
0.5875311720698255
0.6029925187032419
0.627930174563591
0.6403990024937656
0.5935162094763092
0.6678304239401497
0.6558603491271822
0.7461346633416459
0.716209476309227
0.7072319201995012
0.7366583541147133
0.8119700748129677
0.8349127182044886
0.8059850374064836
0.8438902743142144
0.8259351620947631
0.7920199501246883
0.7790523690773068
0.7635910224438902
0.7885286783042394
0.8024937655860349
0.7526184538653367
0.7511221945137156
0.7875311720698254
0.7735660847880299
0.888279301745636
0.8369077306733168
0.8044887780548627
0.8374064837905237
0.8264339152119702
0.7815461346633417
0.8433915211970074
0.8533665835411473
0.8029925187032418
0.8673316708229427
0.8418952618453865
0.8653366583541147
0.8139650872817956
0.8124688279301747
0.7281795511221946
0.740648379052369
0.685785536159601
0.7182044887780548
0.7032418952618453
0.756857855361596
0.7805486284289277
0.7412718204488777
0.8110972568578554
0.7811720698254364
0.7793017456359101
0.7512468827930174
0.6907730673316708
0.7125935162094763
0.7836658354114713
0.8304239401496258
0.8740648379052369
0.8360349127182045
0.8079800498753117
0.8965087281795511
0.747506234413965
0.722568578553616
0.7942643391521198
0.7711970074812967
0.7618453865336658
0.8728179551122195
0.8522443890274314
0.8129675810473815
0.7556109725685787
0.8210723192019951
0.7437655860349127
0.7549875311720698
0.6614713216957606
0.6970074812967582
0.6814214463840399
0.6271820448877805
0.692643391521197
0.7599750623441397
0.7425187032418953
0.6589775561097256
0.6377805486284289
0.6701995012468828
0.5903990024937655
0.5704488778054863
0.577930174563591
0.6103491271820449
0.6907730673316708
0.6539900249376558
0.64214463840399
0.669576059850374
0.6826683291770574
0.6465087281795511
0.7605985037406484
0.8223192019950124
0.7805486284289277
0.8036159600997507
0.7506234413965087
0.7874064837905236
0.8572319201995012
0.7892768079800498
0.8260598503740648
0.8229426433915212
0.8067331670822944
0.8229426433915212
0.8915211970074812
0.8896508728179551
0.8379052369077307
0.8541147132169576
0.8740648379052369
0.800498753117207
0.8597256857855362
0.8403990024937656
0.807356608478803
0.7350374064837906
0.7119700748129676
0.6465087281795512
0.6552369077306734
0.6396508728179551
0.649002493765586
0.6421446384039902
0.7082294264339153
0.7512468827930174
0.7238154613466334
0.7512468827930175
0.7655860349127181
0.7493765586034913
0.7549875311720697
0.8154613466334164
0.7911471321695761
0.733790523690773
0.7917705735660848
0.8036159600997506
0.8329177057356608
0.8684538653366582
0.8322942643391521
0.8977556109725685
0.8952618453865336
0.8254364089775561
0.7874064837905237
0.7892768079800498
0.7655860349127181
0.8403990024937655
0.8871571072319202
0.8553615960099751
0.837281795511222
0.8640897755610972
0.8354114713216957
0.8534912718204488
0.8160847880299252
0.8597256857855362
0.7948877805486284
0.7923940149625935
0.8260598503740648
0.7986284289276808
0.7874064837905238
0.8260598503740648
0.7973815461346634
0.8291770573566084
0.816708229426434
0.7437655860349127
0.7443890274314213
0.7817955112219452
0.8160847880299252
0.8647132169576061
0.8086034912718204
0.7724438902743143
0.7531172069825436
0.7886533665835411
0.7294264339152119
0.800498753117207
0.7213216957605986
0.7780548628428927
0.7805486284289276
0.7350374064837906
0.7961346633416458
0.8073566084788031
0.7381546134663342
0.7437655860349127
0.7537406483790524
0.7618453865336658
0.8123441396508728
0.7849127182044888
0.7973815461346634
0.8198254364089775
0.8971321695760599
0.8117206982543641
0.7942643391521196
0.7874064837905237
0.7468827930174563
0.7306733167082293
0.8079800498753117
0.7406483790523691
0.7711970074812967
0.7462593516209476
0.7325436408977556
0.7549875311720698
0.7450124688279303
0.7587281795511222
0.7188279301745637
0.7880299251870324
0.7375311720698254
0.7948877805486285
0.7830423940149626
0.752493765586035
0.816708229426434
0.8135910224438903
0.8721945137157108
0.7724438902743143
0.7967581047381546
0.7605985037406484
0.7955112219451372
0.7076059850374066
0.7624688279301746
0.756857855361596
0.7911471321695761
0.7394014962593517
0.6945137157107232
0.7961346633416458
0.7736907730673317
0.6514962593516209
0.5947630922693266
0.699501246882793
0.8042394014962594
0.7263092269326683
0.7406483790523692
0.8385286783042394
0.81857855361596
0.8347880299251871
0.7605985037406483
0.8104738154613467
0.8092269326683292
0.8036159600997507
0.8354114713216957
0.7406483790523691
0.692643391521197
0.7157107231920199
0.6807980049875312
0.7300498753117207
0.7337905236907731
0.8179551122194514
0.8223192019950125
0.7175810473815462
0.7481296758104738
0.6726932668329177
0.6209476309226933
0.6122194513715711
0.571072319201995
0.5199501246882793
0.6041147132169575
0.5405236907730673
0.5155860349127181
0.48067331670822944
0.5835411471321695
0.5
0.532418952618454
0.4937655860349127
0.5236907730673317
0.5305486284289277
0.5785536159600997
0.5523690773067331
0.5130922693266833
0.5087281795511223
0.5024937655860349
0.5467581047381547
0.5529925187032418
0.6296758104738155
0.5760598503740648
0.6521197007481296
0.6265586034912718
0.6758104738154613
0.7057356608478802
0.7194513715710723
0.7980049875311721
0.8460099750623442
0.922069825436409
0.8946384039900248
0.7892768079800498
0.8248129675810474
0.7942643391521196
0.8391521197007481
0.8634663341645885
0.7655860349127181
0.8403990024937655
0.7749376558603491
0.7150872817955112
0.7150872817955112
0.7443890274314215
0.6564837905236908
0.6714463840399002
0.6066084788029925
0.697007481296758
0.7687032418952618
0.7169576059850373
0.6988778054862843
0.6670822942643391
0.6789276807980049
0.6321695760598504
0.6870324189526185
0.7836658354114713
0.8198254364089776
0.7998753117206983
0.8721945137157108
0.8260598503740648
0.7955112219451372
0.8148379052369077
0.899002493765586
0.8746882793017456
0.8428927680798005
0.8584788029925188
0.8559850374064838
0.8672069825436408
0.837281795511222
0.8167082294264338
0.8516209476309227
0.8329177057356609
0.7805486284289277
0.786783042394015
0.7817955112219452
0.8379052369077307
0.8241895261845387
0.800498753117207
0.800498753117207
0.7942643391521196
0.8291770573566085
0.8123441396508728
0.7450124688279302
0.7044887780548629
0.7331670822942643
0.7425187032418952
0.8054862842892768
0.8403990024937655
0.8877805486284289
0.8123441396508728
0.7793017456359104
0.7743142144638404
0.7069825436408976
0.6801745635910224
0.740648379052369
0.8335411471321695
0.8921446384039899
0.807356608478803
0.8884039900249376
0.8372817955112218
0.7973815461346634
0.7817955112219452
0.8360349127182045
0.7905236907730673
0.7562344139650872
0.7973815461346634
0.7076059850374066
0.703865336658354
0.6826683291770573
0.7200748129675809
0.8110972568578554
0.7618453865336658
0.7206982543640899
0.7443890274314214
0.7543640897755611
0.8067331670822943
0.8198254364089776
0.802992518703242
0.7381546134663342
0.7998753117206983
0.7512468827930174
0.7817955112219452
0.7599750623441396
0.7942643391521197
0.7481296758104737
0.7643391521197007
0.800498753117207
0.8036159600997506
0.8572319201995013
0.8615960099750624
0.8110972568578554
0.731296758104738
0.7811720698254364
0.814214463840399
0.756857855361596
0.8204488778054864
0.841645885286783
0.8491271820448878
0.8129675810473815
0.821072319201995
0.8403990024937655
0.8653366583541148
0.837281795511222
0.7381546134663342
0.7450124688279303
0.763715710723192
0.8528678304239401
0.7599750623441397
0.8553615960099751
0.8229426433915212
0.7861596009975063
0.7250623441396508
0.7331670822942644
0.7793017456359103
0.7182044887780549
0.8023690773067331
0.8273067331670823
0.9152119700748129
0.8316708229426433
0.8379052369077307
0.8310473815461346
0.8322942643391522
0.8821695760598504
0.8802992518703241
0.8809226932668328
0.8117206982543641
0.7369077306733167
0.7855361596009975
0.8011221945137157
0.7674563591022444
0.7387780548628429
0.7300498753117206
0.7923940149625937
0.8092269326683291
0.7668329177057356
0.7992518703241895
0.7743142144638404
0.841645885286783
0.8198254364089774
0.7830423940149627
0.8460099750623442
0.8061097256857855
0.7724438902743143
0.8285536159600998
0.8422693266832918
0.8591022443890275
0.8428927680798005
0.8248129675810474
0.7630922693266833
0.8011221945137157
0.7842892768079801
0.814214463840399
0.8204488778054864
0.7955112219451372
0.8054862842892767
0.8310473815461346
0.8547381546134662
0.8410224438902743
0.8697007481296758
0.8422693266832918
0.841645885286783
0.8341645885286784
0.7880299251870324
0.7899002493765586
0.6945137157107232
0.7506234413965087
0.6614713216957606
0.584788029925187
0.580423940149626
0.5405236907730674
0.5679551122194514
0.6128428927680798
0.6596009975062345
0.6059850374064838
0.6677057356608479
0.6938902743142145
0.6733167082294265
0.7051122194513716
0.6714463840399002
0.6309226932668329
0.5829177057356609
0.5847880299251871
0.614713216957606
0.5810473815461347
0.5729426433915212
0.5523690773067331
0.6390274314214465
0.5978802992518704
0.7150872817955112
0.7493765586034913
0.6951371571072319
0.6384039900249376
0.7288029925187032
0.7319201995012469
0.7768079800498753
0.7418952618453866
0.7057356608478803
0.7861596009975063
0.7992518703241895
0.7986284289276808
0.7593516209476309
0.7369077306733168
0.7387780548628429
0.7630922693266833
0.6471321695760599
0.6683291770573565
0.6901496259351622
0.6876558603491272
0.6091022443890274
0.5960099750623441
0.3628428927680798
0.3316708229426434
0.31546134663341646
0.37905236907730677
0.3167082294264339
0.2805486284289277
0.29177057356608477
0.2630922693266833
0.3628428927680798
0.4002493765586035
0.39900249376558605
0.5361596009975063
0.527431421446384
0.48628428927680795
0.4950124688279302
0.5286783042394014
0.5124688279301746
0.5798004987531172
0.5648379052369077
0.5199501246882793
0.48753117206982544
0.5211970074812968
0.48254364089775564
0.49501246882793015
0.49501246882793015
0.47755610972568574
0.5199501246882793
0.5423940149625935
0.4164588528678304
0.5
0.4513715710723192
0.45885286783042395
0.527431421446384
0.48254364089775564
0.6097256857855362
0.4625935162094763
0.5024937655860349
0.45511221945137154
0.4476309226932668
0.6034912718204488
0.5386533665835411
0.5386533665835411
0.5
0.44014962593516205
0.48129675810473815
0.5423940149625935
0.5249376558603491
0.4850374064837905
0.6508728179551122
0.5960099750623441
0.5810473815461347
0.6084788029925188
0.7306733167082294
0.6346633416458853
0.7468827930174564
0.6932668329177057
0.655860349127182
0.6907730673316708
0.7256857855361596
0.770573566084788
0.6820448877805486
0.6508728179551122
0.8615960099750624
0.8890274314214464
0.8491271820448878
0.7942643391521197
0.814214463840399
0.7980049875311721
0.8192019950124688
0.8541147132169575
0.770573566084788
0.7655860349127181
0.7955112219451372
0.8192019950124689
0.7481296758104738
0.6783042394014962
0.5049875311720698
0.5498753117206983
0.6870324189526185
0.6870324189526185
0.8391521197007481
0.9089775561097257
0.85785536159601
0.8765586034912718
0.9114713216957606
0.9201995012468828
0.8578553615960101
0.9139650872817955
0.8491271820448878
0.7805486284289277
0.7618453865336658
0.8366583541147132
0.7980049875311721
0.6359102244389028
0.6708229426433916
0.6396508728179551
0.6334164588528679
0.655860349127182
0.5947630922693267
0.6346633416458853
0.6758104738154613
0.683291770573566
0.6820448877805486
0.699501246882793
0.6546134663341646
0.6321695760598504
0.6820448877805487
0.745635910224439
0.759351620947631
0.8491271820448878
0.8029925187032418
0.7830423940149627
0.7793017456359103
0.7605985037406484
0.7331670822942643
0.7331670822942644
0.6608478802992519
0.713216957605985
0.8528678304239401
0.8079800498753118
0.8566084788029925
0.7805486284289277
0.7718204488778055
0.6807980049875312
0.699501246882793
0.7668329177057357
0.6633416458852868
0.743142144638404
0.7182044887780549
0.7194513715710724
0.8329177057356609
0.8740648379052369
0.9089775561097257
0.8104738154613467
0.756857855361596
0.8428927680798005
0.8690773067331671
0.8167082294264338
0.7244389027431422
0.8491271820448878
0.7506234413965087
0.8491271820448878
0.9139650872817955
0.9139650872817955
0.8890274314214464
0.8703241895261846
0.8104738154613467
0.7493765586034913
0.756857855361596
0.8678304239401496
0.8478802992518704
0.7892768079800498
0.7892768079800498
0.7942643391521197
0.8902743142144638
0.9039900249376558
0.7768079800498753
0.8653366583541147
0.7830423940149627
0.8179551122194513
0.7942643391521197
0.8079800498753118
0.8117206982543641
0.8241895261845387
0.8615960099750624
0.773067331670823
0.672069825436409
0.6546134663341646
0.6845386533665835
0.6870324189526185
0.7630922693266833
0.6645885286783042
0.7107231920199502
0.6408977556109725
0.6184538653366584
0.6870324189526185
0.7468827930174564
0.7256857855361596
0.6608478802992519
0.7581047381546134
0.773067331670823
0.770573566084788
0.726932668329177
0.5922693266832918
0.6608478802992519
0.729426433915212
0.800498753117207
0.7032418952618453
0.672069825436409
0.6783042394014962
0.6359102244389028
0.8092269326683292
0.7992518703241895
0.7144638403990025
0.6770573566084788
0.699501246882793
0.6496259351620948
0.6907730673316709
0.5910224438902743
0.6458852867830425
0.7294264339152119
0.7032418952618453
0.587281795511222
0.6458852867830424
0.7319201995012469
0.5972568578553615
0.6745635910224439
0.7157107231920199
0.7182044887780549
0.7194513715710723
0.7518703241895262
0.7842892768079801
0.7630922693266833
0.7930174563591023
0.85785536159601
0.8690773067331671
0.8266832917705735
0.8478802992518704
0.8665835411471321
0.8379052369077307
0.8927680798004988
0.8690773067331671
0.8827930174563592
0.8379052369077307
0.8541147132169575
0.8778054862842892
0.8067331670822943
0.7780548628428927
0.7780548628428927
0.7057356608478803
0.7206982543640899
0.745635910224439
0.7518703241895262
0.8653366583541147
0.770573566084788
0.8379052369077307
0.7942643391521197
0.8566084788029925
0.9114713216957606
0.8566084788029925
0.8079800498753118
0.8690773067331671
0.8391521197007481
0.8952618453865336
0.7768079800498753
0.8079800498753118
0.9077306733167082
0.8541147132169575
0.7755610972568578
0.7830423940149627
0.7942643391521197
0.7331670822942643
0.7356608478802993
0.7194513715710723
0.699501246882793
0.6072319201995012
0.5822942643391521
0.6683291770573566
0.7144638403990025
0.6658354114713216
0.7044887780548629
0.6695760598503742
0.7019950124688279
0.756857855361596
0.8628428927680798
0.8977556109725686
0.8753117206982544
0.912718204488778
0.8029925187032418
0.740648379052369
0.8316708229426434
0.8902743142144638
0.8192019950124688
0.9027431421446384
0.8890274314214464
0.773067331670823
0.773067331670823
0.7518703241895262
0.786783042394015
0.7955112219451371
0.6620947630922693
0.6221945137157107
0.5860349127182045
0.6508728179551122
0.6633416458852868
0.7518703241895262
0.7381546134663342
0.6384039900249376
0.7468827930174564
0.6596009975062345
0.6047381546134664
0.6471321695760598
0.5623441396508728
0.5760598503740648
0.7493765586034913
0.8017456359102244
0.7630922693266833
0.8952618453865336
0.9014962593516209
0.9289276807980049
0.827930174563591
0.855361596009975
0.9152119700748129
0.8329177057356608
0.7780548628428927
0.8067331670822943
0.814214463840399
0.816708229426434
0.8541147132169575
0.8952618453865338
0.8129675810473815
0.731920199501247
0.7418952618453866
0.8154613466334164
0.7830423940149626
0.816708229426434
0.7019950124688279
0.8192019950124688
0.8541147132169575
0.885286783042394
0.8266832917705735
0.786783042394015
0.9077306733167083
0.9089775561097257
0.8291770573566084
0.8129675810473815
0.7381546134663342
0.7842892768079801
0.8391521197007481
0.8192019950124689
0.8366583541147132
0.6807980049875311
0.7032418952618453
0.7755610972568578
0.6882793017456359
0.6982543640897756
0.6907730673316708
0.5698254364089775
0.6408977556109725
0.5822942643391521
0.6458852867830424
0.6084788029925187
0.5623441396508728
0.5361596009975063
0.5162094763092269
0.5910224438902744
0.5523690773067331
0.48753117206982544
0.5947630922693267
0.5835411471321695
0.6371571072319202
0.6820448877805486
0.7069825436408977
0.6633416458852868
0.7119700748129676
0.7369077306733167
0.7256857855361596
0.6483790523690773
0.6546134663341646
0.7281795511221945
0.7331670822942644
0.6795511221945136
0.7755610972568578
0.6982543640897756
0.7793017456359101
0.6234413965087282
0.644638403990025
0.6496259351620948
0.6458852867830424
0.7044887780548629
0.6745635910224439
0.7394014962593516
0.7992518703241895
0.6421446384039899
0.6807980049875312
0.6783042394014963
0.6770573566084788
0.6845386533665836
0.7793017456359101
0.7344139650872819
0.6982543640897756
0.6658354114713216
0.7768079800498753
0.8478802992518704
0.8790523690773067
0.8615960099750624
0.7955112219451372
0.743142144638404
0.8341645885286784
0.8379052369077307
0.7331670822942644
0.8516209476309227
0.85785536159601
0.8316708229426434
0.6608478802992519
0.7917705735660847
0.8266832917705735
0.7805486284289276
0.9364089775561097
0.8478802992518704
0.7394014962593516
0.7655860349127181
0.6259351620947631
0.7356608478802993
0.6608478802992519
0.7643391521197007
0.6109725685785536
0.7094763092269327
0.6197007481296758
0.5897755610972568
0.5810473815461347
0.6408977556109726
0.6945137157107232
0.7069825436408977
0.7256857855361596
0.655860349127182
0.6845386533665836
0.6346633416458853
0.5561097256857855
0.6371571072319202
0.5810473815461347
0.45386533665835416
0.6458852867830424
0.6845386533665836
0.6059850374064838
0.6321695760598504
0.4912718204488778
0.571072319201995
0.5062344139650873
0.5561097256857855
0.5822942643391522
0.745635910224439
0.7144638403990025
0.8117206982543641
0.6321695760598504
0.7032418952618453
0.7144638403990025
0.7543640897755611
0.6795511221945137
0.669576059850374
0.6346633416458853
0.6234413965087282
0.5074812967581047
0.5773067331670823
0.5623441396508728
0.4763092269326683
0.5536159600997506
0.571072319201995
0.571072319201995
0.5236907730673317
0.486284289276808
0.41147132169576056
0.4800498753117207
0.6633416458852868
0.5935162094763092
0.6334164588528678
0.5947630922693267
0.5623441396508728
0.5112219451371571
0.5835411471321695
0.5660847880299251
0.5773067331670823
0.713216957605985
0.6059850374064838
0.7107231920199502
0.759351620947631
0.5573566084788031
0.6745635910224439
0.8054862842892768
0.6608478802992519
0.6321695760598504
0.7069825436408977
0.658354114713217
0.7493765586034913
0.743142144638404
0.6932668329177057
0.6745635910224439
0.6246882793017456
0.7618453865336658
0.699501246882793
0.7418952618453866
0.8216957605985038
0.7830423940149626
0.7793017456359101
0.6346633416458853
0.6172069825436408
0.5685785536159601
0.6047381546134664
0.6620947630922693
0.6633416458852868
0.5985037406483791
0.7668329177057356
0.7369077306733167
0.7144638403990025
0.7231920199501247
0.6396508728179551
0.6882793017456359
0.6870324189526185
0.7518703241895262
0.8703241895261845
0.8615960099750624
0.8354114713216958
0.899002493765586
0.7980049875311721
0.7281795511221945
0.8615960099750624
0.7980049875311721
0.786783042394015
0.8391521197007481
0.8416458852867831
0.8304239401496258
0.885286783042394
0.7942643391521197
0.786783042394015
0.6807980049875312
0.6109725685785536
0.6620947630922693
0.699501246882793
0.6932668329177057
0.6546134663341645
0.6446384039900249
0.683291770573566
0.64214463840399
0.6620947630922693
0.6695760598503742
0.6221945137157108
0.844139650872818
0.9064837905236908
0.8940149625935162
0.8428927680798005
0.8204488778054864
0.8204488778054863
0.912718204488778
0.8266832917705735
0.7955112219451372
0.8865336658354115
0.8503740648379052
0.7805486284289277
0.8266832917705735
0.7930174563591023
0.8167082294264338
0.7481296758104738
0.8104738154613467
0.855361596009975
0.7244389027431422
0.8229426433915212
0.8054862842892768
0.7942643391521197
0.8341645885286784
0.8179551122194514
0.8017456359102244
0.7643391521197007
0.6708229426433916
0.6770573566084788
0.7369077306733167
0.7655860349127181
0.5623441396508728
0.4937655860349127
0.46633416458852867
0.47381546134663344
0.39900249376558605
0.4089775561097257
0.5049875311720698
0.5860349127182045
0.5286783042394015
0.5024937655860349
0.5897755610972568
0.5548628428927681
0.6122194513715711
0.7244389027431422
0.7892768079800498
0.713216957605985
0.699501246882793
0.6807980049875312
0.726932668329177
0.7418952618453865
0.7668329177057356
0.7793017456359101
0.7805486284289277
0.7069825436408977
0.7356608478802993
0.8354114713216958
0.8379052369077307
0.7082294264339153
0.7693266832917706
0.7394014962593516
0.7344139650872819
0.6446384039900249
0.7107231920199502
0.6433915211970075
0.7506234413965087
0.6221945137157107
0.6483790523690773
0.6870324189526185
0.6508728179551122
0.6384039900249376
0.45261845386533667
0.6384039900249376
0.5361596009975063
0.5311720698254364
0.4650872817955112
0.4463840399002494
0.38902743142144636
0.36159600997506236
0.2718204488778055
0.3029925187032419
0.20324189526184538
0.22942643391521195
0.3491271820448878
0.28927680798004984
0.20199501246882795
0.256857855361596
0.37905236907730677
0.39276807980049877
0.2668329177057357
0.29052369077306733
0.5
0.5261845386533666
0.4339152119700748
0.4713216957605985
0.4713216957605985
0.5423940149625935
0.4226932668329177
0.48877805486284287
0.4488778054862843
0.4538653366583541
0.49875311720698257
0.5012468827930174
0.5099750623441397
0.49127182044887785
0.40523690773067333
0.46633416458852867
0.4339152119700748
0.5049875311720698
0.4850374064837905
0.5049875311720697
0.5199501246882793
0.5349127182044888
0.5
0.47630922693266836
0.44264339152119697
0.4613466334164588
0.4625935162094763
0.47880299251870323
0.5286783042394014
0.5012468827930174
0.6059850374064838
0.5885286783042394
0.49251870324189523
0.5224438902743143
0.5511221945137157
0.4825436408977556
0.57356608478803
0.41895261845386533
0.33541147132169574
0.516209476309227
0.49002493765586036
0.4314214463840399
0.5199501246882793
0.43640897755610975
0.3865336658354115
0.3790523690773067
0.4226932668329177
0.47880299251870323
0.4102244389027432
0.5087281795511223
0.4052369077306733
0.37531172069825436
0.4975062344139651
0.5187032418952618
0.43890274314214467
0.57356608478803
0.5548628428927681
0.6496259351620948
0.672069825436409
0.6658354114713216
0.49501246882793015
0.5673316708229427
0.6159600997506234
0.6483790523690773
0.5822942643391522
0.5935162094763092
0.6084788029925187
0.6234413965087282
0.5286783042394014
0.5049875311720698
0.47506234413965087
0.543640897755611
0.5548628428927681
0.5960099750623441
0.6433915211970075
0.6159600997506234
0.6246882793017456
0.5860349127182045
0.5885286783042394
0.48129675810473815
0.5822942643391521
0.5523690773067331
0.6122194513715711
0.6608478802992519
0.7231920199501247
0.7630922693266833
0.7306733167082294
0.6820448877805487
0.7605985037406484
0.8254364089775561
0.8079800498753117
0.8503740648379052
0.8591022443890274
0.8029925187032418
0.7967581047381547
0.7144638403990025
0.8029925187032418
0.8466334164588529
0.7506234413965087
0.7942643391521197
0.6596009975062345
0.7905236907730673
0.7144638403990025
0.7306733167082294
0.7082294264339152
0.8054862842892768
0.8915211970074813
0.7693266832917707
0.7643391521197007
0.7418952618453866
0.6733167082294265
0.6346633416458853
0.5822942643391522
0.57356608478803
0.5536159600997506
0.7182044887780549
0.6346633416458853
0.5561097256857855
0.6683291770573566
0.6396508728179551
0.6221945137157108
0.5922693266832918
0.4314214463840399
0.36783042394014964
0.5162094763092269
0.5785536159600997
0.5336658354114713
0.48877805486284287
0.49750623441396513
0.4351620947630923
0.4600997506234414
0.4389027431421446
0.3765586034912718
0.35037406483790523
NaN
NaN
NaN
NaN
NaN
NaN
NaN
NaN
NaN
NaN
NaN
NaN
NaN
NaN
NaN
NaN
NaN
NaN
NaN
NaN
NaN
NaN
NaN
NaN
NaN
NaN
NaN
NaN
NaN
NaN
NaN
NaN
NaN
NaN
NaN
NaN
NaN
NaN
NaN
NaN
NaN
NaN
NaN
NaN
NaN
NaN
NaN
NaN
NaN
NaN
NaN
NaN
NaN
NaN
NaN
NaN
NaN
NaN
NaN
NaN
NaN
NaN
NaN
NaN
NaN
NaN
NaN
NaN
NaN
NaN
NaN
NaN
NaN
NaN
NaN
NaN
NaN
NaN
NaN
NaN
NaN
NaN
NaN
NaN
NaN
NaN
NaN
NaN
NaN
NaN
NaN
NaN
NaN
NaN
NaN
NaN
NaN
NaN
NaN
NaN
NaN
NaN
NaN
NaN
NaN
NaN
NaN
NaN
NaN
NaN
NaN
NaN
NaN
NaN
NaN
NaN
NaN
NaN
NaN
NaN
NaN
NaN
NaN
NaN
NaN
NaN
NaN
NaN
NaN
NaN
NaN
NaN
NaN
NaN
NaN
NaN
NaN
NaN
NaN
NaN
NaN
NaN
NaN
NaN
NaN
NaN
NaN
NaN
NaN
NaN
NaN
NaN
NaN
NaN
NaN
NaN
NaN
NaN
NaN
NaN
NaN
NaN
NaN
NaN
NaN
NaN
NaN
NaN
NaN
NaN
NaN
NaN
NaN
NaN
NaN
NaN
NaN
NaN
NaN
NaN
NaN
NaN
NaN
NaN
NaN
NaN
NaN
NaN
NaN
NaN
NaN
NaN
NaN
NaN
NaN
NaN
NaN
NaN
NaN
NaN
NaN
NaN
NaN
NaN
NaN
NaN
NaN
NaN
NaN
NaN
NaN
NaN
NaN
NaN
NaN
NaN
NaN
NaN
NaN
NaN
NaN
NaN
NaN
NaN
NaN
NaN
NaN
NaN
NaN
NaN
NaN
NaN
NaN
NaN
NaN
NaN
NaN
NaN
NaN
NaN
NaN
NaN
NaN
NaN
NaN
NaN
NaN
NaN
NaN
NaN
NaN
NaN
NaN
NaN
NaN
NaN
NaN
NaN
NaN
NaN
NaN
NaN
NaN
NaN
NaN
NaN
NaN
NaN
NaN
NaN
NaN
NaN
NaN
NaN
NaN
NaN
NaN
NaN
NaN
NaN
NaN
NaN
NaN
NaN
NaN
NaN
NaN
NaN
NaN
NaN
NaN
NaN
NaN
NaN
NaN
NaN
NaN
NaN
NaN
NaN
NaN
NaN
NaN
NaN
NaN
NaN
NaN
NaN
NaN
NaN
NaN
NaN
NaN
NaN
NaN
NaN
NaN
NaN
NaN
NaN
NaN
NaN
NaN
NaN
NaN
NaN
NaN
NaN
NaN
NaN
NaN
NaN
NaN
NaN
NaN
NaN
NaN
NaN
NaN
NaN
NaN
NaN
NaN
NaN
NaN
NaN
NaN
NaN
NaN
NaN
NaN
NaN
NaN
NaN
NaN
NaN
NaN
NaN
NaN
NaN
NaN
NaN
NaN
NaN
NaN
NaN
NaN
NaN
NaN
NaN
NaN
NaN
NaN
NaN
NaN
NaN
NaN
NaN
NaN
NaN
NaN
NaN
NaN
NaN
NaN
NaN
NaN
NaN
NaN
NaN
NaN
NaN
NaN
NaN
NaN
NaN
NaN
NaN
NaN
NaN
NaN
NaN
NaN
NaN
NaN
NaN
NaN
NaN
NaN
NaN
NaN
NaN
NaN
NaN
NaN
NaN
NaN
NaN
NaN
NaN
NaN
NaN
NaN
NaN
NaN
NaN
NaN
NaN
NaN
NaN
NaN
NaN
NaN
NaN
NaN
NaN
NaN
NaN
NaN
NaN
NaN
NaN
NaN
NaN
NaN
NaN
NaN
NaN
NaN
NaN
NaN
NaN
NaN
NaN
NaN
NaN
NaN
NaN
NaN
NaN
NaN
NaN
NaN
NaN
NaN
NaN
NaN
NaN
NaN
NaN
NaN
NaN
NaN
NaN
NaN
NaN
NaN
NaN
NaN
NaN
NaN
NaN
NaN
NaN
NaN
NaN
NaN
NaN
NaN
NaN
NaN
NaN
NaN
NaN
NaN
NaN
NaN
NaN
NaN
NaN
NaN
NaN
NaN
NaN
NaN
NaN
NaN
NaN
NaN
NaN
NaN
NaN
NaN
NaN
NaN
NaN
NaN
NaN
NaN
NaN
NaN
NaN
NaN
NaN
NaN
NaN
NaN
NaN
NaN
NaN
NaN
NaN
NaN
NaN
NaN
NaN
NaN
NaN
NaN
NaN
NaN
NaN
NaN
NaN
NaN
NaN
NaN
NaN
NaN
NaN
NaN
NaN
NaN
NaN
NaN
NaN
NaN
NaN
NaN
NaN
NaN
NaN
NaN
NaN
NaN
NaN
NaN
NaN
NaN
NaN
NaN
NaN
NaN
NaN
NaN
NaN
NaN
NaN
NaN
NaN
NaN
NaN
NaN
NaN
NaN
NaN
NaN
NaN
NaN
NaN
NaN
NaN
NaN
NaN
NaN
NaN
NaN
NaN
NaN
NaN
NaN
NaN
NaN
NaN
NaN
NaN
NaN
NaN
NaN
NaN
NaN
NaN
NaN
NaN
NaN
NaN
NaN
NaN
NaN
NaN
NaN
NaN
NaN
NaN
NaN
NaN
NaN
NaN
NaN
NaN
NaN
NaN
NaN
NaN
NaN
NaN
NaN
NaN
NaN
NaN
NaN
NaN
NaN
NaN
NaN
NaN
NaN
NaN
NaN
NaN
NaN
NaN
NaN
NaN
NaN
NaN
NaN
NaN
NaN
NaN
NaN
NaN
NaN
NaN
NaN
NaN
NaN
NaN
NaN
NaN
NaN
NaN
NaN
NaN
NaN
NaN
NaN
NaN
NaN
NaN
NaN
NaN
NaN
NaN
NaN
NaN
NaN
NaN
NaN
NaN
NaN
NaN
NaN
NaN
NaN
NaN
NaN
NaN
NaN
NaN
NaN
NaN
NaN
NaN
NaN
NaN
NaN
NaN
NaN
NaN
NaN
NaN
NaN
NaN
NaN
NaN
NaN
NaN
NaN
NaN
NaN
NaN
NaN
NaN
NaN
NaN
NaN
NaN
NaN
NaN
NaN
NaN
NaN
NaN
NaN
NaN
NaN
NaN
NaN
NaN
NaN
NaN
NaN
NaN
NaN
NaN
NaN
NaN
NaN
NaN
NaN
NaN
NaN
NaN
NaN
NaN
NaN
NaN
NaN
NaN
NaN
NaN
NaN
NaN
NaN
NaN
NaN
NaN
NaN
NaN
NaN
NaN
NaN
NaN
NaN
NaN
NaN
NaN
NaN
NaN
NaN
NaN
NaN
NaN
NaN
NaN
NaN
NaN
NaN
NaN
NaN
NaN
NaN
NaN
NaN
NaN
NaN
NaN
NaN
NaN
NaN
NaN
NaN
NaN
NaN
NaN
NaN
NaN
NaN
NaN
NaN
NaN
NaN
NaN
NaN
NaN
NaN
NaN
NaN
NaN
NaN
NaN
NaN
NaN
NaN
NaN
NaN
NaN
NaN
NaN
NaN
NaN
NaN
NaN
NaN
NaN
NaN
NaN
NaN
NaN
NaN
NaN
NaN
NaN
NaN
NaN
NaN
NaN
NaN
NaN
NaN
NaN
NaN
NaN
NaN
NaN
NaN
NaN
NaN
NaN
NaN
NaN
NaN
NaN
NaN
NaN
NaN
NaN
NaN
NaN
NaN
NaN
NaN
NaN
NaN
NaN
NaN
NaN
NaN
NaN
NaN
NaN
NaN
NaN
NaN
NaN
NaN
NaN
NaN
NaN
NaN
NaN
NaN
NaN
NaN
NaN
NaN
NaN
NaN
NaN
NaN
NaN
NaN
NaN
NaN
NaN
NaN
NaN
NaN
NaN
NaN
NaN
NaN
NaN
NaN
NaN
NaN
NaN
NaN
NaN
NaN
NaN
NaN
NaN
NaN
NaN
NaN
NaN
NaN
NaN
NaN
NaN
NaN
NaN
NaN
NaN
NaN
NaN
NaN
NaN
NaN
NaN
NaN
NaN
NaN
NaN
NaN
NaN
NaN
NaN
NaN
NaN
NaN
NaN
NaN
NaN
NaN
NaN
NaN
NaN
NaN
NaN
NaN
NaN
NaN
NaN
NaN
NaN
NaN
NaN
NaN
NaN
NaN
NaN
NaN
NaN
NaN
NaN
NaN
NaN
NaN
NaN
NaN
NaN
NaN
NaN
NaN
NaN
NaN
NaN
NaN
NaN
NaN
NaN
NaN
NaN
NaN
NaN
NaN
NaN
