0.012855831037649222
0.04637281910009183
0.06887052341597796
0.09366391184573003
0.15564738292011024
0.16345270890725436
0.10835629017447199
0.0941230486685032
0.08815426997245181
0.12029384756657487
0.1253443526170799
0.15518824609733703
0.16437098255280072
0.13406795224977042
0.1887052341597796
0.16069788797061524
0.21992653810835627
0.1593204775022957
0.13360881542699724
0.22543617998163457
0.21487603305785125
0.23875114784205698
0.214416896235078
0.1827364554637282
0.20798898071625346
0.19191919191919193
0.21028466483011937
0.17447199265381083
0.17952249770431586
0.19054178145087236
0.19146005509641875
0.13682277318640954
0.14600550964187328
0.17309458218549129
0.2226813590449954
0.20339761248852153
0.236455463728191
0.236455463728191
0.2566574839302112
0.24701561065197433
0.22497704315886133
0.28558310376492196
0.3149678604224058
0.32874196510560155
0.2713498622589532
0.23966942148760328
0.22176308539944903
0.20707070707070707
0.2920110192837466
0.1960514233241506
0.21074380165289253
0.18778696051423324
0.20477502295684114
0.1923783287419651
0.162534435261708
0.12121212121212123
0.22819100091827363
0.17998163452708907
0.1584022038567493
0.15886134067952248
0.16758494031221302
0.1937557392102847
0.18916437098255282
0.263544536271809
0.2208448117539027
0.216712580348944
0.23783287419651053
0.16345270890725436
0.17033976124885217
0.14095500459136823
0.15426997245179064
0.23048668503213962
0.21028466483011934
0.1974288337924702
0.17722681359044995
0.17584940312213038
0.21671258034894397
0.23461891643709826
0.21992653810835625
0.21808999081726352
0.20844811753902662
0.16574839302112027
0.16069788797061524
0.2350780532598714
0.21625344352617082
0.18595041322314046
0.12396694214876035
0.1258034894398531
0.13269054178145087
0.10146923783287422
0.1455463728191001
0.12626262626262627
0.19283746556473824
0.1685032139577594
0.20018365472910923
0.18365472910927452
0.21533516988062446
0.2327823691460055
0.19421487603305787
0.22819100091827368
0.1717171717171717
0.15748393021120297
0.23232323232323226
0.20752984389348025
0.15932047750229567
0.17355371900826444
0.14325068870523414
0.15794306703397612
0.11799816345270889
0.12947658402203854
0.0977961432506887
0.15610651974288337
0.19696969696969696
0.19788797061524332
0.15794306703397612
0.16115702479338842
0.21074380165289253
0.20431588613406798
0.16483011937557396
0.12121212121212123
0.14784205693296604
0.2157943067033976
0.2346189164370983
0.18640955004591364
0.21258034894398534
0.15243342516069788
0.21487603305785125
0.16299357208448118
0.18319559228650137
0.1345270890725436
0.12993572084481178
0.20661157024793386
0.16988062442607896
0.18089990817263546
0.1841138659320478
0.1611570247933884
0.1386593204775023
0.17401285583103765
0.12029384756657485
0.15013774104683197
0.16023875114784206
0.10422405876951331
0.1524334251606979
0.13544536271809
0.13406795224977042
0.11570247933884298
0.1547291092745638
0.1850321395775941
0.1937557392102847
0.1845730027548209
0.19283746556473827
0.15105601469237834
0.1685032139577594
0.09458218549127641
0.1221303948576676
0.13360881542699724
0.1496786042240588
0.13269054178145087
0.1827364554637282
0.1657483930211203
0.19054178145087236
0.1662075298438935
0.18365472910927452
0.20661157024793386
0.19054178145087236
0.19329660238751148
0.1854912764003673
0.20707070707070707
0.1914600550964187
0.14784205693296598
0.12672176308539942
0.15013774104683197
0.19008264462809918
0.14325068870523416
0.14416896235078056
0.1648301193755739
0.20018365472910923
0.22084481175390264
0.1887052341597796
0.11799816345270896
0.15794306703397612
0.1923783287419651
0.1689623507805326
0.1753902662993572
0.16299357208448118
0.19421487603305784
0.17033976124885217
0.18411386593204773
0.14646464646464646
0.17447199265381083
0.20936639118457293
0.15518824609733703
0.1763085399449036
0.19329660238751145
0.19788797061524335
0.19467401285583108
0.19467401285583105
0.1561065197428834
0.18686868686868688
0.10284664830119375
0.1781450872359963
0.11891643709825529
0.1317722681359045
0.1492194674012856
0.13269054178145087
0.12075298438934805
0.10743801652892562
0.07621671258034891
0.10284664830119378
0.0913682277318641
0.09182736455463726
0.08034894398530762
0.10468319559228649
0.1248852157943067
0.16988062442607899
0.1735537190082645
0.10697887970615244
0.11570247933884298
0.08907254361799818
0.08402203856749312
0.14692378328741965
0.13590449954086317
0.1313131313131313
0.10651974288337923
0.10881542699724518
0.11432506887052342
0.09136822773186411
0.120752984389348
0.18044077134986225
0.17309458218549126
0.1914600550964187
0.1657483930211203
0.16115702479338836
0.1450872359963269
0.21717171717171715
0.23048668503213954
0.24655647382920112
0.20385674931129474
0.22130394857667585
0.20798898071625346
0.18319559228650142
0.17539026629935722
0.21671258034894392
0.25757575757575757
0.26216712580348944
0.3236914600550964
0.26997245179063367
0.29614325068870523
0.278236914600551
0.23048668503213954
0.2598714416896235
0.23094582185491278
0.27548209366391185
0.2112029384756657
0.2662993572084481
0.23921028466483005
0.18870523415977966
0.2121212121212121
0.17998163452708907
0.14095500459136823
0.19375573921028463
0.16345270890725436
0.1983471074380165
0.20431588613406798
0.216712580348944
0.24288337924701556
0.23737373737373735
0.2281910009182736
0.2254361799816345
0.2998163452708907
0.23829201101928374
0.2860422405876951
0.3351698806244261
0.3076216712580349
0.28099173553719003
0.24334251606978877
0.2598714416896235
0.23461891643709826
0.22865013774104684
0.25206611570247933
0.2474747474747475
0.26170798898071623
0.3209366391184573
0.25206611570247933
0.26078971533516987
0.2773186409550045
0.26951331496786046
0.2630853994490358
0.23783287419651059
0.2107438016528926
0.24931129476584016
0.23140495867768596
0.2474747474747475
0.20523415977961432
0.2254361799816345
0.2580348943985308
0.2612488521579431
0.24517906336088152
0.27364554637281907
0.25252525252525254
0.21258034894398525
0.23002754820936644
0.25344352617079885
0.2653810835629017
0.21166207529843897
0.2056932966023875
0.21992653810835627
0.13314967860422405
0.1854912764003673
0.13682277318640954
0.22773186409550047
0.25849403122130393
0.2240587695133149
0.2208448117539027
0.15472910927456385
0.21120293847566574
0.12350780532598712
0.12947658402203854
0.1515151515151515
0.11707988980716254
0.12855831037649218
0.0950413223140496
0.10055096418732781
0.17033976124885217
0.15151515151515152
0.17033976124885217
0.14233241505968777
0.1574839302112029
0.155188246097337
0.19880624426078972
0.1515151515151515
0.15381083562901748
0.12947658402203857
0.10101010101010101
0.14416896235078056
0.10881542699724518
0.10376492194674013
0.1441689623507805
0.10606060606060606
0.1414141414141414
0.081267217630854
0.07988980716253445
0.06978879706152434
0.10284664830119378
0.09320477502295682
0.10238751147842055
0.11294765840220386
0.10238751147842055
0.08585858585858587
0.08172635445362718
0.15335169880624425
0.09733700642791553
0.128099173553719
0.1322314049586777
0.11845730027548211
0.16299357208448118
0.15151515151515155
0.15059687786960516
0.18089990817263543
0.13590449954086317
0.11065197428833792
0.16988062442607899
0.17217630853994492
0.16023875114784206
0.11294765840220383
0.1542699724517906
0.18686868686868688
0.2548209366391185
0.22773186409550047
0.22314049586776863
0.17493112947658404
0.14921946740128558
0.16666666666666666
0.18778696051423324
0.13039485766758493
0.20982552800734622
0.15151515151515155
0.16437098255280072
0.17447199265381083
0.2314049586776859
0.20339761248852153
0.20110192837465563
0.17630853994490356
0.21074380165289258
0.17309458218549126
0.23094582185491275
0.1574839302112029
0.15977961432506887
0.1561065197428834
0.15426997245179064
0.12350780532598714
0.13223140495867766
0.10973370064279155
0.16804407713498623
0.16023875114784206
0.24334251606978877
0.2571166207529843
0.2153351698806244
0.20018365472910926
0.26078971533516987
0.24701561065197433
0.20936639118457298
0.2194674012855831
0.15472910927456382
0.20156106519742883
0.19605142332415057
0.2543617998163452
0.24563820018365468
0.2226813590449954
0.2061524334251607
0.18503213957759412
0.16758494031221305
0.13314967860422408
0.14416896235078053
0.1597796143250689
0.17447199265381083
0.1685032139577594
0.18044077134986225
0.15472910927456382
0.18457300275482094
0.22038567493112948
0.21120293847566574
0.18181818181818182
0.17033976124885217
0.21120293847566576
0.20156106519742878
0.18732782369146006
0.1616161616161616
0.15610651974288337
0.17355371900826444
0.19237832874196512
0.1657483930211203
0.20707070707070707
0.19237832874196517
0.16345270890725438
0.15794306703397615
0.20707070707070707
0.23186409550045914
0.20523415977961434
0.19375573921028463
0.1859504132231405
0.23186409550045914
0.1767676767676768
0.2061524334251607
0.1400367309458219
0.17125803489439853
0.16620752984389348
0.17722681359044995
0.20707070707070707
0.23140495867768598
0.1933621933621934
0.21164021164021166
0.18037518037518036
0.20057720057720058
0.17989417989417988
0.23039923039923038
0.2000962000962001
0.14862914862914864
0.1418951418951419
0.1135161135161135
0.12265512265512267
0.15055315055315055
0.14333814333814335
0.16305916305916307
0.17123617123617124
0.15873015873015872
0.1755651755651756
0.12313612313612314
0.10149110149110149
0.1409331409331409
0.1524771524771525
0.16305916305916304
0.19480519480519481
0.1697931697931698
0.19913419913419914
0.16450216450216454
0.18326118326118326
0.17797017797017797
0.2246272246272246
0.1447811447811448
0.13083213083213083
0.13756613756613756
0.12025012025012026
0.1697931697931698
0.19624819624819625
0.1794131794131794
0.2111592111592111
0.23088023088023088
0.2198172198172198
0.177008177008177
0.1544011544011544
0.17267917267917268
0.23328523328523326
0.2549302549302549
0.2549302549302549
0.3068783068783068
0.2212602212602212
0.21019721019721022
0.25012025012025013
0.21789321789321792
0.24242424242424246
0.26551226551226553
0.2698412698412699
0.22703222703222706
0.24434824434824437
0.18855218855218858
0.19961519961519966
0.21115921115921116
0.15151515151515152
0.1443001443001443
0.19095719095719096
0.20923520923520927
0.21019721019721022
0.17893217893217894
0.18518518518518517
0.21548821548821548
0.21212121212121215
0.23905723905723913
0.18614718614718612
0.23424723424723423
0.2698412698412699
0.28667628667628664
0.2621452621452621
0.34632034632034636
0.3213083213083212
0.2198172198172198
0.2635882635882636
0.27849927849927847
0.24146224146224138
0.29389129389129387
0.3323713323713323
0.26455026455026454
0.26022126022126024
0.2582972582972583
0.265993265993266
0.23761423761423756
0.23857623857623858
0.20634920634920637
0.24531024531024526
0.30158730158730157
0.28860028860028863
0.29389129389129387
0.26936026936026936
0.25396825396825395
0.25685425685425683
0.2741702741702742
0.2212602212602213
0.2356902356902357
0.1693121693121693
0.20490620490620493
0.21500721500721498
0.21115921115921116
0.1741221741221741
0.19817219817219817
0.18326118326118326
0.18903318903318908
0.20394420394420396
0.16690716690716695
0.17556517556517556
0.15776815776815775
0.19528619528619529
0.17845117845117842
0.23472823472823467
0.23088023088023085
0.22847522847522841
0.22510822510822512
0.1976911976911977
0.21452621452621454
0.19191919191919196
0.18566618566618567
0.15584415584415584
0.18662818662818662
0.23088023088023088
0.25108225108225113
0.1871091871091871
0.2207792207792208
0.19288119288119288
0.2501202501202502
0.24675324675324675
0.2857142857142857
0.33814333814333813
0.3362193362193362
0.24194324194324196
0.253006253006253
0.21452621452621454
0.19336219336219335
0.2486772486772487
0.24963924963924963
0.2664742664742664
0.21308321308321304
0.25925925925925924
0.23905723905723913
0.1438191438191438
0.1861471861471862
0.16979316979316977
0.15728715728715728
0.1539201539201539
0.25925925925925924
0.2246272246272246
0.2299182299182299
0.22318422318422318
0.22366522366522362
0.18470418470418473
0.28138528138528135
0.23376623376623376
0.2433862433862434
0.2506012506012506
0.17748917748917747
0.21933621933621936
0.19576719576719578
0.18037518037518036
0.2130832130832131
0.24579124579124584
0.18951418951418952
0.19143819143819144
0.1697931697931698
0.18037518037518038
0.21115921115921119
0.2611832611832612
0.2549302549302549
0.22462722462722462
0.1394901394901395
0.22414622414622412
0.18326118326118326
0.19432419432419434
0.14285714285714285
0.18614718614718614
0.19288119288119288
0.21308321308321304
0.2611832611832612
0.2251082251082251
0.19624819624819625
0.19528619528619526
0.23520923520923517
0.1972101972101972
0.2457912457912458
0.20971620971620972
0.24194324194324193
0.26455026455026454
0.26695526695526695
0.32611832611832614
0.33621933621933625
0.2756132756132756
0.2938912938912939
0.2352092352092352
0.23184223184223182
0.23905723905723905
0.2202982202982203
0.22414622414622412
0.25493025493025495
0.23713323713323714
0.29629629629629634
0.22655122655122653
0.2453102453102453
0.20923520923520927
0.25204425204425207
0.2284752284752285
0.21308321308321304
0.24434824434824437
0.26358826358826354
0.2611832611832612
0.22222222222222224
0.24723424723424725
0.19240019240019246
0.15295815295815296
0.17652717652717653
0.18662818662818662
0.1895141895141895
0.17267917267917268
0.1919191919191919
0.24050024050024052
0.28042328042328046
0.26695526695526695
0.25925925925925924
0.2082732082732083
0.20346320346320348
0.2491582491582492
0.2765752765752766
0.2683982683982684
0.26503126503126506
0.22558922558922556
0.23136123136123138
0.19336219336219335
0.18662818662818664
0.24771524771524772
0.22607022607022606
0.2448292448292448
0.22655122655122653
0.22607022607022612
0.18566618566618565
0.19624819624819625
0.21019721019721022
0.24194324194324193
0.164983164983165
0.19432419432419432
0.22366522366522368
0.2568542568542569
0.2000962000962001
0.2775372775372775
0.2765752765752766
0.26455026455026454
0.2544492544492544
0.20105820105820107
0.21741221741221736
0.20250120250120252
0.23665223665223664
0.2554112554112554
0.26743626743626747
0.27176527176527177
0.29773929773929775
0.22943722943722944
0.2674362674362674
0.2491582491582492
0.27465127465127465
0.24434824434824431
0.2486772486772487
0.17845117845117844
0.19961519961519963
0.22991822991822994
0.19865319865319866
0.27320827320827323
0.29870129870129875
0.20779220779220778
0.1673881673881674
0.21452621452621454
0.19384319384319385
0.1697931697931698
0.18133718133718132
0.21837421837421836
0.22847522847522841
0.27513227513227506
0.23184223184223188
0.22655122655122656
0.22126022126022124
0.2506012506012506
0.1765271765271765
0.2520442520442521
0.25877825877825883
0.18518518518518517
0.15103415103415102
0.18903318903318903
0.17989417989417986
0.1414141414141414
0.15295815295815296
0.14574314574314573
0.18999518999519
0.1443001443001443
0.21500721500721504
0.15873015873015875
0.11544011544011543
NaN
NaN
NaN
NaN
NaN
NaN
NaN
NaN
NaN
NaN
NaN
NaN
NaN
NaN
NaN
NaN
NaN
NaN
NaN
NaN
NaN
NaN
NaN
NaN
NaN
NaN
NaN
NaN
NaN
NaN
NaN
NaN
NaN
NaN
NaN
NaN
NaN
NaN
NaN
NaN
NaN
NaN
NaN
NaN
NaN
NaN
NaN
NaN
NaN
NaN
NaN
NaN
NaN
NaN
NaN
NaN
NaN
NaN
NaN
NaN
NaN
NaN
NaN
NaN
NaN
NaN
NaN
NaN
NaN
NaN
NaN
NaN
NaN
NaN
NaN
NaN
NaN
NaN
NaN
NaN
NaN
NaN
NaN
NaN
NaN
NaN
NaN
NaN
NaN
NaN
NaN
NaN
NaN
NaN
NaN
NaN
NaN
NaN
NaN
NaN
NaN
NaN
NaN
NaN
NaN
NaN
NaN
NaN
NaN
NaN
NaN
NaN
NaN
NaN
NaN
NaN
NaN
NaN
NaN
NaN
NaN
NaN
NaN
NaN
NaN
NaN
NaN
NaN
NaN
NaN
NaN
NaN
NaN
NaN
NaN
NaN
NaN
NaN
NaN
NaN
NaN
NaN
NaN
NaN
NaN
NaN
NaN
NaN
NaN
NaN
NaN
NaN
NaN
NaN
NaN
NaN
NaN
NaN
NaN
NaN
NaN
NaN
NaN
NaN
NaN
NaN
NaN
NaN
NaN
NaN
NaN
NaN
NaN
NaN
NaN
NaN
NaN
NaN
NaN
NaN
NaN
NaN
NaN
NaN
NaN
NaN
NaN
NaN
NaN
NaN
NaN
NaN
NaN
NaN
NaN
NaN
NaN
NaN
NaN
NaN
NaN
NaN
NaN
NaN
NaN
NaN
NaN
NaN
NaN
NaN
NaN
NaN
NaN
NaN
NaN
NaN
NaN
NaN
NaN
NaN
NaN
NaN
NaN
NaN
NaN
NaN
NaN
NaN
NaN
NaN
NaN
NaN
NaN
NaN
NaN
NaN
NaN
NaN
NaN
NaN
NaN
NaN
NaN
NaN
NaN
NaN
NaN
NaN
NaN
NaN
NaN
NaN
NaN
NaN
NaN
NaN
NaN
NaN
NaN
NaN
NaN
NaN
NaN
NaN
NaN
NaN
NaN
NaN
NaN
NaN
NaN
NaN
NaN
NaN
NaN
NaN
NaN
NaN
NaN
NaN
NaN
NaN
NaN
NaN
NaN
NaN
NaN
NaN
NaN
NaN
NaN
NaN
NaN
NaN
NaN
NaN
NaN
NaN
NaN
NaN
NaN
NaN
NaN
NaN
NaN
NaN
NaN
NaN
NaN
NaN
NaN
NaN
NaN
NaN
NaN
NaN
NaN
NaN
NaN
NaN
NaN
NaN
NaN
NaN
NaN
NaN
NaN
NaN
NaN
NaN
NaN
NaN
NaN
NaN
NaN
NaN
NaN
NaN
NaN
NaN
NaN
NaN
NaN
NaN
NaN
NaN
NaN
NaN
NaN
NaN
NaN
NaN
NaN
NaN
NaN
NaN
NaN
NaN
NaN
NaN
NaN
NaN
NaN
NaN
NaN
NaN
NaN
NaN
NaN
NaN
NaN
NaN
NaN
NaN
NaN
NaN
NaN
NaN
NaN
NaN
NaN
NaN
NaN
NaN
NaN
NaN
NaN
NaN
NaN
NaN
NaN
NaN
NaN
NaN
NaN
NaN
NaN
NaN
NaN
NaN
NaN
NaN
NaN
NaN
NaN
NaN
NaN
NaN
NaN
NaN
NaN
NaN
NaN
NaN
NaN
NaN
NaN
NaN
NaN
NaN
NaN
NaN
NaN
NaN
NaN
NaN
NaN
NaN
NaN
NaN
NaN
NaN
NaN
NaN
NaN
NaN
NaN
NaN
NaN
NaN
NaN
NaN
NaN
NaN
NaN
NaN
NaN
NaN
NaN
NaN
NaN
NaN
NaN
NaN
NaN
NaN
NaN
NaN
NaN
NaN
NaN
NaN
NaN
NaN
NaN
NaN
NaN
NaN
NaN
NaN
NaN
NaN
NaN
NaN
NaN
NaN
NaN
NaN
NaN
NaN
NaN
NaN
NaN
NaN
NaN
NaN
NaN
NaN
NaN
NaN
NaN
NaN
NaN
NaN
NaN
NaN
NaN
NaN
NaN
NaN
NaN
NaN
NaN
NaN
NaN
NaN
NaN
NaN
NaN
NaN
NaN
NaN
NaN
NaN
NaN
NaN
NaN
NaN
NaN
NaN
NaN
NaN
NaN
NaN
NaN
NaN
NaN
NaN
NaN
NaN
NaN
NaN
NaN
NaN
NaN
NaN
NaN
NaN
NaN
NaN
NaN
NaN
NaN
NaN
NaN
NaN
NaN
NaN
NaN
NaN
NaN
NaN
NaN
NaN
NaN
NaN
NaN
NaN
NaN
NaN
NaN
NaN
NaN
NaN
NaN
NaN
NaN
NaN
NaN
NaN
NaN
NaN
NaN
NaN
NaN
NaN
NaN
NaN
NaN
NaN
NaN
NaN
NaN
NaN
NaN
NaN
NaN
NaN
NaN
NaN
NaN
NaN
NaN
NaN
NaN
NaN
NaN
NaN
NaN
NaN
NaN
NaN
NaN
NaN
NaN
NaN
NaN
NaN
NaN
NaN
NaN
NaN
NaN
NaN
NaN
NaN
NaN
NaN
NaN
NaN
NaN
NaN
NaN
NaN
NaN
NaN
NaN
NaN
NaN
NaN
NaN
NaN
NaN
NaN
NaN
NaN
NaN
NaN
NaN
NaN
NaN
NaN
NaN
NaN
NaN
NaN
NaN
NaN
NaN
NaN
NaN
NaN
NaN
NaN
NaN
NaN
NaN
NaN
NaN
NaN
NaN
NaN
NaN
NaN
NaN
NaN
NaN
NaN
NaN
NaN
NaN
NaN
NaN
NaN
NaN
NaN
NaN
NaN
NaN
NaN
NaN
NaN
NaN
NaN
NaN
NaN
NaN
NaN
NaN
NaN
NaN
NaN
NaN
NaN
NaN
NaN
NaN
NaN
NaN
NaN
NaN
NaN
NaN
NaN
NaN
NaN
NaN
NaN
NaN
NaN
NaN
NaN
NaN
NaN
NaN
NaN
NaN
NaN
NaN
NaN
NaN
NaN
NaN
NaN
NaN
NaN
NaN
NaN
NaN
NaN
NaN
NaN
NaN
NaN
NaN
NaN
NaN
NaN
NaN
NaN
NaN
NaN
NaN
NaN
NaN
NaN
NaN
NaN
NaN
NaN
NaN
NaN
NaN
NaN
NaN
NaN
NaN
NaN
NaN
NaN
NaN
NaN
NaN
NaN
NaN
NaN
NaN
NaN
NaN
NaN
NaN
NaN
NaN
NaN
NaN
NaN
NaN
NaN
NaN
NaN
NaN
NaN
NaN
NaN
NaN
NaN
NaN
NaN
NaN
NaN
NaN
NaN
NaN
NaN
NaN
NaN
NaN
NaN
NaN
NaN
NaN
NaN
NaN
NaN
NaN
NaN
NaN
NaN
NaN
NaN
NaN
NaN
NaN
NaN
NaN
NaN
NaN
NaN
NaN
NaN
NaN
NaN
NaN
NaN
NaN
NaN
NaN
NaN
NaN
NaN
NaN
NaN
NaN
NaN
NaN
NaN
NaN
NaN
NaN
NaN
NaN
NaN
NaN
NaN
NaN
NaN
NaN
NaN
NaN
NaN
NaN
NaN
NaN
NaN
NaN
NaN
NaN
NaN
NaN
NaN
NaN
NaN
NaN
NaN
NaN
NaN
NaN
NaN
NaN
NaN
NaN
NaN
NaN
NaN
NaN
NaN
NaN
NaN
NaN
NaN
NaN
NaN
NaN
NaN
NaN
NaN
NaN
NaN
NaN
NaN
NaN
NaN
NaN
NaN
NaN
NaN
NaN
NaN
NaN
NaN
NaN
NaN
NaN
NaN
NaN
NaN
NaN
NaN
NaN
NaN
NaN
NaN
NaN
NaN
NaN
NaN
NaN
NaN
NaN
NaN
NaN
NaN
NaN
NaN
NaN
NaN
NaN
NaN
NaN
NaN
NaN
NaN
NaN
NaN
NaN
NaN
NaN
NaN
NaN
NaN
NaN
NaN
NaN
NaN
NaN
NaN
NaN
NaN
NaN
NaN
NaN
NaN
NaN
NaN
NaN
NaN
NaN
NaN
NaN
NaN
NaN
NaN
NaN
NaN
NaN
NaN
NaN
NaN
NaN
NaN
NaN
NaN
NaN
NaN
NaN
NaN
NaN
NaN
NaN
NaN
NaN
NaN
NaN
NaN
NaN
NaN
NaN
NaN
NaN
NaN
NaN
NaN
NaN
NaN
NaN
NaN
NaN
NaN
NaN
NaN
NaN
NaN
NaN
NaN
NaN
NaN
NaN
NaN
NaN
NaN
NaN
NaN
NaN
NaN
NaN
NaN
NaN
NaN
NaN
NaN
NaN
NaN
NaN
NaN
NaN
NaN
NaN
NaN
NaN
NaN
NaN
NaN
NaN
NaN
NaN
NaN
NaN
NaN
NaN
NaN
NaN
NaN
NaN
NaN
NaN
NaN
NaN
NaN
NaN
NaN
NaN
NaN
NaN
NaN
NaN
NaN
NaN
NaN
NaN
NaN
NaN
NaN
NaN
NaN
NaN
NaN
NaN
NaN
NaN
NaN
NaN
NaN
NaN
NaN
NaN
NaN
NaN
NaN
NaN
NaN
NaN
NaN
NaN
NaN
NaN
NaN
NaN
NaN
NaN
NaN
NaN
NaN
NaN
NaN
NaN
NaN
NaN
NaN
NaN
NaN
NaN
NaN
NaN
NaN
NaN
NaN
NaN
NaN
NaN
NaN
NaN
NaN
NaN
NaN
NaN
NaN
NaN
NaN
NaN
NaN
NaN
NaN
NaN
NaN
NaN
NaN
NaN
NaN
NaN
NaN
NaN
NaN
NaN
NaN
NaN
NaN
NaN
NaN
NaN
NaN
NaN
NaN
NaN
NaN
NaN
NaN
NaN
NaN
NaN
NaN
NaN
NaN
NaN
NaN
NaN
NaN
NaN
NaN
NaN
NaN
NaN
NaN
NaN
NaN
NaN
NaN
NaN
NaN
NaN
NaN
NaN
NaN
NaN
NaN
NaN
NaN
NaN
NaN
NaN
NaN
NaN
NaN
NaN
NaN
NaN
NaN
NaN
NaN
NaN
NaN
NaN
NaN
NaN
NaN
NaN
NaN
NaN
NaN
NaN
NaN
NaN
NaN
NaN
NaN
NaN
NaN
NaN
NaN
NaN
NaN
NaN
NaN
NaN
NaN
NaN
NaN
NaN
NaN
NaN
NaN
NaN
NaN
NaN
NaN
NaN
NaN
NaN
NaN
NaN
NaN
NaN
NaN
NaN
NaN
NaN
NaN
NaN
NaN
NaN
NaN
NaN
NaN
NaN
NaN
NaN
NaN
NaN
NaN
NaN
NaN
NaN
NaN
NaN
NaN
NaN
NaN
NaN
NaN
NaN
NaN
NaN
NaN
NaN
NaN
NaN
NaN
NaN
NaN
NaN
NaN
NaN
NaN
NaN
NaN
NaN
NaN
NaN
NaN
NaN
NaN
NaN
NaN
NaN
NaN
NaN
NaN
NaN
NaN
NaN
NaN
NaN
NaN
NaN
NaN
NaN
NaN
NaN
NaN
NaN
NaN
NaN
NaN
NaN
NaN
NaN
NaN
NaN
NaN
NaN
NaN
NaN
NaN
NaN
NaN
NaN
NaN
NaN
NaN
NaN
NaN
NaN
NaN
NaN
NaN
NaN
NaN
NaN
NaN
NaN
NaN
NaN
NaN
NaN
NaN
NaN
NaN
NaN
NaN
NaN
NaN
NaN
NaN
NaN
NaN
NaN
NaN
NaN
NaN
NaN
NaN
NaN
NaN
NaN
NaN
NaN
NaN
NaN
NaN
NaN
NaN
NaN
NaN
NaN
NaN
NaN
NaN
NaN
NaN
NaN
NaN
NaN
NaN
NaN
NaN
NaN
NaN
NaN
NaN
NaN
NaN
NaN
NaN
NaN
NaN
NaN
NaN
NaN
NaN
NaN
NaN
NaN
NaN
NaN
NaN
NaN
NaN
NaN
NaN
NaN
NaN
NaN
NaN
NaN
NaN
NaN
NaN
NaN
NaN
NaN
NaN
NaN
NaN
NaN
NaN
NaN
NaN
NaN
NaN
NaN
NaN
NaN
NaN
NaN
NaN
NaN
NaN
NaN
NaN
NaN
NaN
NaN
NaN
NaN
NaN
NaN
NaN
NaN
NaN
NaN
NaN
NaN
NaN
NaN
NaN
NaN
NaN
NaN
NaN
NaN
NaN
NaN
NaN
NaN
NaN
NaN
NaN
NaN
NaN
NaN
NaN
NaN
NaN
NaN
NaN
NaN
NaN
NaN
NaN
NaN
NaN
NaN
NaN
NaN
NaN
NaN
NaN
NaN
NaN
NaN
NaN
NaN
NaN
NaN
NaN
NaN
NaN
NaN
NaN
NaN
NaN
NaN
NaN
NaN
NaN
NaN
NaN
NaN
NaN
NaN
NaN
NaN
NaN
NaN
NaN
NaN
NaN
NaN
NaN
NaN
NaN
NaN
NaN
NaN
NaN
NaN
NaN
NaN
NaN
NaN
NaN
NaN
NaN
NaN
NaN
NaN
NaN
NaN
NaN
NaN
NaN
NaN
NaN
NaN
NaN
NaN
NaN
NaN
NaN
NaN
NaN
NaN
NaN
NaN
NaN
NaN
NaN
NaN
NaN
NaN
NaN
NaN
NaN
NaN
NaN
NaN
NaN
NaN
NaN
NaN
NaN
NaN
NaN
NaN
NaN
NaN
NaN
NaN
NaN
NaN
NaN
NaN
NaN
NaN
NaN
NaN
NaN
NaN
NaN
NaN
NaN
NaN
NaN
NaN
NaN
NaN
NaN
NaN
NaN
NaN
NaN
NaN
NaN
NaN
NaN
NaN
NaN
NaN
NaN
NaN
NaN
NaN
NaN
NaN
NaN
NaN
NaN
NaN
NaN
NaN
NaN
NaN
NaN
NaN
NaN
NaN
NaN
NaN
NaN
NaN
NaN
NaN
NaN
NaN
NaN
NaN
NaN
NaN
NaN
NaN
NaN
NaN
NaN
NaN
NaN
NaN
NaN
NaN
NaN
NaN
NaN
NaN
NaN
NaN
NaN
NaN
NaN
NaN
NaN
NaN
NaN
NaN
NaN
NaN
NaN
NaN
NaN
NaN
NaN
NaN
NaN
NaN
NaN
NaN
NaN
NaN
NaN
NaN
NaN
NaN
NaN
NaN
NaN
NaN
NaN
NaN
NaN
NaN
NaN
NaN
NaN
NaN
NaN
NaN
NaN
NaN
NaN
NaN
NaN
NaN
NaN
NaN
NaN
NaN
NaN
NaN
NaN
NaN
NaN
NaN
NaN
NaN
NaN
NaN
NaN
NaN
NaN
NaN
NaN
NaN
NaN
NaN
NaN
NaN
NaN
NaN
NaN
NaN
NaN
NaN
NaN
NaN
NaN
NaN
NaN
NaN
NaN
NaN
NaN
NaN
NaN
NaN
NaN
NaN
NaN
NaN
NaN
NaN
NaN
NaN
NaN
NaN
NaN
NaN
NaN
NaN
NaN
NaN
NaN
NaN
NaN
