0.10227272727272728
0.1390909090909091
0.20931818181818188
0.20454545454545456
0.25818181818181823
0.30704545454545457
0.2688636363636364
0.2622727272727272
0.2259090909090908
0.21431818181818177
0.25227272727272726
0.31136363636363634
0.27522727272727265
0.3038636363636364
0.28045454545454546
0.27159090909090905
0.28954545454545455
0.27
0.3104545454545455
0.2615909090909091
0.31136363636363645
0.3361363636363637
0.36954545454545457
0.4002272727272728
0.3670454545454545
0.3465909090909091
0.398409090909091
0.3668181818181818
0.3652272727272727
0.40227272727272717
0.4063636363636363
0.3695454545454545
0.39113636363636367
0.4263636363636364
0.4588636363636363
0.4304545454545454
0.39522727272727276
0.4206818181818182
0.44522727272727264
0.41022727272727283
0.38045454545454543
0.3963636363636363
0.3875
0.41340909090909095
0.41340909090909095
0.39909090909090916
0.3768181818181819
0.3902272727272727
0.3947727272727272
0.3759090909090909
0.3609090909090909
0.41181818181818175
0.3643181818181818
0.4286363636363637
0.4395454545454545
0.4231818181818182
0.3997727272727273
0.4100000000000001
0.44727272727272727
0.40772727272727277
0.4509090909090909
0.44295454545454543
0.46386363636363637
0.3981818181818182
0.3875
0.4277272727272727
0.4672727272727274
0.41977272727272724
0.40386363636363637
0.4511363636363637
0.461590909090909
0.4522727272727272
0.39204545454545453
0.33181818181818185
0.3606818181818182
0.4106818181818182
0.35113636363636364
0.35477272727272724
0.41499999999999987
0.39999999999999997
0.4020454545454545
0.38795454545454544
0.3661363636363637
0.3415909090909091
0.3654545454545454
0.3804545454545455
0.3813636363636364
0.3797727272727273
0.4059090909090909
0.43227272727272736
0.4265909090909092
0.4431818181818181
0.4081818181818182
0.40386363636363637
0.3665909090909091
0.38704545454545464
0.42500000000000004
0.4063636363636363
0.45181818181818173
0.5025
0.43545454545454537
0.4684090909090909
0.47613636363636364
0.38181818181818183
0.3886363636363637
0.43159090909090914
0.43522727272727263
0.5227272727272728
0.4475
0.4693181818181818
0.47977272727272724
0.48772727272727256
0.489318181818182
0.5181818181818182
0.5429545454545455
0.5222727272727273
0.5602272727272728
0.5759090909090908
0.5454545454545455
0.5086363636363637
0.5213636363636363
0.4909090909090908
0.5215909090909091
0.4802272727272727
0.4534090909090908
0.4529545454545456
0.44568181818181823
0.4786363636363637
0.5156818181818182
0.4431818181818182
0.4652272727272727
0.48454545454545445
0.4206818181818183
0.43704545454545457
0.4240909090909091
0.42954545454545445
0.3795454545454545
0.4336363636363636
0.4493181818181819
0.455909090909091
0.455
0.4829545454545455
0.47090909090909094
0.4938636363636364
0.4522727272727273
0.4520454545454545
0.46409090909090905
0.478409090909091
0.44886363636363646
0.448409090909091
0.435
0.42590909090909096
0.4445454545454545
0.4500000000000001
0.3838636363636363
0.44500000000000006
0.45840909090909093
0.47363636363636363
0.4729545454545455
0.4359090909090908
0.4604545454545455
0.4811363636363636
0.4725
0.39499999999999996
0.4145454545454545
0.42999999999999994
0.44090909090909086
0.4272727272727273
0.4252272727272727
0.4588636363636363
0.4009090909090908
0.39181818181818184
0.4027272727272727
0.4104545454545454
0.39545454545454545
0.42636363636363633
0.44227272727272715
0.45522727272727276
0.44818181818181824
0.46795454545454546
0.43068181818181817
0.4263636363636365
0.41704545454545455
0.4531818181818182
0.4788636363636364
0.41545454545454547
0.4620454545454545
0.4261363636363637
0.4104545454545454
0.39999999999999997
0.3484090909090909
0.38659090909090915
0.35750000000000004
0.3759090909090909
0.3395454545454546
0.31477272727272726
0.315
0.38499999999999995
0.3806818181818182
0.405909090909091
0.4327272727272727
0.4143181818181818
0.405
0.3736363636363636
0.3559090909090909
0.3870454545454546
0.4186363636363636
0.4247727272727273
0.46227272727272717
0.43704545454545446
0.4356818181818182
0.41954545454545455
0.37886363636363624
0.3806818181818182
0.43636363636363645
0.430909090909091
0.3975
0.3897727272727272
0.42340909090909096
0.4477272727272728
0.46181818181818174
0.4081818181818182
0.4147727272727273
0.4140909090909091
0.4193181818181818
0.4709090909090908
0.4524999999999999
0.44409090909090915
0.4359090909090909
0.45909090909090916
0.4495454545454546
0.4143181818181818
0.3770454545454545
0.40659090909090917
0.44659090909090915
0.4515909090909092
0.42636363636363633
0.3861363636363636
0.4518181818181819
0.38886363636363636
0.3788636363636364
0.32750000000000007
0.3313636363636364
0.3352272727272727
0.38272727272727275
0.3859090909090909
0.4061363636363637
0.38909090909090904
0.4381818181818181
0.4445454545454546
0.45
0.44409090909090915
0.4095454545454546
0.42113636363636364
0.4984090909090909
0.41795454545454547
0.4568181818181818
0.4875
0.4690909090909091
0.48477272727272724
0.4272727272727273
0.4168181818181818
0.4081818181818182
0.4213636363636363
0.42477272727272725
0.3663636363636364
0.3813636363636364
0.40863636363636363
0.378409090909091
0.38272727272727275
0.48840909090909085
0.46727272727272723
0.44477272727272726
0.46181818181818185
0.4722727272727273
0.41704545454545444
0.4247727272727273
0.4170454545454545
0.4099999999999999
0.47431818181818186
0.4888636363636365
0.48477272727272724
0.4520454545454546
0.36613636363636365
0.43250000000000005
0.42704545454545445
0.4218181818181818
0.44977272727272727
0.40590909090909083
0.42454545454545456
0.3811363636363637
0.38886363636363636
0.41272727272727283
0.48772727272727284
0.4718181818181817
0.4259090909090908
0.4459090909090909
0.4661363636363637
0.49
0.46727272727272723
0.4888636363636364
0.5175
0.4697727272727272
0.46568181818181814
0.5177272727272727
0.5013636363636363
0.48272727272727267
0.45863636363636356
0.48295454545454547
0.4395454545454545
0.4470454545454545
0.4311363636363636
0.4518181818181819
0.4572727272727274
0.43454545454545457
0.39454545454545453
0.4390909090909091
0.40931818181818186
0.4313636363636364
0.4184090909090909
0.3884090909090909
0.4165909090909091
0.4075
0.3940909090909091
0.4145454545454545
0.39272727272727265
0.4238636363636364
0.435
0.42136363636363633
0.39999999999999997
0.4725000000000001
0.47159090909090917
0.5072727272727273
0.5015909090909091
0.49772727272727285
0.5093181818181818
0.5009090909090909
0.5118181818181818
0.5109090909090909
0.5365909090909091
0.5515909090909091
0.48704545454545456
0.45522727272727276
0.5290909090909092
0.49136363636363645
0.4736363636363636
0.40954545454545455
0.4390909090909091
0.45954545454545453
0.46181818181818185
0.4588636363636363
0.4624999999999998
0.4113636363636363
0.41204545454545444
0.3790909090909091
0.33954545454545454
0.3836363636363637
0.43704545454545446
0.3647727272727272
0.3924999999999999
0.3734090909090909
0.4290909090909091
0.38704545454545447
0.39931818181818185
0.3434090909090909
0.3054545454545455
0.32704545454545453
0.2913636363636364
0.343409090909091
0.3613636363636364
0.32772727272727276
0.32045454545454544
0.3518181818181818
0.45681818181818185
0.4
0.4102272727272727
0.44545454545454555
0.4309090909090909
0.3711363636363636
0.4106818181818182
0.39181818181818184
0.44590909090909087
0.4043181818181818
0.43954545454545463
0.44590909090909087
0.41204545454545455
0.41954545454545455
0.40931818181818175
0.3527272727272727
0.3886363636363636
0.44113636363636366
0.3893181818181818
0.3925
0.3309090909090909
0.34704545454545455
0.33318181818181825
0.27045454545454545
0.3188636363636364
0.3536363636363636
0.3856818181818182
0.35477272727272735
0.39659090909090905
0.3575
0.3820454545454545
0.3838636363636363
0.4702272727272728
0.4081818181818182
0.43318181818181806
0.4184090909090909
0.40931818181818175
0.39545454545454545
0.3829545454545454
0.41977272727272724
0.4029545454545454
0.45227272727272716
0.4468181818181819
0.475909090909091
0.4711363636363636
0.4565909090909091
0.45454545454545464
0.44886363636363646
0.4138636363636364
0.4290909090909091
0.4084090909090909
0.4143181818181818
0.4252272727272727
0.40386363636363637
0.4154545454545454
0.43977272727272715
0.4340909090909092
0.3884090909090909
0.39204545454545453
0.38499999999999995
0.42818181818181816
0.3743181818181819
0.41545454545454547
0.3647727272727272
0.33386363636363625
0.34681818181818186
0.3597727272727273
0.3670454545454545
0.3899999999999999
0.33522727272727265
0.3606818181818181
0.34954545454545455
0.3447727272727273
0.38772727272727275
0.33227272727272716
0.3813636363636364
0.36340909090909085
0.36818181818181817
0.32522727272727275
0.3997727272727273
0.4168181818181818
0.39659090909090905
0.40477272727272734
0.38181818181818183
0.35204545454545455
0.38749999999999996
0.3918181818181817
0.43840909090909097
0.3345454545454545
0.3813636363636364
0.4004545454545454
0.4184090909090909
0.4227272727272728
0.4745454545454546
0.4863636363636364
0.5181818181818182
0.47681818181818175
0.45454545454545464
0.49749999999999994
0.5045454545454545
0.5138636363636364
0.4556818181818182
0.4345454545454546
0.47818181818181826
0.43909090909090903
0.4627272727272727
0.481590909090909
0.5027272727272728
0.4579545454545455
0.4647727272727273
0.4427272727272728
0.45931818181818185
0.4677272727272728
0.43227272727272725
0.44272727272727264
0.4347727272727273
0.4306818181818181
0.40886363636363643
0.4186363636363636
0.4238636363636364
0.41181818181818186
0.42477272727272714
0.41818181818181815
0.39931818181818174
0.4129545454545454
0.47227272727272723
0.4345454545454545
0.43250000000000005
0.40454545454545465
0.4113636363636363
0.4472727272727272
0.39295454545454533
0.4336363636363636
0.4334090909090909
0.42431818181818187
0.44249999999999995
0.4063636363636363
0.40795454545454546
0.4456818181818182
0.4093181818181819
0.41272727272727266
0.45136363636363624
0.40795454545454546
0.3877272727272727
0.48113636363636375
0.48000000000000004
0.42636363636363633
0.42772727272727273
0.41409090909090907
0.37568181818181823
0.4050000000000001
0.4074999999999999
0.3940909090909091
0.34113636363636357
0.3618181818181818
0.3859090909090908
0.33431818181818185
0.31363636363636366
0.38409090909090915
0.37795454545454543
0.38022727272727275
0.3743181818181819
0.4777272727272727
0.441590909090909
0.37636363636363634
0.32886363636363636
0.3288636363636364
0.40772727272727266
0.36522727272727273
0.4225
0.3665909090909091
0.4179545454545455
0.421590909090909
0.4384090909090909
0.38863636363636367
0.36568181818181816
0.41636363636363644
0.3976190476190476
0.42238095238095236
0.3738095238095238
0.3516666666666666
0.38214285714285706
0.32214285714285723
0.36380952380952375
0.3033333333333333
0.3500000000000001
0.331904761904762
0.3292857142857143
0.3742857142857143
0.3869047619047619
0.3635714285714286
0.37928571428571417
0.3883333333333333
0.3785714285714286
0.3538095238095238
0.3673809523809523
0.3645238095238096
0.34714285714285714
0.3885714285714287
0.30666666666666675
0.33904761904761904
0.37333333333333335
0.35547619047619045
0.3728571428571429
0.4028571428571429
0.41261904761904755
0.3828571428571429
0.4142857142857143
0.45738095238095255
0.3976190476190476
0.44333333333333336
0.43523809523809526
0.4038095238095239
0.41595238095238085
0.49023809523809525
0.42142857142857143
0.479047619047619
0.5147619047619048
0.5057142857142859
0.4469047619047619
0.42619047619047623
0.43
0.4097619047619047
0.4266666666666667
0.5204761904761905
0.45809523809523806
0.4445238095238095
0.4359523809523811
0.5214285714285714
0.49238095238095236
0.5654761904761905
0.5716666666666668
0.5847619047619049
0.5319047619047619
0.46595238095238095
0.5326190476190478
0.4909523809523809
0.5061904761904762
0.4957142857142857
0.46857142857142847
0.5033333333333333
0.4961904761904763
0.4521428571428572
0.47523809523809524
0.4516666666666667
0.4457142857142857
0.44047619047619047
0.4273809523809523
0.3961904761904762
0.43238095238095237
0.39666666666666667
0.3190476190476191
0.3616666666666667
0.3702380952380952
0.3280952380952381
0.32309523809523805
0.35619047619047617
0.32928571428571435
0.3269047619047619
0.37309523809523804
0.37047619047619046
0.320952380952381
0.3145238095238095
0.32023809523809516
0.27595238095238095
0.32238095238095227
0.33999999999999997
0.3454761904761905
0.3361904761904762
0.3333333333333333
0.3692857142857143
0.42857142857142855
0.39809523809523806
0.39071428571428574
0.3376190476190476
0.32119047619047625
0.3469047619047619
0.34476190476190477
0.2911904761904762
0.3276190476190476
0.3371428571428572
0.36714285714285716
0.3283333333333334
0.3461904761904761
0.3952380952380951
0.3742857142857143
0.36166666666666675
0.3261904761904762
0.3735714285714285
0.36142857142857143
0.3869047619047619
0.38357142857142856
0.37142857142857144
0.40976190476190477
0.4195238095238095
0.38380952380952377
0.3926190476190476
0.42428571428571427
0.38857142857142857
0.3747619047619048
0.3483333333333332
0.320952380952381
0.4033333333333334
0.32
0.36499999999999994
0.3678571428571428
0.36904761904761907
0.4195238095238095
0.3961904761904762
0.4192857142857144
0.4466666666666667
0.46
0.433809523809524
0.3869047619047619
0.37738095238095243
0.41000000000000003
0.3933333333333333
0.395
0.4028571428571429
0.36809523809523814
0.4542857142857144
0.3940476190476191
0.37666666666666665
0.40309523809523806
0.41690476190476194
0.3978571428571428
0.40380952380952384
0.3347619047619047
0.35452380952380946
0.3926190476190476
0.34238095238095245
0.42357142857142854
0.3852380952380953
0.38761904761904764
0.35880952380952374
0.4
0.4016666666666668
0.42857142857142855
0.3897619047619047
0.3340476190476189
0.3433333333333333
0.305
0.3295238095238095
0.37095238095238087
0.39261904761904765
0.36761904761904757
0.460952380952381
0.42071428571428576
0.4178571428571428
0.4292857142857144
0.45785714285714285
0.39738095238095233
0.40357142857142864
0.41880952380952374
0.45666666666666667
0.44166666666666676
0.44452380952380965
0.42142857142857143
0.4588095238095239
0.42571428571428577
0.46357142857142863
0.47857142857142854
0.48619047619047623
0.41428571428571426
0.4247619047619048
0.47547619047619044
0.4919047619047619
0.495
0.4307142857142857
0.47666666666666674
0.4054761904761905
0.49404761904761907
0.45357142857142857
0.44976190476190475
0.39142857142857135
0.41119047619047616
0.41761904761904767
NaN
NaN
NaN
NaN
NaN
NaN
NaN
NaN
NaN
NaN
NaN
NaN
NaN
NaN
NaN
NaN
NaN
NaN
NaN
NaN
NaN
NaN
NaN
NaN
NaN
NaN
NaN
NaN
NaN
NaN
NaN
NaN
NaN
NaN
NaN
NaN
NaN
NaN
NaN
NaN
NaN
NaN
NaN
NaN
NaN
NaN
NaN
NaN
NaN
NaN
NaN
NaN
NaN
NaN
NaN
NaN
NaN
NaN
NaN
NaN
NaN
NaN
NaN
NaN
NaN
NaN
NaN
NaN
NaN
NaN
NaN
NaN
NaN
NaN
NaN
NaN
NaN
NaN
NaN
NaN
NaN
NaN
NaN
NaN
NaN
NaN
NaN
NaN
NaN
NaN
NaN
NaN
NaN
NaN
NaN
NaN
NaN
NaN
NaN
NaN
NaN
NaN
NaN
NaN
NaN
NaN
NaN
NaN
NaN
NaN
NaN
NaN
NaN
NaN
NaN
NaN
NaN
NaN
NaN
NaN
NaN
NaN
NaN
NaN
NaN
NaN
NaN
NaN
NaN
NaN
NaN
NaN
NaN
NaN
NaN
NaN
NaN
NaN
NaN
NaN
NaN
NaN
NaN
NaN
NaN
NaN
NaN
NaN
NaN
NaN
NaN
NaN
NaN
NaN
NaN
NaN
NaN
NaN
NaN
NaN
NaN
NaN
NaN
NaN
NaN
NaN
NaN
NaN
NaN
NaN
NaN
NaN
NaN
NaN
NaN
NaN
NaN
NaN
NaN
NaN
NaN
NaN
NaN
NaN
NaN
NaN
NaN
NaN
NaN
NaN
NaN
NaN
NaN
NaN
NaN
NaN
NaN
NaN
NaN
NaN
NaN
NaN
NaN
NaN
NaN
NaN
NaN
NaN
NaN
NaN
NaN
NaN
NaN
NaN
NaN
NaN
NaN
NaN
NaN
NaN
NaN
NaN
NaN
NaN
NaN
NaN
NaN
NaN
NaN
NaN
NaN
NaN
NaN
NaN
NaN
NaN
NaN
NaN
NaN
NaN
NaN
NaN
NaN
NaN
NaN
NaN
NaN
NaN
NaN
NaN
NaN
NaN
NaN
NaN
NaN
NaN
NaN
NaN
NaN
NaN
NaN
NaN
NaN
NaN
NaN
NaN
NaN
NaN
NaN
NaN
NaN
NaN
NaN
NaN
NaN
NaN
NaN
NaN
NaN
NaN
NaN
NaN
NaN
NaN
NaN
NaN
NaN
NaN
NaN
NaN
NaN
NaN
NaN
NaN
NaN
NaN
NaN
NaN
NaN
NaN
NaN
NaN
NaN
NaN
NaN
NaN
NaN
NaN
NaN
NaN
NaN
NaN
NaN
NaN
NaN
NaN
NaN
NaN
NaN
NaN
NaN
NaN
NaN
NaN
NaN
NaN
NaN
NaN
NaN
NaN
NaN
NaN
NaN
NaN
NaN
NaN
NaN
NaN
NaN
NaN
NaN
NaN
NaN
NaN
NaN
NaN
NaN
NaN
NaN
NaN
NaN
NaN
NaN
NaN
NaN
NaN
NaN
NaN
NaN
NaN
NaN
NaN
NaN
NaN
NaN
NaN
NaN
NaN
NaN
NaN
NaN
NaN
NaN
NaN
NaN
NaN
NaN
NaN
NaN
NaN
NaN
NaN
NaN
NaN
NaN
NaN
NaN
NaN
NaN
NaN
NaN
NaN
NaN
NaN
NaN
NaN
NaN
NaN
NaN
NaN
NaN
NaN
NaN
NaN
NaN
NaN
NaN
NaN
NaN
NaN
NaN
NaN
NaN
NaN
NaN
NaN
NaN
NaN
NaN
NaN
NaN
NaN
NaN
NaN
NaN
NaN
NaN
NaN
NaN
NaN
NaN
NaN
NaN
NaN
NaN
NaN
NaN
NaN
NaN
NaN
NaN
NaN
NaN
NaN
NaN
NaN
NaN
NaN
NaN
NaN
NaN
NaN
NaN
NaN
NaN
NaN
NaN
NaN
NaN
NaN
NaN
NaN
NaN
NaN
NaN
NaN
NaN
NaN
NaN
NaN
NaN
NaN
NaN
NaN
NaN
NaN
NaN
NaN
NaN
NaN
NaN
NaN
NaN
NaN
NaN
NaN
NaN
NaN
NaN
NaN
NaN
NaN
NaN
NaN
NaN
NaN
NaN
NaN
NaN
NaN
NaN
NaN
NaN
NaN
NaN
NaN
NaN
NaN
NaN
NaN
NaN
NaN
NaN
NaN
NaN
NaN
NaN
NaN
NaN
NaN
NaN
NaN
NaN
NaN
NaN
NaN
NaN
NaN
NaN
NaN
NaN
NaN
NaN
NaN
NaN
NaN
NaN
NaN
NaN
NaN
NaN
NaN
NaN
NaN
NaN
NaN
NaN
NaN
NaN
NaN
NaN
NaN
NaN
NaN
NaN
NaN
NaN
NaN
NaN
NaN
NaN
NaN
NaN
NaN
NaN
NaN
NaN
NaN
NaN
NaN
NaN
NaN
NaN
NaN
NaN
NaN
NaN
NaN
NaN
NaN
NaN
NaN
NaN
NaN
NaN
NaN
NaN
NaN
NaN
NaN
NaN
NaN
NaN
NaN
NaN
NaN
NaN
NaN
NaN
NaN
NaN
NaN
NaN
NaN
NaN
NaN
NaN
NaN
NaN
NaN
NaN
NaN
NaN
NaN
NaN
NaN
NaN
NaN
NaN
NaN
NaN
NaN
NaN
NaN
NaN
NaN
NaN
NaN
NaN
NaN
NaN
NaN
NaN
NaN
NaN
NaN
NaN
NaN
NaN
NaN
NaN
NaN
NaN
NaN
NaN
NaN
NaN
NaN
NaN
NaN
NaN
NaN
NaN
NaN
NaN
NaN
NaN
NaN
NaN
NaN
NaN
NaN
NaN
NaN
NaN
NaN
NaN
NaN
NaN
NaN
NaN
NaN
NaN
NaN
NaN
NaN
NaN
NaN
NaN
NaN
NaN
NaN
NaN
NaN
NaN
NaN
NaN
NaN
NaN
NaN
NaN
NaN
NaN
NaN
NaN
NaN
NaN
NaN
NaN
NaN
NaN
NaN
NaN
NaN
NaN
NaN
NaN
NaN
NaN
NaN
NaN
NaN
NaN
NaN
NaN
NaN
NaN
NaN
NaN
NaN
NaN
NaN
NaN
NaN
NaN
NaN
NaN
NaN
NaN
NaN
NaN
NaN
NaN
NaN
NaN
NaN
NaN
NaN
NaN
NaN
NaN
NaN
NaN
NaN
NaN
NaN
NaN
NaN
NaN
NaN
NaN
NaN
NaN
NaN
NaN
NaN
NaN
NaN
NaN
NaN
NaN
NaN
NaN
NaN
NaN
NaN
NaN
NaN
NaN
NaN
NaN
NaN
NaN
NaN
NaN
NaN
NaN
NaN
NaN
NaN
NaN
NaN
NaN
NaN
NaN
NaN
NaN
NaN
NaN
NaN
NaN
NaN
NaN
NaN
NaN
NaN
NaN
NaN
NaN
NaN
NaN
NaN
NaN
NaN
NaN
NaN
NaN
NaN
NaN
NaN
NaN
NaN
NaN
NaN
NaN
NaN
NaN
NaN
NaN
NaN
NaN
NaN
NaN
NaN
NaN
NaN
NaN
NaN
NaN
NaN
NaN
NaN
NaN
NaN
NaN
NaN
NaN
NaN
NaN
NaN
NaN
NaN
NaN
NaN
NaN
NaN
NaN
NaN
NaN
NaN
NaN
NaN
NaN
NaN
NaN
NaN
NaN
NaN
NaN
NaN
NaN
NaN
NaN
NaN
NaN
NaN
NaN
NaN
NaN
NaN
NaN
NaN
NaN
NaN
NaN
NaN
NaN
NaN
NaN
NaN
NaN
NaN
NaN
NaN
NaN
NaN
NaN
NaN
NaN
NaN
NaN
NaN
NaN
NaN
NaN
NaN
NaN
NaN
NaN
NaN
NaN
NaN
NaN
NaN
NaN
NaN
NaN
NaN
NaN
NaN
NaN
NaN
NaN
NaN
NaN
NaN
NaN
NaN
NaN
NaN
NaN
NaN
NaN
NaN
NaN
NaN
NaN
NaN
NaN
NaN
NaN
NaN
NaN
NaN
NaN
NaN
NaN
NaN
NaN
NaN
NaN
NaN
NaN
NaN
NaN
NaN
NaN
NaN
NaN
NaN
NaN
NaN
NaN
NaN
NaN
NaN
NaN
NaN
NaN
NaN
NaN
NaN
NaN
NaN
NaN
NaN
NaN
NaN
NaN
NaN
NaN
NaN
NaN
NaN
NaN
NaN
NaN
NaN
NaN
NaN
NaN
NaN
NaN
NaN
NaN
NaN
NaN
NaN
NaN
NaN
NaN
NaN
NaN
NaN
NaN
NaN
NaN
NaN
NaN
NaN
NaN
NaN
NaN
NaN
NaN
NaN
NaN
NaN
NaN
NaN
NaN
NaN
NaN
NaN
NaN
NaN
NaN
NaN
NaN
NaN
NaN
NaN
NaN
NaN
NaN
NaN
NaN
NaN
NaN
NaN
NaN
NaN
NaN
NaN
NaN
NaN
NaN
NaN
NaN
NaN
NaN
NaN
NaN
NaN
NaN
NaN
NaN
NaN
NaN
NaN
NaN
NaN
NaN
NaN
NaN
NaN
NaN
NaN
NaN
NaN
NaN
NaN
NaN
NaN
NaN
NaN
NaN
NaN
NaN
NaN
NaN
NaN
NaN
NaN
NaN
NaN
NaN
NaN
NaN
NaN
NaN
NaN
NaN
NaN
NaN
NaN
NaN
NaN
NaN
NaN
NaN
NaN
NaN
NaN
NaN
NaN
NaN
NaN
NaN
NaN
NaN
NaN
NaN
NaN
NaN
NaN
NaN
NaN
NaN
NaN
NaN
NaN
NaN
NaN
NaN
NaN
NaN
NaN
NaN
NaN
NaN
NaN
NaN
NaN
NaN
NaN
NaN
NaN
NaN
NaN
NaN
NaN
NaN
NaN
NaN
NaN
NaN
NaN
NaN
NaN
NaN
NaN
NaN
NaN
NaN
NaN
NaN
NaN
NaN
NaN
NaN
NaN
NaN
NaN
NaN
NaN
NaN
NaN
NaN
NaN
NaN
NaN
NaN
NaN
NaN
NaN
NaN
NaN
NaN
NaN
NaN
NaN
NaN
NaN
NaN
NaN
NaN
NaN
NaN
NaN
NaN
NaN
NaN
NaN
NaN
NaN
NaN
NaN
NaN
NaN
NaN
NaN
NaN
NaN
NaN
NaN
NaN
NaN
NaN
NaN
NaN
NaN
NaN
NaN
NaN
NaN
NaN
NaN
NaN
NaN
NaN
NaN
NaN
NaN
NaN
NaN
NaN
NaN
NaN
NaN
NaN
NaN
NaN
NaN
NaN
NaN
NaN
NaN
NaN
NaN
NaN
NaN
NaN
NaN
NaN
NaN
NaN
NaN
NaN
NaN
NaN
NaN
NaN
NaN
NaN
NaN
NaN
NaN
NaN
NaN
NaN
NaN
NaN
NaN
NaN
NaN
NaN
NaN
NaN
NaN
NaN
NaN
NaN
NaN
NaN
NaN
NaN
NaN
NaN
NaN
NaN
NaN
NaN
NaN
NaN
NaN
NaN
NaN
NaN
NaN
NaN
NaN
NaN
NaN
NaN
NaN
NaN
NaN
NaN
NaN
NaN
NaN
NaN
NaN
NaN
NaN
NaN
NaN
NaN
NaN
NaN
NaN
NaN
NaN
NaN
NaN
NaN
NaN
NaN
NaN
NaN
NaN
NaN
NaN
NaN
NaN
NaN
NaN
NaN
NaN
NaN
NaN
NaN
NaN
NaN
NaN
NaN
NaN
NaN
NaN
NaN
NaN
NaN
NaN
NaN
NaN
NaN
NaN
NaN
NaN
NaN
NaN
NaN
NaN
NaN
NaN
NaN
NaN
NaN
NaN
NaN
NaN
NaN
NaN
NaN
NaN
NaN
NaN
NaN
NaN
NaN
NaN
NaN
NaN
NaN
NaN
NaN
NaN
NaN
NaN
NaN
NaN
NaN
NaN
NaN
NaN
NaN
NaN
NaN
NaN
NaN
NaN
NaN
NaN
NaN
NaN
NaN
NaN
NaN
NaN
NaN
NaN
NaN
NaN
NaN
NaN
NaN
NaN
NaN
NaN
NaN
NaN
NaN
NaN
NaN
NaN
NaN
NaN
NaN
NaN
NaN
NaN
NaN
NaN
NaN
NaN
NaN
NaN
NaN
NaN
NaN
NaN
NaN
NaN
NaN
NaN
NaN
NaN
NaN
NaN
NaN
NaN
NaN
NaN
NaN
NaN
NaN
NaN
NaN
NaN
NaN
NaN
NaN
NaN
NaN
NaN
NaN
NaN
NaN
NaN
NaN
NaN
NaN
NaN
NaN
NaN
NaN
NaN
NaN
NaN
NaN
NaN
NaN
NaN
NaN
NaN
NaN
NaN
NaN
NaN
NaN
NaN
NaN
NaN
NaN
NaN
NaN
NaN
NaN
NaN
NaN
NaN
NaN
NaN
NaN
NaN
NaN
NaN
NaN
NaN
NaN
NaN
NaN
NaN
NaN
NaN
NaN
NaN
NaN
NaN
NaN
NaN
NaN
NaN
NaN
NaN
NaN
NaN
NaN
NaN
NaN
NaN
NaN
NaN
NaN
NaN
NaN
NaN
NaN
NaN
NaN
NaN
NaN
NaN
NaN
NaN
NaN
NaN
NaN
NaN
NaN
NaN
NaN
NaN
NaN
NaN
NaN
NaN
NaN
NaN
NaN
NaN
NaN
NaN
NaN
NaN
NaN
NaN
NaN
NaN
NaN
NaN
NaN
NaN
NaN
NaN
NaN
NaN
NaN
NaN
NaN
NaN
NaN
NaN
NaN
NaN
NaN
NaN
NaN
NaN
NaN
NaN
NaN
NaN
NaN
NaN
NaN
NaN
NaN
NaN
NaN
NaN
NaN
NaN
NaN
NaN
NaN
NaN
NaN
NaN
NaN
NaN
NaN
NaN
NaN
NaN
NaN
NaN
NaN
NaN
NaN
NaN
NaN
NaN
NaN
NaN
NaN
NaN
NaN
NaN
NaN
NaN
NaN
NaN
NaN
NaN
NaN
NaN
NaN
NaN
NaN
NaN
NaN
NaN
NaN
NaN
NaN
NaN
NaN
NaN
NaN
NaN
NaN
NaN
NaN
NaN
NaN
NaN
NaN
NaN
NaN
NaN
NaN
NaN
NaN
NaN
NaN
NaN
NaN
NaN
NaN
NaN
NaN
NaN
NaN
NaN
NaN
NaN
NaN
NaN
NaN
NaN
NaN
NaN
NaN
NaN
NaN
NaN
NaN
NaN
NaN
NaN
NaN
NaN
NaN
NaN
NaN
NaN
NaN
NaN
NaN
NaN
NaN
NaN
NaN
NaN
NaN
NaN
NaN
NaN
NaN
NaN
NaN
NaN
NaN
NaN
NaN
NaN
NaN
NaN
NaN
NaN
NaN
NaN
NaN
NaN
NaN
NaN
NaN
NaN
NaN
NaN
NaN
NaN
NaN
NaN
NaN
NaN
NaN
NaN
NaN
NaN
NaN
NaN
NaN
NaN
NaN
NaN
NaN
NaN
NaN
NaN
NaN
NaN
NaN
NaN
NaN
NaN
NaN
NaN
NaN
NaN
NaN
NaN
NaN
NaN
NaN
NaN
NaN
NaN
