0.06126482213438734
0.14092429309820617
0.1778656126482214
0.17619337184554573
0.16768014594101552
0.18607479477044697
0.17482517482517484
0.19458802067497724
0.2823046518698693
0.30632411067193677
0.3338400729705077
0.31438127090301005
0.34083307996351475
0.3586196412283369
0.36089996959562176
0.35740346609911816
0.39267254484645786
0.425813317117665
0.4381270903010034
0.4638187899057465
0.4674673152934023
0.47643660687138945
0.487382183034357
0.513986013986014
0.4940711462450593
0.515354211006385
0.5577683186378839
0.5922772879294621
0.5925813317117665
0.5886287625418061
0.6164487686226816
0.6257221039829736
0.6068713894800851
0.6365156582547886
0.6214654910307085
0.6261781696564305
0.6205533596837944
0.6688963210702341
0.6736089996959563
0.6726968683490422
0.6874429917908179
0.6771055031924598
0.6801459410155062
0.7339616904834295
0.7078139252052296
0.7300091213134692
0.6971723928245668
0.7287929461842506
0.7339616904834294
0.7327455153542111
0.7132867132867133
0.7128306476132562
0.7274247491638796
0.7249923989054423
0.7579811492854973
0.7522043174217088
0.7047734873821829
0.7141988446336275
0.7138948008513226
0.7231681362116145
0.7783520826999086
0.7505320766190333
0.8157494679233811
0.8294314381270902
0.8335360291882032
0.7658862876254182
0.7853450896929158
0.765886287625418
0.8087564609303738
0.8066281544542414
0.7789601702645181
0.8114928549711159
0.7702949224688354
0.7792642140468226
0.7640620249315901
0.7610215871085436
0.7442991790817878
0.7087260565521436
0.7236242018850715
0.683794466403162
0.6655518394648828
0.6810580723624201
0.7029492246883552
0.7376102158710854
0.7418668288233504
0.7620857403466098
0.7733353602918821
0.7569169960474309
0.7823046518698692
0.7737914259653388
0.8139252052295531
0.8010033444816053
0.8066281544542414
0.8546670720583766
0.8216783216783217
0.7788081483733655
0.7859531772575251
0.7503800547278807
0.753724536333232
0.7468835512313773
0.758893280632411
0.773791425965339
0.7262085740346609
0.7570690179385832
0.7710550319245971
0.7836728488902401
0.7538765582243844
0.7683186378838552
0.7675585284280936
0.7646701124961993
0.7693827911219215
0.7756156886591671
0.7842809364548496
0.8145332927941624
0.8210702341137123
0.8110367892976588
0.8169656430525997
0.8011553663727576
0.7944664031620551
0.7892976588628765
0.7833688051079354
0.7745515354211006
0.7839768926725448
0.7813925205229553
0.8029796290665857
0.7553967771359076
0.8128610519914866
0.7786561264822134
0.8154454241410766
0.8028276071754331
0.8160535117056856
0.8155974460322285
0.8394648829431438
0.8019154758285191
0.8291273943447858
0.8402249923989055
0.8162055335968379
0.8184858619641227
0.8040437823046517
0.8038917604134994
0.8244147157190636
0.8431134083307996
0.8231985405898449
0.8668288233505624
0.8394648829431439
0.8341441167528125
0.8396169048342962
0.8434174521131044
0.8307996351474614
0.8259349346305865
0.8301915475828519
0.81438127090301
0.8470659775007602
0.8479781088476741
0.8795986622073577
0.8645484949832777
0.8517786561264823
0.8408330799635148
0.8235025843721497
0.8159014898145333
0.8035877166311948
0.7883855275159625
0.7718151413803589
0.779416235937975
0.7886895712982668
0.7920340529036181
0.7797202797202799
0.7909698996655519
0.8035877166311949
0.814837336576467
0.8298875038005474
0.8215262997871696
0.7947704469443599
0.7877774399513531
0.779872301611432
0.7797202797202797
0.7880814837336576
0.8061720887807845
0.784128914563697
0.7968987534204927
0.7930982061416845
0.7528124049863181
0.7718151413803587
0.7664943751900274
0.7654302219519612
0.8087564609303738
0.7917300091213135
0.7786561264822136
0.7797202797202797
0.7956825782912739
0.789145636971724
0.8111888111888113
0.8043478260869567
0.8070842201276982
0.7599574338704773
0.7724232289449682
0.7672544846457892
0.7452113104287019
0.7374581939799332
0.7129826695044087
0.7867132867132868
0.7379142596533902
0.7371541501976285
0.7169352386743689
0.7365460626330194
0.7798723016114323
0.7538765582243842
0.7186074794770447
0.769990878686531
0.7566129522651264
0.7633019154758286
0.721647917300091
0.7167832167832167
0.7307692307692306
0.7631498935846763
0.7675585284280936
0.7546366676801459
0.782152629978717
0.749467923380967
0.7625418060200668
0.7563089084828216
0.7313773183338399
0.7404986318029796
0.7307692307692307
0.7540285801155364
0.7468835512313774
0.7487078139252051
0.7947704469443599
0.7786561264822136
0.7782000608087564
0.787777439951353
0.8286713286713286
0.8169656430525997
0.8251748251748251
0.8092125266038308
0.7604134995439342
0.7999391912435392
0.7979629066585584
0.8314077227120706
0.8555792034052904
0.8431134083307998
0.82745515354211
0.8245667376102158
0.8280632411067192
0.8154454241410763
0.7734873821830345
0.8131650957737914
0.798418972332016
0.7608695652173911
0.7442991790817878
0.7207357859531771
0.7657342657342656
0.7306172088780785
0.731833384007297
0.7604134995439342
0.7601094557616297
0.779416235937975
0.7768318637883858
0.7865612648221346
0.7423228944968074
0.7471875950136819
0.7505320766190331
0.7325934934630588
0.7756156886591669
0.7634539373669808
0.7651261781696564
0.766798418972332
0.7578291273943448
0.765734265734266
0.7321374277896019
0.7192155670416539
0.7020370933414413
0.7056856187290971
0.6979325022803283
0.7061416844025541
0.7289449680754029
0.7543326238978413
0.7680145941015506
0.7585892368501064
0.746731529340225
0.7508361204013378
0.7327455153542112
0.7336576467011251
0.7858011553663728
0.7950744907266644
0.7932502280328365
0.7894496807540285
0.7859531772575251
0.8152934022499242
0.7800243235025843
0.779872301611432
0.7386743691091517
0.7804803891760413
0.7389784128914564
0.7608695652173911
0.7771359075706902
0.7239282456673761
0.751444207965947
0.7862572210398299
0.7968987534204924
0.7692307692307693
0.7850410459106111
0.7693827911219216
0.7701429005776833
0.7733353602918819
0.7705989662511402
0.8046518698692612
0.7763757981149285
0.7487078139252051
0.7623897841289146
0.7515962298570994
0.7347217999391913
0.7143508665247796
0.7164791730009121
0.7184554575858925
0.7461234417756156
0.756612952265126
0.7529644268774702
0.773791425965339
0.7564609303739739
0.7608695652173914
0.7990270598966253
0.8014594101550624
0.7955305564001217
0.8309516570386134
0.8145332927941623
0.8019154758285191
0.7991790817877774
0.8108847674065067
0.8286713286713284
0.7967467315293398
0.7745515354211008
0.7897537245363331
0.8019154758285194
0.8155974460322285
0.842809364548495
0.8494983277591974
0.8604439039221649
0.8452417148069322
0.8618121009425355
0.8447856491334753
0.8605959258133171
0.8099726360595926
0.8304955913651567
0.846913955609608
0.8304955913651564
0.8306476132563088
0.825174825174825
0.814837336576467
0.8154454241410763
0.816661599270295
0.8149893584676193
0.8149893584676193
0.8061720887807845
0.7921860747947704
0.8197020370933412
0.8003952569169958
0.800699300699301
0.81438127090301
0.7952265126178168
0.7721191851626634
0.7721191851626634
0.7465795074490728
0.7771359075706902
0.7560048647005169
0.8048038917604134
0.7956825782912739
0.7883855275159622
0.7862572210398298
0.8049559136515658
0.8165095773791425
0.7955305564001217
0.7722712070538159
0.7768318637883855
0.7777439951352995
0.7774399513529947
0.7718151413803589
0.7587412587412588
0.7753116448768623
0.7830647613256311
0.8046518698692613
0.8034356947400425
0.8347522043174217
0.80328367284889
0.8204621465491031
0.7833688051079354
0.8014594101550624
0.7806324110671937
0.7712070538157495
0.7297050775311646
0.7283368805107936
0.7266646397081179
0.7125266038309518
0.7449072666463971
0.7368501064153239
0.7319854058984494
0.7129826695044087
0.7243843113408329
0.74445120097294
0.7417148069321983
0.7515962298570994
0.741106719367589
0.7201276983885679
0.7581331711766495
0.7856491334752206
0.7439951352994831
0.7736394040741866
0.7553967771359076
0.7582851930678018
0.7605655214350867
0.77515962298571
0.7766798418972332
0.7584372149589543
0.7464274855579203
0.7636059592581332
0.7462754636667682
0.747643660687139
0.7319854058984493
0.7360899969595622
0.7686226816661601
0.7497719671632715
0.7494679233809669
0.7601094557616296
0.7119185162663423
0.7385223472179994
0.7698388567953786
0.7608695652173914
0.7370021283064763
0.7202797202797203
0.7189115232593495
0.6948920644572818
0.7439951352994831
0.7319854058984494
0.7459714198844634
0.7377622377622377
0.7585892368501065
0.7044694435998784
0.7482517482517483
0.7509881422924901
0.7406506536941319
0.7310732745515355
0.7535725144420795
0.7560048647005168
0.7820006080875647
0.7873213742778961
0.8263910003040437
0.819550015202189
0.8341441167528124
0.8049559136515657
0.7664943751900274
0.7496199452721193
0.7411067193675888
0.7237762237762237
0.7096381878990574
0.7471875950136819
0.7370021283064762
0.741106719367589
0.763453937366981
0.7645180906050473
0.7619337184554577
0.7778960170264518
0.7778960170264518
0.7517482517482518
0.7575250836120403
0.7496199452721193
0.7459714198844634
0.7553967771359076
0.7338096685922771
0.7409546974764365
0.7219519610823958
0.7149589540893889
0.7414107631498937
0.7356339312861052
0.7335056248099726
0.7485557920340529
0.7695348130130739
0.7446032228640924
0.7739434478564913
0.7605655214350867
0.7403466099118273
0.7721191851626634
0.7839768926725448
0.7858011553663728
0.79477044694436
0.8209182122225599
0.7961386439647309
0.7838248707813925
0.7968987534204927
0.7873213742778961
0.7944664031620554
0.8003952569169961
0.7780480389176038
0.7595013681970204
0.7547886895712982
0.769230769230769
0.7146549103070842
0.7137427789601701
0.7471875950136819
0.7292490118577077
0.7239282456673762
0.7353298875038005
0.7622377622377623
0.7923380966859228
0.7785041045910611
0.7555487990270596
0.750380054727881
0.7275767710550318
0.7736394040741867
0.7550927333536029
0.7671024627546367
0.7626938279112191
0.7546366676801459
0.7535725144420795
0.7789601702645181
0.7754636667680145
0.780784432958346
0.7824566737610216
0.7754636667680145
0.7623897841289147
0.770903010033445
0.7762237762237764
0.7719671632715112
0.8084524171480694
0.8061720887807844
0.8048038917604134
0.8276071754332626
0.8178777743995135
0.8102766798418973
0.7911219215567041
0.8061720887807844
0.8034356947400425
0.813469139556096
0.8043478260869563
0.811036789297659
0.8035877166311949
0.8010033444816053
0.7996351474612343
0.7829127394344785
0.8029796290665854
0.7914259653390087
0.7865612648221344
0.7663423532988749
0.7529644268774703
0.751900273639404
0.7509881422924901
0.7753116448768623
0.7637579811492855
0.7441471571906355
0.7230161143204621
0.760261477652782
0.741106719367589
0.7917300091213135
0.8219823654606263
0.7896017026451811
0.8017634539373669
0.7947704469443597
0.7944664031620554
0.7915779872301613
0.7547886895712982
0.758437214958954
0.7842809364548494
0.783064761325631
0.7883855275159622
0.7806324110671935
0.7669504408634843
0.758437214958954
0.7707509881422925
0.7275767710550322
0.6851626634235329
0.6958041958041957
0.6635755548799027
0.6866828823350563
0.678169656430526
0.6910915171784736
0.6869869261173609
0.6915475828519306
0.7310732745515355
0.7252964426877471
0.7561568865916694
0.8044998479781089
0.7777439951352995
0.7427789601702646
0.7546366676801459
0.763453937366981
0.7719671632715112
0.7593493463058681
0.8183338400729707
0.8128610519914868
0.7961386439647309
0.7930982061416845
0.7678625722103983
0.7927941623593798
0.8134691395560963
0.8186378838552751
0.7800243235025843
0.8000912131346914
0.7701429005776833
0.7614776527820006
0.7701429005776831
0.7576771055031926
0.8168136211614473
0.7731833384007296
0.7623897841289146
0.783520826999088
0.7696868349042265
0.7637579811492855
0.7564609303739739
0.7528124049863183
0.7553967771359076
0.748099726360596
0.761173608999696
0.7362420188507144
0.7333536029188203
0.7722712070538158
0.7687747035573121
0.7985709942231684
0.7739434478564914
0.7534204925509272
0.7619337184554577
0.7686226816661601
0.7578291273943446
0.757981149285497
0.7660383095165703
0.7637579811492855
0.7702949224688354
0.7608695652173911
0.7844329583460017
0.764974156278504
0.7823046518698693
0.7765278200060809
0.7607175433262388
0.7240802675585285
0.7424749163879597
0.734721799939191
0.7189115232593493
0.757069017938583
0.751900273639404
0.7674065065369414
0.7783520826999087
0.7669504408634844
0.7538765582243842
0.7675585284280936
0.717847370021283
0.7848890240194589
0.7797202797202797
0.7476436606871388
0.7759197324414715
0.7993311036789297
0.7882335056248102
0.7771359075706902
0.7905717470934862
0.8069756330625895
0.7641344163083295
0.7670011148272018
0.7778308647873866
0.7634973721930245
0.775601210383819
0.7905717470934862
0.8286351329829591
0.8009237139671922
0.8603280777193819
0.8362796623666188
0.8479057174709348
0.805223761745501
0.8147794234750757
0.7848383500557412
0.7767160375856028
0.7770345596432554
0.7654085045389394
0.7548972766364072
0.7687529861442906
0.7561713648670173
0.7305303392259914
0.7287784679089027
0.7693900302595955
0.7472527472527473
0.7564898869246696
0.7674788979136805
0.7947125338429686
0.7802197802197803
0.8125497690715081
0.7663640707118969
0.7404045230132189
0.792323618410575
0.7478897913680522
0.7357859531772575
0.7413600891861761
0.7209746774964165
0.7150820194298456
0.7123745819397992
0.6939003025959547
0.7161968466316292
0.6743111960503266
0.7252747252747254
0.754100971492276
0.7748049052396879
0.7791049530179964
0.7706641184902054
0.769071508201943
0.7375378244943462
0.7311673833412963
0.7536231884057971
0.7674788979136805
0.7846790890269152
0.7611084567606307
0.7628603280777194
0.793597706641185
0.7816531294792164
0.7644529383659818
0.7885013537187452
0.7714604236343366
0.7693900302595954
0.7630195891065457
0.7921643573817488
0.7883420926899186
0.8012422360248447
0.8149386845039017
0.7857939162286989
0.7615862398471093
0.8047459786590223
0.8318203535594841
0.793756967670011
0.826086956521739
0.8087275043796783
0.8405797101449275
0.8224239528587354
0.8456760630673675
0.8168498168498168
0.8131868131868132
0.8361204013377926
0.8057015448319798
0.7998088867654085
0.7877050485746137
0.8216276477146042
0.7951903169294474
0.774964166268514
0.8053830227743274
0.8034718904284122
0.7821309125656951
0.7713011626055104
0.7934384456123587
0.7982162764771461
0.7408823060996974
0.785953177257525
0.7763975155279503
0.7453416149068323
0.7797419971333015
0.7356266921484311
0.7459786590221374
0.7455008759356586
NaN
NaN
NaN
NaN
NaN
NaN
NaN
NaN
NaN
NaN
NaN
NaN
NaN
NaN
NaN
NaN
NaN
NaN
NaN
NaN
NaN
NaN
NaN
NaN
NaN
NaN
NaN
NaN
NaN
NaN
NaN
NaN
NaN
NaN
NaN
NaN
NaN
NaN
NaN
NaN
NaN
NaN
NaN
NaN
NaN
NaN
NaN
NaN
NaN
NaN
NaN
NaN
NaN
NaN
NaN
NaN
NaN
NaN
NaN
NaN
NaN
NaN
NaN
NaN
NaN
NaN
NaN
NaN
NaN
NaN
NaN
NaN
NaN
NaN
NaN
NaN
NaN
NaN
NaN
NaN
NaN
NaN
NaN
NaN
NaN
NaN
NaN
NaN
NaN
NaN
NaN
NaN
NaN
NaN
NaN
NaN
NaN
NaN
NaN
NaN
NaN
NaN
NaN
NaN
NaN
NaN
NaN
NaN
NaN
NaN
NaN
NaN
NaN
NaN
NaN
NaN
NaN
NaN
NaN
NaN
NaN
NaN
NaN
NaN
NaN
NaN
NaN
NaN
NaN
NaN
NaN
NaN
NaN
NaN
NaN
NaN
NaN
NaN
NaN
NaN
NaN
NaN
NaN
NaN
NaN
NaN
NaN
NaN
NaN
NaN
NaN
NaN
NaN
NaN
NaN
NaN
NaN
NaN
NaN
NaN
NaN
NaN
NaN
NaN
NaN
NaN
NaN
NaN
NaN
NaN
NaN
NaN
NaN
NaN
NaN
NaN
NaN
NaN
NaN
NaN
NaN
NaN
NaN
NaN
NaN
NaN
NaN
NaN
NaN
NaN
NaN
NaN
NaN
NaN
NaN
NaN
NaN
NaN
NaN
NaN
NaN
NaN
NaN
NaN
NaN
NaN
NaN
NaN
NaN
NaN
NaN
NaN
NaN
NaN
NaN
NaN
NaN
NaN
NaN
NaN
NaN
NaN
NaN
NaN
NaN
NaN
NaN
NaN
NaN
NaN
NaN
NaN
NaN
NaN
NaN
NaN
NaN
NaN
NaN
NaN
NaN
NaN
NaN
NaN
NaN
NaN
NaN
NaN
NaN
NaN
NaN
NaN
NaN
NaN
NaN
NaN
NaN
NaN
NaN
NaN
NaN
NaN
NaN
NaN
NaN
NaN
NaN
NaN
NaN
NaN
NaN
NaN
NaN
NaN
NaN
NaN
NaN
NaN
NaN
NaN
NaN
NaN
NaN
NaN
NaN
NaN
NaN
NaN
NaN
NaN
NaN
NaN
NaN
NaN
NaN
NaN
NaN
NaN
NaN
NaN
NaN
NaN
NaN
NaN
NaN
NaN
NaN
NaN
NaN
NaN
NaN
NaN
NaN
NaN
NaN
NaN
NaN
NaN
NaN
NaN
NaN
NaN
NaN
NaN
NaN
NaN
NaN
NaN
NaN
NaN
NaN
NaN
NaN
NaN
NaN
NaN
NaN
NaN
NaN
NaN
NaN
NaN
NaN
NaN
NaN
NaN
NaN
NaN
NaN
NaN
NaN
NaN
NaN
NaN
NaN
NaN
NaN
NaN
NaN
NaN
NaN
NaN
NaN
NaN
NaN
NaN
NaN
NaN
NaN
NaN
NaN
NaN
NaN
NaN
NaN
NaN
NaN
NaN
NaN
NaN
NaN
NaN
NaN
NaN
NaN
NaN
NaN
NaN
NaN
NaN
NaN
NaN
NaN
NaN
NaN
NaN
NaN
NaN
NaN
NaN
NaN
NaN
NaN
NaN
NaN
NaN
NaN
NaN
NaN
NaN
NaN
NaN
NaN
NaN
NaN
NaN
NaN
NaN
NaN
NaN
NaN
NaN
NaN
NaN
NaN
NaN
NaN
NaN
NaN
NaN
NaN
NaN
NaN
NaN
NaN
NaN
NaN
NaN
NaN
NaN
NaN
NaN
NaN
NaN
NaN
NaN
NaN
NaN
NaN
NaN
NaN
NaN
NaN
NaN
NaN
NaN
NaN
NaN
NaN
NaN
NaN
NaN
NaN
NaN
NaN
NaN
NaN
NaN
NaN
NaN
NaN
NaN
NaN
NaN
NaN
NaN
NaN
NaN
NaN
NaN
NaN
NaN
NaN
NaN
NaN
NaN
NaN
NaN
NaN
NaN
NaN
NaN
NaN
NaN
NaN
NaN
NaN
NaN
NaN
NaN
NaN
NaN
NaN
NaN
NaN
NaN
NaN
NaN
NaN
NaN
NaN
NaN
NaN
NaN
NaN
NaN
NaN
NaN
NaN
NaN
NaN
NaN
NaN
NaN
NaN
NaN
NaN
NaN
NaN
NaN
NaN
NaN
NaN
NaN
NaN
NaN
NaN
NaN
NaN
NaN
NaN
NaN
NaN
NaN
NaN
NaN
NaN
NaN
NaN
NaN
NaN
NaN
NaN
NaN
NaN
NaN
NaN
NaN
NaN
NaN
NaN
NaN
NaN
NaN
NaN
NaN
NaN
NaN
NaN
NaN
NaN
NaN
NaN
NaN
NaN
NaN
NaN
NaN
NaN
NaN
NaN
NaN
NaN
NaN
NaN
NaN
NaN
NaN
NaN
NaN
NaN
NaN
NaN
NaN
NaN
NaN
NaN
NaN
NaN
NaN
NaN
NaN
NaN
NaN
NaN
NaN
NaN
NaN
NaN
NaN
NaN
NaN
NaN
NaN
NaN
NaN
NaN
NaN
NaN
NaN
NaN
NaN
NaN
NaN
NaN
NaN
NaN
NaN
NaN
NaN
NaN
NaN
NaN
NaN
NaN
NaN
NaN
NaN
NaN
NaN
NaN
NaN
NaN
NaN
NaN
NaN
NaN
NaN
NaN
NaN
NaN
NaN
NaN
NaN
NaN
NaN
NaN
NaN
NaN
NaN
NaN
NaN
NaN
NaN
NaN
NaN
NaN
NaN
NaN
NaN
NaN
NaN
NaN
NaN
NaN
NaN
NaN
NaN
NaN
NaN
NaN
NaN
NaN
NaN
NaN
NaN
NaN
NaN
NaN
NaN
NaN
NaN
NaN
NaN
NaN
NaN
NaN
NaN
NaN
NaN
NaN
NaN
NaN
NaN
NaN
NaN
NaN
NaN
NaN
NaN
NaN
NaN
NaN
NaN
NaN
NaN
NaN
NaN
NaN
NaN
NaN
NaN
NaN
NaN
NaN
NaN
NaN
NaN
NaN
NaN
NaN
NaN
NaN
NaN
NaN
NaN
NaN
NaN
NaN
NaN
NaN
NaN
NaN
NaN
NaN
NaN
NaN
NaN
NaN
NaN
NaN
NaN
NaN
NaN
NaN
NaN
NaN
NaN
NaN
NaN
NaN
NaN
NaN
NaN
NaN
NaN
NaN
NaN
NaN
NaN
NaN
NaN
NaN
NaN
NaN
NaN
NaN
NaN
NaN
NaN
NaN
NaN
NaN
NaN
NaN
NaN
NaN
NaN
NaN
NaN
NaN
NaN
NaN
NaN
NaN
NaN
NaN
NaN
NaN
NaN
NaN
NaN
NaN
NaN
NaN
NaN
NaN
NaN
NaN
NaN
NaN
NaN
NaN
NaN
NaN
NaN
NaN
NaN
NaN
NaN
NaN
NaN
NaN
NaN
NaN
NaN
NaN
NaN
NaN
NaN
NaN
NaN
NaN
NaN
NaN
NaN
NaN
NaN
NaN
NaN
NaN
NaN
NaN
NaN
NaN
NaN
NaN
NaN
NaN
NaN
NaN
NaN
NaN
NaN
NaN
NaN
NaN
NaN
NaN
NaN
NaN
NaN
NaN
NaN
NaN
NaN
NaN
NaN
NaN
NaN
NaN
NaN
NaN
NaN
NaN
NaN
NaN
NaN
NaN
NaN
NaN
NaN
NaN
NaN
NaN
NaN
NaN
NaN
NaN
NaN
NaN
NaN
NaN
NaN
NaN
NaN
NaN
NaN
NaN
NaN
NaN
NaN
NaN
NaN
NaN
NaN
NaN
NaN
NaN
NaN
NaN
NaN
NaN
NaN
NaN
NaN
NaN
NaN
NaN
NaN
NaN
NaN
NaN
NaN
NaN
NaN
NaN
NaN
NaN
NaN
NaN
NaN
NaN
NaN
NaN
NaN
NaN
NaN
NaN
NaN
NaN
NaN
NaN
NaN
NaN
NaN
NaN
NaN
NaN
NaN
NaN
NaN
NaN
NaN
NaN
NaN
NaN
NaN
NaN
NaN
NaN
NaN
NaN
NaN
NaN
NaN
NaN
NaN
NaN
NaN
NaN
NaN
NaN
NaN
NaN
NaN
NaN
NaN
NaN
NaN
NaN
NaN
NaN
NaN
NaN
NaN
NaN
NaN
NaN
NaN
NaN
NaN
NaN
NaN
NaN
NaN
NaN
NaN
NaN
NaN
NaN
NaN
NaN
NaN
NaN
NaN
NaN
NaN
NaN
NaN
NaN
NaN
NaN
NaN
NaN
NaN
NaN
NaN
NaN
NaN
NaN
NaN
NaN
NaN
NaN
NaN
NaN
NaN
NaN
NaN
NaN
NaN
NaN
NaN
NaN
NaN
NaN
NaN
NaN
NaN
NaN
NaN
NaN
NaN
NaN
NaN
NaN
NaN
NaN
NaN
NaN
NaN
NaN
NaN
NaN
NaN
NaN
NaN
NaN
NaN
NaN
NaN
NaN
NaN
NaN
NaN
NaN
NaN
NaN
NaN
NaN
NaN
NaN
NaN
NaN
NaN
NaN
NaN
NaN
NaN
NaN
NaN
NaN
NaN
NaN
NaN
NaN
NaN
NaN
NaN
NaN
NaN
NaN
NaN
NaN
NaN
NaN
NaN
NaN
NaN
NaN
NaN
NaN
NaN
NaN
NaN
NaN
NaN
NaN
NaN
NaN
NaN
NaN
NaN
NaN
NaN
NaN
NaN
NaN
NaN
NaN
NaN
NaN
NaN
NaN
NaN
NaN
NaN
NaN
NaN
NaN
NaN
NaN
NaN
NaN
NaN
NaN
NaN
NaN
NaN
NaN
NaN
NaN
NaN
NaN
NaN
NaN
NaN
NaN
NaN
NaN
NaN
NaN
NaN
NaN
NaN
NaN
NaN
NaN
NaN
NaN
NaN
NaN
NaN
NaN
NaN
NaN
NaN
NaN
NaN
NaN
NaN
NaN
NaN
NaN
NaN
NaN
NaN
NaN
NaN
NaN
NaN
NaN
NaN
NaN
NaN
NaN
NaN
NaN
NaN
NaN
NaN
NaN
NaN
NaN
NaN
NaN
NaN
NaN
NaN
NaN
NaN
NaN
NaN
NaN
NaN
NaN
NaN
NaN
NaN
NaN
NaN
NaN
NaN
NaN
NaN
NaN
NaN
NaN
NaN
NaN
NaN
NaN
NaN
NaN
NaN
NaN
NaN
NaN
NaN
NaN
NaN
NaN
NaN
NaN
NaN
NaN
NaN
NaN
NaN
NaN
NaN
NaN
NaN
NaN
NaN
NaN
NaN
NaN
NaN
NaN
NaN
NaN
NaN
NaN
NaN
NaN
NaN
NaN
NaN
NaN
NaN
NaN
NaN
NaN
NaN
NaN
NaN
NaN
NaN
NaN
NaN
NaN
NaN
NaN
NaN
NaN
NaN
NaN
NaN
NaN
NaN
NaN
NaN
NaN
NaN
NaN
NaN
NaN
NaN
NaN
NaN
NaN
NaN
NaN
NaN
NaN
NaN
NaN
NaN
NaN
NaN
NaN
NaN
NaN
NaN
NaN
NaN
NaN
NaN
NaN
NaN
NaN
NaN
NaN
NaN
NaN
NaN
NaN
NaN
NaN
NaN
NaN
NaN
NaN
NaN
NaN
NaN
NaN
NaN
NaN
NaN
NaN
NaN
NaN
NaN
NaN
NaN
NaN
NaN
NaN
NaN
NaN
NaN
NaN
NaN
NaN
NaN
NaN
NaN
NaN
NaN
NaN
NaN
NaN
NaN
NaN
NaN
NaN
NaN
NaN
NaN
NaN
NaN
NaN
NaN
NaN
NaN
NaN
NaN
NaN
NaN
NaN
NaN
NaN
NaN
NaN
NaN
NaN
NaN
NaN
NaN
NaN
NaN
NaN
NaN
NaN
NaN
NaN
NaN
NaN
NaN
NaN
NaN
NaN
NaN
NaN
NaN
NaN
NaN
NaN
NaN
NaN
NaN
NaN
NaN
NaN
NaN
NaN
NaN
NaN
NaN
NaN
NaN
NaN
NaN
NaN
NaN
NaN
NaN
NaN
NaN
NaN
NaN
NaN
NaN
NaN
NaN
NaN
NaN
NaN
NaN
NaN
NaN
NaN
NaN
NaN
NaN
NaN
NaN
NaN
NaN
NaN
NaN
NaN
NaN
NaN
NaN
NaN
NaN
NaN
NaN
NaN
NaN
NaN
NaN
NaN
NaN
NaN
NaN
NaN
NaN
NaN
NaN
NaN
NaN
NaN
NaN
NaN
NaN
NaN
NaN
NaN
NaN
NaN
NaN
NaN
NaN
NaN
NaN
NaN
NaN
NaN
NaN
NaN
NaN
NaN
NaN
NaN
NaN
NaN
NaN
NaN
NaN
NaN
NaN
NaN
NaN
NaN
NaN
NaN
NaN
NaN
NaN
NaN
NaN
NaN
NaN
NaN
NaN
NaN
NaN
NaN
NaN
NaN
NaN
NaN
NaN
NaN
NaN
NaN
NaN
NaN
NaN
NaN
NaN
NaN
NaN
NaN
NaN
NaN
NaN
NaN
NaN
NaN
NaN
NaN
NaN
NaN
NaN
NaN
NaN
NaN
NaN
NaN
NaN
NaN
NaN
NaN
NaN
NaN
NaN
NaN
NaN
NaN
NaN
NaN
NaN
NaN
NaN
NaN
NaN
NaN
NaN
NaN
NaN
NaN
NaN
NaN
NaN
NaN
NaN
NaN
NaN
NaN
NaN
NaN
NaN
NaN
NaN
NaN
NaN
NaN
NaN
NaN
NaN
NaN
NaN
NaN
NaN
NaN
NaN
NaN
NaN
NaN
NaN
NaN
NaN
NaN
NaN
NaN
NaN
NaN
NaN
NaN
NaN
NaN
NaN
NaN
NaN
NaN
NaN
NaN
NaN
NaN
NaN
NaN
NaN
NaN
NaN
NaN
NaN
NaN
NaN
NaN
NaN
NaN
NaN
NaN
NaN
NaN
NaN
NaN
NaN
NaN
NaN
NaN
NaN
NaN
NaN
NaN
NaN
NaN
NaN
NaN
NaN
NaN
NaN
NaN
NaN
NaN
NaN
NaN
NaN
NaN
NaN
NaN
NaN
NaN
NaN
NaN
NaN
NaN
NaN
NaN
NaN
NaN
NaN
NaN
NaN
NaN
NaN
NaN
NaN
NaN
NaN
NaN
NaN
NaN
NaN
NaN
NaN
NaN
NaN
NaN
NaN
NaN
NaN
NaN
NaN
NaN
NaN
NaN
NaN
NaN
NaN
NaN
NaN
NaN
NaN
NaN
NaN
NaN
NaN
NaN
NaN
NaN
NaN
NaN
NaN
NaN
NaN
NaN
NaN
NaN
NaN
NaN
NaN
NaN
NaN
NaN
NaN
NaN
NaN
NaN
NaN
NaN
NaN
NaN
NaN
NaN
NaN
NaN
NaN
NaN
NaN
NaN
NaN
NaN
NaN
NaN
NaN
NaN
NaN
NaN
NaN
NaN
NaN
NaN
NaN
