0.04878428927680798
0.09507481296758105
0.10801122194513715
0.11596009975062345
0.1405860349127182
0.16879675810473818
0.2058915211970075
0.19653990024937656
0.21352867830423944
0.20542394014962595
0.19342269326683295
0.19155236907730672
0.22506234413965087
0.2284912718204489
0.236284289276808
0.21056733167082295
0.2554551122194514
0.29473192019950123
0.34616583541147133
0.34367206982543647
0.3506857855361597
0.3432044887780549
0.321072319201995
0.3469451371571072
0.33447630922693267
0.3511533665835411
0.3486596009975062
0.3350997506234414
0.3519326683291771
0.3700124688279302
0.3751558603491271
0.4217581047381546
0.360349127182045
0.3801433915211969
0.4283042394014963
0.44139650872817954
0.4091334164588529
0.39276807980049877
0.416147132169576
0.4859725685785537
0.47007481296758097
0.47023067331670826
0.49189526184538657
0.5049875311720698
0.5211970074812967
0.5692019950124687
0.5673316708229427
0.5648379052369078
0.5578241895261845
0.4975062344139652
0.5263403990024939
0.5709164588528679
0.5989713216957606
0.6274937655860348
0.6259351620947631
0.6234413965087282
0.6327930174563592
0.6343516209476309
0.6681733167082295
0.6377805486284289
0.6687967581047382
0.6887468827930173
0.686720698254364
0.6853179551122196
0.6931109725685785
0.6920199501246883
0.6772132169576061
0.6516521197007482
0.69357855361596
0.6750311720698254
0.6667705735660848
0.6736284289276807
0.641365336658354
0.608790523690773
0.6775249376558603
0.5997506234413964
0.6415211970074813
0.6543017456359104
0.6530548628428927
0.6638092269326683
0.667861596009975
0.64822319201995
0.6673940149625935
0.6309226932668328
0.6072319201995013
0.6262468827930174
0.6550810473815463
0.6399625935162095
0.6709788029925188
0.7002805486284289
0.6999688279301746
0.6522755610972569
0.671290523690773
0.6764339152119699
0.7007481296758106
0.6666147132169575
0.6918640897755611
0.6923316708229428
0.699501246882793
0.6779925187032417
0.6451059850374066
0.625779301745636
0.6474438902743143
0.6304551122194514
0.5985037406483791
0.5801122194513715
0.6189214463840399
0.6284289276807979
0.6306109725685785
0.5997506234413964
0.6525872817955111
0.649781795511222
0.6530548628428928
0.6634975062344138
0.6868765586034912
0.6596009975062345
0.6915523690773067
0.6815773067331672
0.723503740648379
0.7370635910224439
0.6915523690773066
0.6996571072319203
0.6661471321695759
0.6538341645885287
0.6664588528678304
0.6094139650872817
0.63107855361596
0.6530548628428927
0.657418952618454
0.6295199501246882
0.6228179551122195
0.6546134663341646
0.6055174563591024
0.6594451371571073
0.6363778054862845
0.6211034912718204
0.6575748129675811
0.6971633416458852
0.6912406483790524
0.7149314214463842
0.6700436408977557
0.7408042394014963
0.6831359102244389
0.7002805486284289
0.6945137157107232
0.6864089775561097
0.6345074812967582
0.666147132169576
0.6689526184538652
0.6714463840399003
0.656639650872818
0.6751870324189528
0.6574189526184538
0.6767456359102245
0.7219451371571073
0.682356608478803
0.6898379052369078
0.6399625935162095
0.6332605985037407
0.6496259351620948
0.642923940149626
0.668796758104738
0.6449501246882792
0.6444825436408977
0.6017768079800498
0.6415211970074813
0.6663029925187033
0.6783042394014962
0.6564837905236907
0.6317019950124688
0.6483790523690773
0.6279613466334165
0.6672381546134665
0.6248441396508729
0.612998753117207
0.6033354114713216
0.6578865336658353
0.6583541147132169
0.649781795511222
0.6488466334164589
0.6402743142144638
0.6363778054862842
0.6396508728179551
0.6518079800498752
0.668640897755611
0.6528990024937655
0.6658354114713217
0.6259351620947631
0.6218827930174564
0.6198566084788031
0.6030236907730673
0.6380922693266833
0.5868142144638404
0.594139650872818
0.5980361596009974
0.5812032418952618
0.6069201995012469
0.5653054862842894
0.5618765586034913
0.5821384039900248
0.600997506234414
0.5843204488778055
0.5681109725685785
0.6172069825436409
0.6203241895261846
0.6267144638403989
0.6025561097256857
0.634507481296758
0.6229738154613467
0.6695760598503742
0.7019950124688279
0.6287406483790523
0.6513403990024936
0.6617830423940149
0.6772132169576058
0.665211970074813
0.625
0.6561720698254363
0.6505610972568578
0.6998129675810475
0.6962281795511222
0.6614713216957606
0.6650561097256856
0.6549251870324189
0.6126870324189525
0.6239089775561096
0.6371571072319202
0.6519638403990026
0.61393391521197
0.5980361596009975
0.6221945137157108
0.6086346633416457
0.6357543640897757
0.626714463840399
0.6204800498753117
0.6218827930174564
0.6338840399002493
0.6192331670822941
0.6444825436408977
0.6447942643391522
0.6009975062344138
0.5863466334164588
0.6295199501246884
0.6552369077306732
0.6059850374064839
0.6335723192019951
0.6153366583541147
0.6457294264339153
0.6842269326683293
0.6549251870324191
0.6259351620947633
0.5819380121125758
0.5780192376202351
0.6294976843605273
0.6280726754542216
0.6407196294976842
0.6503384396152475
0.6895261845386534
0.6840042750267188
0.70876380477378
0.6624510153188456
0.6319914499465622
0.6083006768792305
0.6350195938724618
0.6555040969006055
0.6464196651229069
0.6861417883861772
0.6136444602778768
0.6512290701816887
0.6736729604560028
0.6604916280726755
0.6888136800855004
0.693444959030994
0.6779479871749199
0.636088350552191
0.6049162807267546
0.6159600997506235
0.6122194513715711
0.587281795511222
0.6366227288920555
0.6271820448877806
0.6932668329177057
0.6473102956893481
0.6628072675454221
0.6058069112931956
0.6107944424652655
0.6339508371927325
0.6478446740292126
0.6387602422515142
0.6512290701816887
0.6743854649091557
0.6254007837548984
0.6362664766654792
0.6088350552190952
0.5849661560384752
0.6045600285001781
0.6275382971143569
0.6368008550053438
0.6426790167438545
0.6498040612753829
0.680619878874243
0.7256857855361597
0.6987887424296401
0.7133950837192734
0.7071606697541861
0.7009262557890988
0.6451727823298896
0.6745635910224438
0.6465977912361953
0.6469540434627717
0.6503384396152476
0.6690416815105095
0.6866761667260421
0.6859636622728892
0.6806198788742429
0.6840042750267191
0.6407196294976844
0.588172426077663
0.6385821161382258
0.6704666904168153
0.733701460634129
0.7166013537584609
0.6886355539722124
0.7198076237976487
0.7303170644816531
0.7381546134663344
0.7340577128607053
0.6914855717848235
0.7228357677235483
0.7540078375489847
0.7297826861417882
0.7269326683291771
0.7135732098325615
0.6873886711791949
0.6815105094406839
0.724438902743142
0.6902386889918061
0.6677947987174919
0.67794798717492
0.6934449590309939
0.6742073387958675
0.6897043106519416
0.6533665835411471
0.6663697898111864
0.6717135732098326
0.6594228713929463
0.6622728892055576
0.6791948699679375
0.6154257214107588
0.6360883505521909
0.6353758460990381
0.6451727823298895
0.6451727823298895
0.6590666191663698
0.6524759529747062
0.6350195938724618
0.6441040256501604
0.6107944424652654
0.6369789811186318
0.6494478090488066
0.6490915568222301
0.6001068756679729
0.593338083363021
0.6408977556109726
0.6872105450659065
0.6843605272532953
0.6606697541859637
0.6799073744210903
0.6693979337370858
0.7176701104381904
0.721767011043819
0.698610616316352
0.6770573566084789
0.6674385464909156
0.7126825792661204
0.7515140719629498
0.7541859636622729
0.7331670822942643
0.7338795867474172
0.7076950480940507
0.6476665479159244
0.6777698610616317
0.6629853936587103
0.6658354114713216
0.6590666191663698
0.6316351977199858
0.6236195226220164
0.5545065906661917
0.5570003562522265
0.5767723548272176
0.6102600641254007
0.6416102600641255
0.6245101531884575
0.6140007125044532
0.6220163876024225
0.579622372639829
0.6018881368008551
0.696116850730317
0.7110794442465266
0.6961168507303169
0.722479515496972
0.7531172069825437
0.751692198076238
0.7176701104381902
0.7641610260064126
0.7125044531528321
0.7509796936230853
0.7331670822942643
0.7768079800498754
0.7766298539365871
0.7809048806555042
0.7953330958318487
0.7604203776273601
0.7374421090131814
0.7187388671179195
0.7536515853224082
0.7345920912005699
0.7272889205557534
0.7299608122550767
0.7290701816886355
0.727823298895618
0.7468827930174563
0.7253295333095832
0.7326327039543996
0.6927324545778412
0.6925543284645528
0.6824011400071248
0.7084075525472032
0.6514071962949768
0.6802636266476665
0.7032418952618453
0.7039543997149983
0.7043106519415746
0.7365514784467404
0.7392233701460633
0.7153544709654437
0.735304595653723
0.7554328464552904
0.7657641610260063
0.7475952974706094
0.7648735304595654
0.7383327395796224
0.7315639472746703
0.757570359814749
0.7424296401852511
0.7180263626647666
0.7490203063769147
0.6980762379764872
0.6991449946562166
0.7075169219807623
0.7144638403990025
0.725151407196295
0.7345920912005699
0.7251514071962949
0.7361952262201639
0.7456359102244389
0.7769861061631634
0.7805486284289275
0.7304951905949413
0.7810830067687923
0.7518703241895262
0.7356608478802993
0.8213395083719272
0.7796579978624868
0.7611328820805129
0.7908799429996438
0.7794798717491984
0.7736017100106877
0.7443890274314215
0.7101888136800856
0.7084075525472034
0.6836480228001426
0.6807980049875313
0.6962949768436052
0.6975418596366226
0.713216957605985
0.7092981831136445
0.763626647666548
0.7221232632703954
0.7677235482721766
0.735482721767011
0.6895261845386534
0.6889918061987889
0.7349483434271465
0.7109013181332383
0.7039543997149983
0.6783042394014961
0.6945137157107231
0.6907730673316709
0.700391877449234
0.6594228713929462
0.6449946562166015
0.6622728892055576
0.6809761311008193
0.6959387246170289
0.7171357320983256
0.7048450302814393
0.7155325970787316
0.743320270751692
0.7427858924118276
0.7182044887780549
0.7269326683291771
0.6590666191663698
0.6916636978981118
0.7100106875667972
0.686676166726042
0.7157107231920199
0.7027075169219809
0.6921980762379765
0.6254007837548984
0.6184538653366582
0.6083006768792305
0.5908443177769861
0.6132882080513004
0.6047381546134664
0.64214463840399
0.7153544709654434
0.714107588172426
0.7035981474884218
0.702173138582116
0.7018168863555397
0.7579266120413252
0.7632703954399715
0.7144638403990025
0.7249732810830068
0.7210545065906663
0.6932668329177057
0.7087638047737796
0.6930887068044175
0.7638047737798362
0.7258639116494479
0.7319201995012466
0.7239045244032775
0.7768079800498752
0.7518703241895262
0.7698610616316351
0.7709298183113644
0.742429640185251
0.7283576772354827
0.7340577128607053
0.7497328108300677
0.7680798004987531
0.7736017100106876
0.7598859992874957
0.7752048450302814
0.7548984681154257
0.7625578909868188
0.7335233345208408
0.7100106875667972
0.7365514784467402
0.72265764161026
0.7228357677235483
0.7201638760242253
0.699501246882793
0.7190951193444958
0.7451015318845744
0.7561453509084431
0.7739579622372638
0.727823298895618
0.6993231207695049
0.6405415033843961
0.6640541503384396
0.709832561453509
0.7221232632703954
0.7634485215532598
0.7679016743854649
0.7073387958674742
0.7356608478802993
0.7451015318845744
0.7703954399714998
0.7737798361239757
0.7878517990737441
0.7917705735660847
0.7889205557534735
0.7889205557534735
0.7506234413965087
0.7630922693266832
0.7703954399714997
0.7276451727823299
0.756857855361596
0.7340577128607055
0.710545065906662
0.6978981118631992
0.7016387602422515
0.7718204488778054
0.7360171001068757
0.7490203063769147
0.7652297826861417
0.7130388314926969
0.7303170644816529
0.7803705023156395
0.7882080513003206
0.7739579622372642
0.7499109369433559
0.7495546847167794
0.7835767723548271
0.7518703241895262
0.7294264339152118
0.7705735660847879
0.7662985393658709
0.7490203063769147
0.773957962237264
0.7716423227645172
0.7693266832917705
0.7442109013181334
0.7675454221588884
0.7846455290345566
0.8083363021018881
0.7417171357320983
0.7479515496971857
0.7643391521197007
0.7780548628428929
0.7882080513003206
0.8019237620235125
0.7956893480584254
0.7967581047381544
0.8049519059494121
0.7817955112219451
0.7511578197363734
0.7508015675097969
0.7869611685073032
0.7598859992874955
0.7600641254007837
0.7385108656929106
0.7703954399714998
0.7210545065906661
0.7306733167082294
0.7205201282508016
0.7442109013181332
0.770573566084788
0.7299608122550766
0.743854649091557
0.7648735304595654
0.6911293195582472
0.7367296045600283
0.7630922693266833
0.7524047025293907
0.7898111863199145
0.7609547559672248
0.7634485215532597
0.7728892055575348
0.7356608478802993
0.6941574634841468
0.7182044887780549
0.7814392589953686
0.7379764873530459
0.7522265764161027
0.7495546847167793
0.7575703598147489
0.7627360171001067
0.7404702529390811
0.7800142500890631
0.6838261489134306
0.7023512646954043
0.6993231207695049
0.7287139294620593
0.7623797648735303
0.7805486284289275
0.7504453152832207
0.7817955112219451
0.7718204488778057
0.7889205557534734
0.8165301033131458
0.770573566084788
0.7711079444246527
0.7798361239757747
0.7557890986818666
0.7304951905949412
0.7206982543640896
0.735304595653723
0.7570359814748843
0.7511578197363734
0.6954043462771643
0.7292483078019238
0.7160669754185964
0.7292483078019237
0.7121482009262557
0.7668329177057356
0.7429640185251157
0.7166013537584609
0.7198076237976486
0.7046669041681511
0.6775917349483435
0.6818667616672605
0.6765229782686141
0.6293195582472391
0.7224795154969719
0.72265764161026
0.699323120769505
0.6950480940505878
0.6722479515496972
0.6526540790879942
0.630922693266833
0.6056287851799075
0.6257570359814748
0.6360883505521909
0.6298539365871038
0.6344852155325971
0.6161382258639115
0.5639472746704667
0.5897755610972569
0.5520128250801568
0.5733879586747417
0.6277164232276452
0.6368008550053438
0.5897755610972569
0.6120413252582829
0.6968293551834698
0.6820448877805486
0.6385821161382258
0.5798004987531172
0.5824723904524403
0.5687566797292483
0.581403633772711
0.6175632347702172
0.6033131457071607
0.615603847524047
0.6788386177413609
0.636978981118632
0.6567509796936231
0.6693979337370859
0.6396508728179551
0.652297826861418
0.6528322052012825
0.6606697541859637
0.6715354470965443
0.6715354470965444
0.680619878874243
0.6822230138938369
0.7427858924118276
0.743320270751692
0.7322764517278234
0.7290701816886356
0.7445671535447096
0.6856074100463126
0.6970074812967582
0.7224795154969719
0.7062700391877448
0.6658354114713216
0.6357320983256146
0.6686854292839329
0.6708229426433914
0.7039543997149983
0.7109013181332384
0.7491984324902031
0.7326327039543997
0.7500890630566441
0.7182044887780549
0.7353045956537229
0.7605985037406484
NaN
NaN
NaN
NaN
NaN
NaN
NaN
NaN
NaN
NaN
NaN
NaN
NaN
NaN
NaN
NaN
NaN
NaN
NaN
NaN
NaN
NaN
NaN
NaN
NaN
NaN
NaN
NaN
NaN
NaN
NaN
NaN
NaN
NaN
NaN
NaN
NaN
NaN
NaN
NaN
NaN
NaN
NaN
NaN
NaN
NaN
NaN
NaN
NaN
NaN
NaN
NaN
NaN
NaN
NaN
NaN
NaN
NaN
NaN
NaN
NaN
NaN
NaN
NaN
NaN
NaN
NaN
NaN
NaN
NaN
NaN
NaN
NaN
NaN
NaN
NaN
NaN
NaN
NaN
NaN
NaN
NaN
NaN
NaN
NaN
NaN
NaN
NaN
NaN
NaN
NaN
NaN
NaN
NaN
NaN
NaN
NaN
NaN
NaN
NaN
NaN
NaN
NaN
NaN
NaN
NaN
NaN
NaN
NaN
NaN
NaN
NaN
NaN
NaN
NaN
NaN
NaN
NaN
NaN
NaN
NaN
NaN
NaN
NaN
NaN
NaN
NaN
NaN
NaN
NaN
NaN
NaN
NaN
NaN
NaN
NaN
NaN
NaN
NaN
NaN
NaN
NaN
NaN
NaN
NaN
NaN
NaN
NaN
NaN
NaN
NaN
NaN
NaN
NaN
NaN
NaN
NaN
NaN
NaN
NaN
NaN
NaN
NaN
NaN
NaN
NaN
NaN
NaN
NaN
NaN
NaN
NaN
NaN
NaN
NaN
NaN
NaN
NaN
NaN
NaN
NaN
NaN
NaN
NaN
NaN
NaN
NaN
NaN
NaN
NaN
NaN
NaN
NaN
NaN
NaN
NaN
NaN
NaN
NaN
NaN
NaN
NaN
NaN
NaN
NaN
NaN
NaN
NaN
NaN
NaN
NaN
NaN
NaN
NaN
NaN
NaN
NaN
NaN
NaN
NaN
NaN
NaN
NaN
NaN
NaN
NaN
NaN
NaN
NaN
NaN
NaN
NaN
NaN
NaN
NaN
NaN
NaN
NaN
NaN
NaN
NaN
NaN
NaN
NaN
NaN
NaN
NaN
NaN
NaN
NaN
NaN
NaN
NaN
NaN
NaN
NaN
NaN
NaN
NaN
NaN
NaN
NaN
NaN
NaN
NaN
NaN
NaN
NaN
NaN
NaN
NaN
NaN
NaN
NaN
NaN
NaN
NaN
NaN
NaN
NaN
NaN
NaN
NaN
NaN
NaN
NaN
NaN
NaN
NaN
NaN
NaN
NaN
NaN
NaN
NaN
NaN
NaN
NaN
NaN
NaN
NaN
NaN
NaN
NaN
NaN
NaN
NaN
NaN
NaN
NaN
NaN
NaN
NaN
NaN
NaN
NaN
NaN
NaN
NaN
NaN
NaN
NaN
NaN
NaN
NaN
NaN
NaN
NaN
NaN
NaN
NaN
NaN
NaN
NaN
NaN
NaN
NaN
NaN
NaN
NaN
NaN
NaN
NaN
NaN
NaN
NaN
NaN
NaN
NaN
NaN
NaN
NaN
NaN
NaN
NaN
NaN
NaN
NaN
NaN
NaN
NaN
NaN
NaN
NaN
NaN
NaN
NaN
NaN
NaN
NaN
NaN
NaN
NaN
NaN
NaN
NaN
NaN
NaN
NaN
NaN
NaN
NaN
NaN
NaN
NaN
NaN
NaN
NaN
NaN
NaN
NaN
NaN
NaN
NaN
NaN
NaN
NaN
NaN
NaN
NaN
NaN
NaN
NaN
NaN
NaN
NaN
NaN
NaN
NaN
NaN
NaN
NaN
NaN
NaN
NaN
NaN
NaN
NaN
NaN
NaN
NaN
NaN
NaN
NaN
NaN
NaN
NaN
NaN
NaN
NaN
NaN
NaN
NaN
NaN
NaN
NaN
NaN
NaN
NaN
NaN
NaN
NaN
NaN
NaN
NaN
NaN
NaN
NaN
NaN
NaN
NaN
NaN
NaN
NaN
NaN
NaN
NaN
NaN
NaN
NaN
NaN
NaN
NaN
NaN
NaN
NaN
NaN
NaN
NaN
NaN
NaN
NaN
NaN
NaN
NaN
NaN
NaN
NaN
NaN
NaN
NaN
NaN
NaN
NaN
NaN
NaN
NaN
NaN
NaN
NaN
NaN
NaN
NaN
NaN
NaN
NaN
NaN
NaN
NaN
NaN
NaN
NaN
NaN
NaN
NaN
NaN
NaN
NaN
NaN
NaN
NaN
NaN
NaN
NaN
NaN
NaN
NaN
NaN
NaN
NaN
NaN
NaN
NaN
NaN
NaN
NaN
NaN
NaN
NaN
NaN
NaN
NaN
NaN
NaN
NaN
NaN
NaN
NaN
NaN
NaN
NaN
NaN
NaN
NaN
NaN
NaN
NaN
NaN
NaN
NaN
NaN
NaN
NaN
NaN
NaN
NaN
NaN
NaN
NaN
NaN
NaN
NaN
NaN
NaN
NaN
NaN
NaN
NaN
NaN
NaN
NaN
NaN
NaN
NaN
NaN
NaN
NaN
NaN
NaN
NaN
NaN
NaN
NaN
NaN
NaN
NaN
NaN
NaN
NaN
NaN
NaN
NaN
NaN
NaN
NaN
NaN
NaN
NaN
NaN
NaN
NaN
NaN
NaN
NaN
NaN
NaN
NaN
NaN
NaN
NaN
NaN
NaN
NaN
NaN
NaN
NaN
NaN
NaN
NaN
NaN
NaN
NaN
NaN
NaN
NaN
NaN
NaN
NaN
NaN
NaN
NaN
NaN
NaN
NaN
NaN
NaN
NaN
NaN
NaN
NaN
NaN
NaN
NaN
NaN
NaN
NaN
NaN
NaN
NaN
NaN
NaN
NaN
NaN
NaN
NaN
NaN
NaN
NaN
NaN
NaN
NaN
NaN
NaN
NaN
NaN
NaN
NaN
NaN
NaN
NaN
NaN
NaN
NaN
NaN
NaN
NaN
NaN
NaN
NaN
NaN
NaN
NaN
NaN
NaN
NaN
NaN
NaN
NaN
NaN
NaN
NaN
NaN
NaN
NaN
NaN
NaN
NaN
NaN
NaN
NaN
NaN
NaN
NaN
NaN
NaN
NaN
NaN
NaN
NaN
NaN
NaN
NaN
NaN
NaN
NaN
NaN
NaN
NaN
NaN
NaN
NaN
NaN
NaN
NaN
NaN
NaN
NaN
NaN
NaN
NaN
NaN
NaN
NaN
NaN
NaN
NaN
NaN
NaN
NaN
NaN
NaN
NaN
NaN
NaN
NaN
NaN
NaN
NaN
NaN
NaN
NaN
NaN
NaN
NaN
NaN
NaN
NaN
NaN
NaN
NaN
NaN
NaN
NaN
NaN
NaN
NaN
NaN
NaN
NaN
NaN
NaN
NaN
NaN
NaN
NaN
NaN
NaN
NaN
NaN
NaN
NaN
NaN
NaN
NaN
NaN
NaN
NaN
NaN
NaN
NaN
NaN
NaN
NaN
NaN
NaN
NaN
NaN
NaN
NaN
NaN
NaN
NaN
NaN
NaN
NaN
NaN
NaN
NaN
NaN
NaN
NaN
NaN
NaN
NaN
NaN
NaN
NaN
NaN
NaN
NaN
NaN
NaN
NaN
NaN
NaN
NaN
NaN
NaN
NaN
NaN
NaN
NaN
NaN
NaN
NaN
NaN
NaN
NaN
NaN
NaN
NaN
NaN
NaN
NaN
NaN
NaN
NaN
NaN
NaN
NaN
NaN
NaN
NaN
NaN
NaN
NaN
NaN
NaN
NaN
NaN
NaN
NaN
NaN
NaN
NaN
NaN
NaN
NaN
NaN
NaN
NaN
NaN
NaN
NaN
NaN
NaN
NaN
NaN
NaN
NaN
NaN
NaN
NaN
NaN
NaN
NaN
NaN
NaN
NaN
NaN
NaN
NaN
NaN
NaN
NaN
NaN
NaN
NaN
NaN
NaN
NaN
NaN
NaN
NaN
NaN
NaN
NaN
NaN
NaN
NaN
NaN
NaN
NaN
NaN
NaN
NaN
NaN
NaN
NaN
NaN
NaN
NaN
NaN
NaN
NaN
NaN
NaN
NaN
NaN
NaN
NaN
NaN
NaN
NaN
NaN
NaN
NaN
NaN
NaN
NaN
NaN
NaN
NaN
NaN
NaN
NaN
NaN
NaN
NaN
NaN
NaN
NaN
NaN
NaN
NaN
NaN
NaN
NaN
NaN
NaN
NaN
NaN
NaN
NaN
NaN
NaN
NaN
NaN
NaN
NaN
NaN
NaN
NaN
NaN
NaN
NaN
NaN
NaN
NaN
NaN
NaN
NaN
NaN
NaN
NaN
NaN
NaN
NaN
NaN
NaN
NaN
NaN
NaN
NaN
NaN
NaN
NaN
NaN
NaN
NaN
NaN
NaN
NaN
NaN
NaN
NaN
NaN
NaN
NaN
NaN
NaN
NaN
NaN
NaN
NaN
NaN
NaN
NaN
NaN
NaN
NaN
NaN
NaN
NaN
NaN
NaN
NaN
NaN
NaN
NaN
NaN
NaN
NaN
NaN
NaN
NaN
NaN
NaN
NaN
NaN
NaN
NaN
NaN
NaN
NaN
NaN
NaN
NaN
NaN
NaN
NaN
NaN
NaN
NaN
NaN
NaN
NaN
NaN
NaN
NaN
NaN
NaN
NaN
NaN
NaN
NaN
NaN
NaN
NaN
NaN
NaN
NaN
NaN
NaN
NaN
NaN
NaN
NaN
NaN
NaN
NaN
NaN
NaN
NaN
NaN
NaN
NaN
NaN
NaN
NaN
NaN
NaN
NaN
NaN
NaN
NaN
NaN
NaN
NaN
NaN
NaN
NaN
NaN
NaN
NaN
NaN
NaN
NaN
NaN
NaN
NaN
NaN
NaN
NaN
NaN
NaN
NaN
NaN
NaN
NaN
NaN
NaN
NaN
NaN
NaN
NaN
NaN
NaN
NaN
NaN
NaN
NaN
NaN
NaN
NaN
NaN
NaN
NaN
NaN
NaN
NaN
NaN
NaN
NaN
NaN
NaN
NaN
NaN
NaN
NaN
NaN
NaN
NaN
NaN
NaN
NaN
NaN
NaN
NaN
NaN
NaN
NaN
NaN
NaN
NaN
NaN
NaN
NaN
NaN
NaN
NaN
NaN
NaN
NaN
NaN
NaN
NaN
NaN
NaN
NaN
NaN
NaN
NaN
NaN
NaN
NaN
NaN
NaN
NaN
NaN
NaN
NaN
NaN
NaN
NaN
NaN
NaN
NaN
NaN
NaN
NaN
NaN
NaN
NaN
NaN
NaN
NaN
NaN
NaN
NaN
NaN
NaN
NaN
NaN
NaN
NaN
NaN
NaN
NaN
NaN
NaN
NaN
NaN
NaN
NaN
NaN
NaN
NaN
NaN
NaN
NaN
NaN
NaN
NaN
NaN
NaN
NaN
NaN
NaN
NaN
NaN
NaN
NaN
NaN
NaN
NaN
NaN
NaN
NaN
NaN
NaN
NaN
NaN
NaN
NaN
NaN
NaN
NaN
NaN
NaN
NaN
NaN
NaN
NaN
NaN
NaN
NaN
NaN
NaN
NaN
NaN
NaN
NaN
NaN
NaN
NaN
NaN
NaN
NaN
NaN
NaN
NaN
NaN
NaN
NaN
NaN
NaN
NaN
NaN
NaN
NaN
NaN
NaN
NaN
NaN
NaN
NaN
NaN
NaN
NaN
NaN
NaN
NaN
NaN
NaN
NaN
NaN
NaN
NaN
NaN
NaN
NaN
NaN
NaN
NaN
NaN
NaN
NaN
NaN
NaN
NaN
NaN
NaN
NaN
NaN
NaN
NaN
NaN
NaN
NaN
NaN
NaN
NaN
NaN
NaN
NaN
NaN
NaN
NaN
NaN
NaN
NaN
NaN
NaN
NaN
NaN
NaN
NaN
NaN
NaN
NaN
NaN
NaN
NaN
NaN
NaN
NaN
NaN
NaN
NaN
NaN
NaN
NaN
NaN
NaN
NaN
NaN
NaN
NaN
NaN
NaN
NaN
NaN
NaN
NaN
NaN
NaN
NaN
NaN
NaN
NaN
NaN
NaN
NaN
NaN
NaN
NaN
NaN
NaN
NaN
NaN
NaN
NaN
NaN
NaN
NaN
NaN
NaN
NaN
NaN
NaN
NaN
NaN
NaN
NaN
NaN
NaN
NaN
NaN
NaN
NaN
NaN
NaN
NaN
NaN
NaN
NaN
NaN
NaN
NaN
NaN
NaN
NaN
NaN
NaN
NaN
NaN
NaN
NaN
NaN
NaN
NaN
NaN
NaN
NaN
NaN
NaN
NaN
NaN
NaN
NaN
NaN
NaN
NaN
NaN
NaN
NaN
NaN
NaN
NaN
NaN
NaN
NaN
NaN
NaN
NaN
NaN
NaN
NaN
NaN
NaN
NaN
NaN
NaN
NaN
NaN
NaN
NaN
NaN
NaN
NaN
NaN
NaN
NaN
NaN
NaN
NaN
NaN
NaN
NaN
NaN
NaN
NaN
NaN
NaN
NaN
NaN
NaN
NaN
NaN
NaN
NaN
NaN
NaN
NaN
NaN
NaN
NaN
NaN
NaN
NaN
NaN
NaN
NaN
NaN
NaN
NaN
NaN
NaN
NaN
NaN
NaN
NaN
NaN
NaN
NaN
NaN
NaN
NaN
NaN
NaN
NaN
NaN
NaN
NaN
NaN
NaN
NaN
NaN
NaN
NaN
NaN
NaN
NaN
NaN
NaN
NaN
NaN
NaN
NaN
NaN
NaN
NaN
NaN
NaN
NaN
NaN
NaN
NaN
NaN
NaN
NaN
NaN
NaN
NaN
NaN
NaN
NaN
NaN
NaN
NaN
NaN
NaN
NaN
NaN
NaN
NaN
NaN
NaN
NaN
NaN
NaN
NaN
NaN
NaN
NaN
NaN
NaN
NaN
NaN
NaN
NaN
NaN
NaN
NaN
NaN
NaN
NaN
NaN
NaN
NaN
NaN
NaN
NaN
NaN
NaN
NaN
NaN
NaN
NaN
NaN
NaN
NaN
NaN
NaN
NaN
NaN
NaN
NaN
NaN
NaN
NaN
NaN
NaN
NaN
NaN
NaN
NaN
NaN
NaN
NaN
NaN
NaN
NaN
NaN
NaN
NaN
NaN
NaN
NaN
NaN
NaN
NaN
NaN
NaN
NaN
NaN
NaN
NaN
NaN
NaN
NaN
NaN
NaN
NaN
NaN
NaN
NaN
NaN
NaN
NaN
NaN
NaN
NaN
NaN
NaN
NaN
NaN
NaN
NaN
NaN
NaN
NaN
NaN
NaN
NaN
NaN
NaN
NaN
NaN
NaN
NaN
NaN
NaN
NaN
NaN
NaN
NaN
NaN
NaN
NaN
NaN
NaN
NaN
NaN
NaN
NaN
NaN
NaN
NaN
NaN
NaN
NaN
NaN
NaN
NaN
NaN
NaN
NaN
NaN
NaN
NaN
NaN
NaN
NaN
NaN
NaN
NaN
NaN
NaN
NaN
NaN
NaN
NaN
NaN
NaN
NaN
NaN
NaN
NaN
NaN
NaN
NaN
NaN
NaN
NaN
NaN
NaN
NaN
NaN
NaN
NaN
NaN
NaN
NaN
NaN
NaN
NaN
NaN
NaN
NaN
NaN
NaN
NaN
NaN
NaN
NaN
NaN
NaN
NaN
