0.5310245310245311
0.6147186147186147
0.6507936507936509
0.5743145743145744
0.6435786435786436
0.6897546897546897
0.6507936507936506
0.6103896103896105
0.5959595959595959
0.6767676767676766
0.6176046176046175
0.6017316017316018
0.6911976911976911
0.6421356421356421
0.5930735930735931
0.6724386724386724
0.6305916305916306
0.6248196248196248
0.6132756132756132
0.645021645021645
0.5627705627705628
0.6695526695526696
0.6075036075036075
0.658008658008658
0.6046176046176047
0.6435786435786436
0.658008658008658
0.6161616161616161
0.5786435786435786
0.6161616161616161
0.7157287157287158
0.6623376623376623
0.5858585858585857
0.6868686868686869
0.6666666666666666
0.6392496392496393
0.6796536796536795
0.7070707070707071
0.5743145743145744
0.6637806637806637
0.5800865800865801
0.5901875901875903
0.6565656565656566
0.6161616161616161
0.7070707070707071
0.5483405483405484
0.6536796536796537
0.6738816738816737
0.658008658008658
0.5974025974025974
0.7012987012987013
0.6031746031746034
0.6248196248196247
0.6075036075036075
0.6594516594516594
0.6608946608946609
0.6435786435786436
0.6493506493506492
0.621933621933622
0.6075036075036075
0.632034632034632
0.6681096681096681
0.5772005772005772
0.6118326118326118
0.6940836940836942
0.6565656565656566
0.7056277056277056
0.7229437229437229
0.585858585858586
0.5714285714285714
0.6551226551226551
0.5959595959595959
0.5887445887445887
0.5916305916305917
0.6507936507936508
0.6406926406926408
0.6507936507936509
0.5670995670995671
0.6089466089466089
0.6161616161616161
0.5945165945165946
0.6594516594516594
0.658008658008658
0.6536796536796537
0.6767676767676767
0.6608946608946609
0.5901875901875903
0.5468975468975469
0.619047619047619
0.5670995670995671
0.5873015873015872
0.6060606060606061
0.5728715728715729
0.6450216450216449
0.6984126984126985
0.6493506493506492
0.6464646464646463
0.7085137085137084
0.6233766233766234
0.6724386724386724
0.6695526695526696
0.595959595959596
0.7099567099567098
0.7258297258297259
0.7171717171717171
0.6305916305916306
0.6507936507936509
0.6233766233766235
0.6046176046176045
0.6695526695526696
0.6681096681096681
0.5959595959595959
0.5526695526695526
0.6479076479076478
0.6507936507936508
0.6883116883116883
0.5367965367965368
0.7056277056277055
0.6103896103896104
0.7316017316017316
0.582972582972583
0.6695526695526696
0.6406926406926406
0.5974025974025974
0.595959595959596
0.6522366522366523
0.6724386724386725
0.6349206349206348
0.759018759018759
0.6911976911976911
0.6536796536796536
0.6681096681096681
0.6594516594516595
0.5627705627705628
0.5887445887445887
0.6594516594516595
0.5988455988455988
0.6637806637806637
0.6926406926406926
0.6681096681096681
0.7113997113997115
0.670995670995671
0.6147186147186147
0.5310245310245311
0.6075036075036075
0.6493506493506492
0.6305916305916305
0.5353535353535354
0.6608946608946609
0.6103896103896104
0.6060606060606061
0.6594516594516594
0.5613275613275613
0.6594516594516595
0.5165945165945167
0.5800865800865801
0.634920634920635
0.5180375180375181
0.670995670995671
0.6103896103896104
0.6493506493506492
0.6594516594516594
0.5714285714285714
0.6378066378066378
0.6897546897546897
0.5873015873015873
0.5901875901875903
0.6031746031746031
0.6911976911976913
0.634920634920635
0.5974025974025974
0.5844155844155844
0.5930735930735931
0.6536796536796536
0.5324675324675325
0.7041847041847041
0.7763347763347762
0.70995670995671
0.7113997113997114
0.6666666666666666
0.6984126984126985
0.6608946608946609
0.6507936507936508
0.5829725829725829
0.6796536796536797
0.6724386724386724
0.6666666666666666
0.6868686868686869
0.6392496392496393
0.7128427128427129
0.5252525252525253
0.5728715728715729
0.6118326118326118
0.6637806637806637
0.5526695526695528
0.6623376623376623
0.5670995670995671
0.6522366522366523
0.658008658008658
0.582972582972583
0.6060606060606062
0.6926406926406926
0.6522366522366523
0.6594516594516594
0.6406926406926408
0.5930735930735932
0.6551226551226551
0.5901875901875903
0.7027417027417028
0.7518037518037518
0.6854256854256855
0.7085137085137084
0.6017316017316017
0.5339105339105339
0.6479076479076479
0.6681096681096681
0.6147186147186147
0.5497835497835498
0.6594516594516595
0.6652236652236653
0.5137085137085137
0.619047619047619
0.5093795093795094
0.6334776334776334
0.6363636363636365
0.6767676767676768
0.70995670995671
0.6623376623376623
0.5800865800865801
0.5988455988455987
0.6810966810966812
0.6277056277056277
0.6580086580086579
0.6522366522366523
0.6608946608946609
0.619047619047619
0.7272727272727273
0.6666666666666667
0.7532467532467532
0.683982683982684
0.6897546897546898
0.6060606060606061
0.59018759018759
0.7085137085137084
0.7027417027417028
0.6984126984126985
0.7474747474747474
0.6435786435786436
0.7157287157287158
0.5916305916305917
0.7027417027417027
0.6854256854256855
0.6810966810966811
0.5165945165945166
0.6926406926406926
0.5512265512265512
0.634920634920635
0.6248196248196248
0.6031746031746031
0.6277056277056277
0.5036075036075036
0.6046176046176047
0.5786435786435787
0.5526695526695526
0.5064935064935064
0.6709956709956709
0.5497835497835498
0.5714285714285714
0.5815295815295816
0.6782106782106784
0.6190476190476192
0.696969696969697
0.6810966810966811
0.6291486291486291
0.5974025974025974
0.5656565656565656
0.676767676767677
0.5728715728715729
0.6002886002886003
0.6392496392496392
0.6031746031746031
0.6782106782106784
0.7012987012987013
0.621933621933622
0.6017316017316017
0.6248196248196248
0.6926406926406926
0.6984126984126984
0.621933621933622
0.7085137085137084
0.7402597402597403
0.694083694083694
0.6305916305916306
0.5281385281385281
0.6378066378066379
0.6060606060606061
0.6868686868686869
0.7272727272727273
0.634920634920635
0.6522366522366523
0.6204906204906205
0.6724386724386724
0.4704184704184704
0.5238095238095238
0.6363636363636365
0.6248196248196248
0.6147186147186147
0.6161616161616161
0.7157287157287158
0.6652236652236653
0.6984126984126985
0.6623376623376622
0.608946608946609
0.6406926406926408
0.6536796536796537
0.6868686868686869
0.6378066378066378
0.6406926406926408
0.5916305916305917
0.6103896103896104
0.6522366522366524
0.5584415584415584
0.608946608946609
0.6291486291486291
0.6955266955266955
0.6031746031746031
0.7186147186147186
0.6796536796536797
0.7287157287157288
0.6565656565656566
0.6854256854256854
0.5873015873015872
0.619047619047619
0.7027417027417028
0.696969696969697
0.6406926406926406
0.6176046176046176
0.7287157287157288
0.7619047619047619
0.6522366522366523
0.5714285714285714
0.7748917748917749
0.7272727272727273
0.6031746031746031
0.6652236652236653
0.6464646464646464
0.6435786435786436
0.6753246753246754
0.694083694083694
0.5901875901875903
0.6565656565656566
0.6118326118326118
0.6392496392496393
0.7373737373737373
0.683982683982684
0.6637806637806637
0.5974025974025974
0.6565656565656566
0.5901875901875903
0.6161616161616161
0.683982683982684
0.5512265512265512
0.5873015873015873
0.6493506493506495
0.6522366522366523
0.632034632034632
0.72005772005772
0.7243867243867245
0.6507936507936508
0.6132756132756132
0.5901875901875903
0.6753246753246753
0.5887445887445887
0.7113997113997115
0.6248196248196247
0.6233766233766234
0.6147186147186147
0.683982683982684
0.6161616161616161
0.5873015873015872
0.621933621933622
0.6132756132756133
0.6435786435786436
0.6060606060606062
0.6305916305916305
0.6305916305916305
0.6507936507936508
0.7431457431457432
0.6897546897546898
0.735930735930736
0.6868686868686869
0.5223665223665224
0.5656565656565657
0.7171717171717171
0.5757575757575758
0.6406926406926406
0.6204906204906205
0.5945165945165946
0.5137085137085137
0.5497835497835498
0.5757575757575757
0.6144781144781145
0.6666666666666666
0.6363636363636364
0.5707070707070706
0.6279461279461279
0.611111111111111
0.6531986531986532
0.6245791245791246
0.6127946127946128
0.5892255892255892
0.6414141414141413
0.6734006734006734
0.5774410774410774
0.6969696969696969
0.6599326599326599
0.7070707070707071
0.6043771043771043
0.6531986531986532
0.5757575757575757
0.6717171717171717
0.5555555555555555
0.7037037037037037
0.6144781144781145
0.6851851851851851
0.6986531986531986
0.5841750841750842
0.6632996632996633
0.6161616161616161
0.6515151515151515
0.5976430976430976
0.5824915824915825
0.5538720538720538
0.6144781144781145
0.6414141414141414
0.6498316498316499
0.6599326599326599
0.6111111111111112
0.5538720538720538
0.473063973063973
0.6481481481481483
0.5235690235690236
0.5993265993265994
0.7222222222222223
0.6851851851851851
0.6565656565656566
0.6430976430976431
0.6717171717171717
0.7121212121212123
0.6515151515151515
0.632996632996633
0.6127946127946128
0.7070707070707071
0.6818181818181818
0.6043771043771043
0.6026936026936027
0.6936026936026938
0.7087542087542088
0.579124579124579
0.6683501683501682
0.6649831649831651
0.6902356902356902
0.632996632996633
0.5707070707070708
0.6178451178451178
0.6363636363636364
0.6851851851851851
0.7053872053872055
0.563973063973064
0.6212121212121212
0.5050505050505051
0.6397306397306397
0.5976430976430976
0.5875420875420875
0.5959595959595959
0.5622895622895624
0.5740740740740741
0.5942760942760943
0.5033670033670034
0.6565656565656566
0.68013468013468
0.7104377104377105
0.6060606060606061
0.6245791245791246
0.5488215488215488
0.5336700336700337
0.5858585858585857
0.5521885521885522
0.5521885521885521
0.5993265993265994
0.6363636363636364
0.5134680134680135
0.6060606060606061
0.6969696969696969
0.6447811447811447
0.6565656565656566
0.6734006734006734
0.7104377104377105
0.7424242424242423
0.6313131313131313
0.5589225589225589
0.47811447811447816
0.7037037037037037
0.68013468013468
0.6127946127946128
0.5774410774410775
0.6565656565656566
0.6161616161616162
0.5925925925925927
0.6599326599326599
0.6195286195286195
0.7104377104377105
0.6414141414141414
0.734006734006734
0.6565656565656566
0.6750841750841751
0.6279461279461279
0.6649831649831649
0.5925925925925927
0.6262626262626263
0.5656565656565656
0.7626262626262627
0.6767676767676768
0.6818181818181818
0.6801346801346803
0.6750841750841751
0.6144781144781145
0.6161616161616161
0.6986531986531986
0.553872053872054
0.6868686868686869
0.6750841750841751
0.5622895622895623
0.5723905723905723
0.5572390572390572
0.6734006734006734
0.6851851851851852
0.6464646464646465
0.6094276094276093
0.5606060606060607
0.6531986531986532
0.7306397306397306
0.7205387205387206
0.6666666666666666
0.6599326599326599
0.595959595959596
0.6380471380471381
0.6010101010101009
0.5521885521885522
0.6481481481481483
0.6582491582491582
0.5993265993265994
0.6043771043771043
0.6363636363636364
0.7222222222222223
0.6565656565656566
0.6060606060606061
0.6801346801346803
0.6969696969696969
0.6885521885521885
0.7424242424242425
0.6632996632996634
0.6666666666666666
0.5976430976430976
0.6885521885521886
0.6043771043771043
0.6094276094276095
0.5875420875420875
0.5420875420875421
0.6498316498316498
0.6717171717171717
0.5639730639730639
0.6043771043771045
0.6683501683501684
0.5993265993265993
0.5471380471380473
0.6565656565656565
0.6599326599326599
0.5858585858585859
0.6885521885521887
0.5942760942760943
0.5673400673400674
0.6397306397306398
0.7306397306397306
0.6279461279461279
0.6498316498316498
0.6195286195286195
0.6649831649831649
0.5791245791245792
0.6026936026936027
0.6666666666666666
0.7171717171717171
0.6969696969696969
0.6127946127946128
0.6632996632996634
0.6851851851851851
0.6666666666666666
0.6296296296296297
0.6498316498316498
0.601010101010101
0.6111111111111113
0.6582491582491582
0.7138047138047138
0.5252525252525252
0.6144781144781145
0.5690235690235691
0.7289562289562289
0.6414141414141414
0.6734006734006733
0.702020202020202
0.6279461279461279
0.6801346801346803
0.6279461279461279
0.611111111111111
0.6700336700336701
0.6835016835016835
0.6447811447811448
0.6430976430976432
0.6414141414141413
0.6868686868686869
0.6228956228956228
0.7003367003367004
0.7205387205387206
0.6515151515151515
0.6599326599326599
0.5858585858585859
0.6329966329966329
0.6144781144781145
0.686868686868687
0.5875420875420875
0.6144781144781145
0.6178451178451179
0.5824915824915825
0.6296296296296297
0.6161616161616161
0.5521885521885522
0.5757575757575758
0.7104377104377105
0.6936026936026937
0.7104377104377105
0.6178451178451178
0.6161616161616162
0.6346801346801346
0.627946127946128
0.622895622895623
0.5622895622895624
0.6784511784511785
0.6683501683501682
0.5622895622895623
0.654882154882155
0.5993265993265994
0.5437710437710438
0.702020202020202
0.6616161616161617
0.6599326599326599
0.6279461279461279
0.5925925925925926
0.5521885521885522
0.6464646464646465
0.6868686868686869
0.6666666666666666
0.611111111111111
0.6195286195286195
0.6228956228956228
0.606060606060606
0.5942760942760943
0.5555555555555555
0.5892255892255892
0.5757575757575758
0.6414141414141414
0.6380471380471381
0.7053872053872053
0.601010101010101
0.6380471380471381
0.5875420875420875
0.6481481481481481
0.6313131313131314
0.6649831649831651
0.6313131313131314
0.6397306397306398
0.5942760942760942
0.7222222222222223
0.6717171717171717
0.5707070707070706
0.6835016835016835
0.6329966329966331
0.5925925925925926
0.6380471380471381
0.6481481481481483
0.6851851851851851
0.5437710437710438
0.7239057239057239
0.6666666666666666
0.6010101010101011
0.6144781144781144
0.5892255892255892
0.5117845117845118
0.6262626262626263
0.6750841750841752
0.5723905723905723
0.638047138047138
0.6026936026936027
0.5925925925925927
0.6430976430976432
0.7003367003367004
0.6060606060606061
0.6632996632996634
0.6902356902356902
0.6094276094276094
0.5235690235690236
0.5656565656565656
0.6414141414141414
0.7037037037037037
0.5909090909090909
0.5690235690235691
0.6734006734006734
0.5740740740740741
0.6010101010101009
0.595959595959596
0.6632996632996634
0.6279461279461279
0.5774410774410774
0.6599326599326599
0.6531986531986532
0.5892255892255892
0.6986531986531986
0.7239057239057239
0.7053872053872053
0.7003367003367004
0.6161616161616162
0.6801346801346803
0.7003367003367004
0.6936026936026934
0.6296296296296295
0.7289562289562289
0.7188552188552189
0.6986531986531985
0.6279461279461279
0.6750841750841752
0.611111111111111
0.6666666666666666
0.5909090909090909
0.6767676767676768
0.5622895622895623
0.6010101010101011
0.6531986531986532
0.7003367003367004
0.6397306397306397
0.6801346801346803
0.6599326599326599
NaN
NaN
NaN
NaN
NaN
NaN
NaN
NaN
NaN
NaN
NaN
NaN
NaN
NaN
NaN
NaN
NaN
NaN
NaN
NaN
NaN
NaN
NaN
NaN
NaN
NaN
NaN
NaN
NaN
NaN
NaN
NaN
NaN
NaN
NaN
NaN
NaN
NaN
NaN
NaN
NaN
NaN
NaN
NaN
NaN
NaN
NaN
NaN
NaN
NaN
NaN
NaN
NaN
NaN
NaN
NaN
NaN
NaN
NaN
NaN
NaN
NaN
NaN
NaN
NaN
NaN
NaN
NaN
NaN
NaN
NaN
NaN
NaN
NaN
NaN
NaN
NaN
NaN
NaN
NaN
NaN
NaN
NaN
NaN
NaN
NaN
NaN
NaN
NaN
NaN
NaN
NaN
NaN
NaN
NaN
NaN
NaN
NaN
NaN
NaN
NaN
NaN
NaN
NaN
NaN
NaN
NaN
NaN
NaN
NaN
NaN
NaN
NaN
NaN
NaN
NaN
NaN
NaN
NaN
NaN
NaN
NaN
NaN
NaN
NaN
NaN
NaN
NaN
NaN
NaN
NaN
NaN
NaN
NaN
NaN
NaN
NaN
NaN
NaN
NaN
NaN
NaN
NaN
NaN
NaN
NaN
NaN
NaN
NaN
NaN
NaN
NaN
NaN
NaN
NaN
NaN
NaN
NaN
NaN
NaN
NaN
NaN
NaN
NaN
NaN
NaN
NaN
NaN
NaN
NaN
NaN
NaN
NaN
NaN
NaN
NaN
NaN
NaN
NaN
NaN
NaN
NaN
NaN
NaN
NaN
NaN
NaN
NaN
NaN
NaN
NaN
NaN
NaN
NaN
NaN
NaN
NaN
NaN
NaN
NaN
NaN
NaN
NaN
NaN
NaN
NaN
NaN
NaN
NaN
NaN
NaN
NaN
NaN
NaN
NaN
NaN
NaN
NaN
NaN
NaN
NaN
NaN
NaN
NaN
NaN
NaN
NaN
NaN
NaN
NaN
NaN
NaN
NaN
NaN
NaN
NaN
NaN
NaN
NaN
NaN
NaN
NaN
NaN
NaN
NaN
NaN
NaN
NaN
NaN
NaN
NaN
NaN
NaN
NaN
NaN
NaN
NaN
NaN
NaN
NaN
NaN
NaN
NaN
NaN
NaN
NaN
NaN
NaN
NaN
NaN
NaN
NaN
NaN
NaN
NaN
NaN
NaN
NaN
NaN
NaN
NaN
NaN
NaN
NaN
NaN
NaN
NaN
NaN
NaN
NaN
NaN
NaN
NaN
NaN
NaN
NaN
NaN
NaN
NaN
NaN
NaN
NaN
NaN
NaN
NaN
NaN
NaN
NaN
NaN
NaN
NaN
NaN
NaN
NaN
NaN
NaN
NaN
NaN
NaN
NaN
NaN
NaN
NaN
NaN
NaN
NaN
NaN
NaN
NaN
NaN
NaN
NaN
NaN
NaN
NaN
NaN
NaN
NaN
NaN
NaN
NaN
NaN
NaN
NaN
NaN
NaN
NaN
NaN
NaN
NaN
NaN
NaN
NaN
NaN
NaN
NaN
NaN
NaN
NaN
NaN
NaN
NaN
NaN
NaN
NaN
NaN
NaN
NaN
NaN
NaN
NaN
NaN
NaN
NaN
NaN
NaN
NaN
NaN
NaN
NaN
NaN
NaN
NaN
NaN
NaN
NaN
NaN
NaN
NaN
NaN
NaN
NaN
NaN
NaN
NaN
NaN
NaN
NaN
NaN
NaN
NaN
NaN
NaN
NaN
NaN
NaN
NaN
NaN
NaN
NaN
NaN
NaN
NaN
NaN
NaN
NaN
NaN
NaN
NaN
NaN
NaN
NaN
NaN
NaN
NaN
NaN
NaN
NaN
NaN
NaN
NaN
NaN
NaN
NaN
NaN
NaN
NaN
NaN
NaN
NaN
NaN
NaN
NaN
NaN
NaN
NaN
NaN
NaN
NaN
NaN
NaN
NaN
NaN
NaN
NaN
NaN
NaN
NaN
NaN
NaN
NaN
NaN
NaN
NaN
NaN
NaN
NaN
NaN
NaN
NaN
NaN
NaN
NaN
NaN
NaN
NaN
NaN
NaN
NaN
NaN
NaN
NaN
NaN
NaN
NaN
NaN
NaN
NaN
NaN
NaN
NaN
NaN
NaN
NaN
NaN
NaN
NaN
NaN
NaN
NaN
NaN
NaN
NaN
NaN
NaN
NaN
NaN
NaN
NaN
NaN
NaN
NaN
NaN
NaN
NaN
NaN
NaN
NaN
NaN
NaN
NaN
NaN
NaN
NaN
NaN
NaN
NaN
NaN
NaN
NaN
NaN
NaN
NaN
NaN
NaN
NaN
NaN
NaN
NaN
NaN
NaN
NaN
NaN
NaN
NaN
NaN
NaN
NaN
NaN
NaN
NaN
NaN
NaN
NaN
NaN
NaN
NaN
NaN
NaN
NaN
NaN
NaN
NaN
NaN
NaN
NaN
NaN
NaN
NaN
NaN
NaN
NaN
NaN
NaN
NaN
NaN
NaN
NaN
NaN
NaN
NaN
NaN
NaN
NaN
NaN
NaN
NaN
NaN
NaN
NaN
NaN
NaN
NaN
NaN
NaN
NaN
NaN
NaN
NaN
NaN
NaN
NaN
NaN
NaN
NaN
NaN
NaN
NaN
NaN
NaN
NaN
NaN
NaN
NaN
NaN
NaN
NaN
NaN
NaN
NaN
NaN
NaN
NaN
NaN
NaN
NaN
NaN
NaN
NaN
NaN
NaN
NaN
NaN
NaN
NaN
NaN
NaN
NaN
NaN
NaN
NaN
NaN
NaN
NaN
NaN
NaN
NaN
NaN
NaN
NaN
NaN
NaN
NaN
NaN
NaN
NaN
NaN
NaN
NaN
NaN
NaN
NaN
NaN
NaN
NaN
NaN
NaN
NaN
NaN
NaN
NaN
NaN
NaN
NaN
NaN
NaN
NaN
NaN
NaN
NaN
NaN
NaN
NaN
NaN
NaN
NaN
NaN
NaN
NaN
NaN
NaN
NaN
NaN
NaN
NaN
NaN
NaN
NaN
NaN
NaN
NaN
NaN
NaN
NaN
NaN
NaN
NaN
NaN
NaN
NaN
NaN
NaN
NaN
NaN
NaN
NaN
NaN
NaN
NaN
NaN
NaN
NaN
NaN
NaN
NaN
NaN
NaN
NaN
NaN
NaN
NaN
NaN
NaN
NaN
NaN
NaN
NaN
NaN
NaN
NaN
NaN
NaN
NaN
NaN
NaN
NaN
NaN
NaN
NaN
NaN
NaN
NaN
NaN
NaN
NaN
NaN
NaN
NaN
NaN
NaN
NaN
NaN
NaN
NaN
NaN
NaN
NaN
NaN
NaN
NaN
NaN
NaN
NaN
NaN
NaN
NaN
NaN
NaN
NaN
NaN
NaN
NaN
NaN
NaN
NaN
NaN
NaN
NaN
NaN
NaN
NaN
NaN
NaN
NaN
NaN
NaN
NaN
NaN
NaN
NaN
NaN
NaN
NaN
NaN
NaN
NaN
NaN
NaN
NaN
NaN
NaN
NaN
NaN
NaN
NaN
NaN
NaN
NaN
NaN
NaN
NaN
NaN
NaN
NaN
NaN
NaN
NaN
NaN
NaN
NaN
NaN
NaN
NaN
NaN
NaN
NaN
NaN
NaN
NaN
NaN
NaN
NaN
NaN
NaN
NaN
NaN
NaN
NaN
NaN
NaN
NaN
NaN
NaN
NaN
NaN
NaN
NaN
NaN
NaN
NaN
NaN
NaN
NaN
NaN
NaN
NaN
NaN
NaN
NaN
NaN
NaN
NaN
NaN
NaN
NaN
NaN
NaN
NaN
NaN
NaN
NaN
NaN
NaN
NaN
NaN
NaN
NaN
NaN
NaN
NaN
NaN
NaN
NaN
NaN
NaN
NaN
NaN
NaN
NaN
NaN
NaN
NaN
NaN
NaN
NaN
NaN
NaN
NaN
NaN
NaN
NaN
NaN
NaN
NaN
NaN
NaN
NaN
NaN
NaN
NaN
NaN
NaN
NaN
NaN
NaN
NaN
NaN
NaN
NaN
NaN
NaN
NaN
NaN
NaN
NaN
NaN
NaN
NaN
NaN
NaN
NaN
NaN
NaN
NaN
NaN
NaN
NaN
NaN
NaN
NaN
NaN
NaN
NaN
NaN
NaN
NaN
NaN
NaN
NaN
NaN
NaN
NaN
NaN
NaN
NaN
NaN
NaN
NaN
NaN
NaN
NaN
NaN
NaN
NaN
NaN
NaN
NaN
NaN
NaN
NaN
NaN
NaN
NaN
NaN
NaN
NaN
NaN
NaN
NaN
NaN
NaN
NaN
NaN
NaN
NaN
NaN
NaN
NaN
NaN
NaN
NaN
NaN
NaN
NaN
NaN
NaN
NaN
NaN
NaN
NaN
NaN
NaN
NaN
NaN
NaN
NaN
NaN
NaN
NaN
NaN
NaN
NaN
NaN
NaN
NaN
NaN
NaN
NaN
NaN
NaN
NaN
NaN
NaN
NaN
NaN
NaN
NaN
NaN
NaN
NaN
NaN
NaN
NaN
NaN
NaN
NaN
NaN
NaN
NaN
NaN
NaN
NaN
NaN
NaN
NaN
NaN
NaN
NaN
NaN
NaN
NaN
NaN
NaN
NaN
NaN
NaN
NaN
NaN
NaN
NaN
NaN
NaN
NaN
NaN
NaN
NaN
NaN
NaN
NaN
NaN
NaN
NaN
NaN
NaN
NaN
NaN
NaN
NaN
NaN
NaN
NaN
NaN
NaN
NaN
NaN
NaN
NaN
NaN
NaN
NaN
NaN
NaN
NaN
NaN
NaN
NaN
NaN
NaN
NaN
NaN
NaN
NaN
NaN
NaN
NaN
NaN
NaN
NaN
NaN
NaN
NaN
NaN
NaN
NaN
NaN
NaN
NaN
NaN
NaN
NaN
NaN
NaN
NaN
NaN
NaN
NaN
NaN
NaN
NaN
NaN
NaN
NaN
NaN
NaN
NaN
NaN
NaN
NaN
NaN
NaN
NaN
NaN
NaN
NaN
NaN
NaN
NaN
NaN
NaN
NaN
NaN
NaN
NaN
NaN
NaN
NaN
NaN
NaN
NaN
NaN
NaN
NaN
NaN
NaN
NaN
NaN
NaN
NaN
NaN
NaN
NaN
NaN
NaN
NaN
NaN
NaN
NaN
NaN
NaN
NaN
NaN
NaN
NaN
NaN
NaN
NaN
NaN
NaN
NaN
NaN
NaN
NaN
NaN
NaN
NaN
NaN
NaN
NaN
NaN
NaN
NaN
NaN
NaN
NaN
NaN
NaN
NaN
NaN
NaN
NaN
NaN
NaN
NaN
NaN
NaN
NaN
NaN
NaN
NaN
NaN
NaN
NaN
NaN
NaN
NaN
NaN
NaN
NaN
NaN
NaN
NaN
NaN
NaN
NaN
NaN
NaN
NaN
NaN
NaN
NaN
NaN
NaN
NaN
NaN
NaN
NaN
NaN
NaN
NaN
NaN
NaN
NaN
NaN
NaN
NaN
NaN
NaN
NaN
NaN
NaN
NaN
NaN
NaN
NaN
NaN
NaN
NaN
NaN
NaN
NaN
NaN
NaN
NaN
NaN
NaN
NaN
NaN
NaN
NaN
NaN
NaN
NaN
NaN
NaN
NaN
NaN
NaN
NaN
NaN
NaN
NaN
NaN
NaN
NaN
NaN
NaN
NaN
NaN
NaN
NaN
NaN
NaN
NaN
NaN
NaN
NaN
NaN
NaN
NaN
NaN
NaN
NaN
NaN
NaN
NaN
NaN
NaN
NaN
NaN
NaN
NaN
NaN
NaN
NaN
NaN
NaN
NaN
NaN
NaN
NaN
NaN
NaN
NaN
NaN
NaN
NaN
NaN
NaN
NaN
NaN
NaN
NaN
NaN
NaN
NaN
NaN
NaN
NaN
NaN
NaN
NaN
NaN
NaN
NaN
NaN
NaN
NaN
NaN
NaN
NaN
NaN
NaN
NaN
NaN
NaN
NaN
NaN
NaN
NaN
NaN
NaN
NaN
NaN
NaN
NaN
NaN
NaN
NaN
NaN
NaN
NaN
NaN
NaN
NaN
NaN
NaN
NaN
NaN
NaN
NaN
NaN
NaN
NaN
NaN
NaN
NaN
NaN
NaN
NaN
NaN
NaN
NaN
NaN
NaN
NaN
NaN
NaN
NaN
NaN
NaN
NaN
NaN
NaN
NaN
NaN
NaN
NaN
NaN
NaN
NaN
NaN
NaN
NaN
NaN
NaN
NaN
NaN
NaN
NaN
NaN
NaN
NaN
NaN
NaN
NaN
NaN
NaN
NaN
NaN
NaN
NaN
NaN
NaN
NaN
NaN
NaN
NaN
NaN
NaN
NaN
NaN
NaN
NaN
NaN
NaN
NaN
NaN
NaN
NaN
NaN
NaN
NaN
NaN
NaN
NaN
NaN
NaN
NaN
NaN
NaN
NaN
NaN
NaN
NaN
NaN
NaN
NaN
NaN
NaN
NaN
NaN
NaN
NaN
NaN
NaN
NaN
NaN
NaN
NaN
NaN
NaN
NaN
NaN
NaN
NaN
NaN
NaN
NaN
NaN
NaN
NaN
NaN
NaN
NaN
NaN
NaN
NaN
NaN
NaN
NaN
NaN
NaN
NaN
NaN
NaN
NaN
NaN
NaN
NaN
NaN
NaN
NaN
NaN
NaN
NaN
NaN
NaN
NaN
NaN
NaN
NaN
NaN
NaN
NaN
NaN
NaN
NaN
NaN
NaN
NaN
NaN
NaN
NaN
NaN
NaN
NaN
NaN
NaN
NaN
NaN
NaN
NaN
NaN
NaN
NaN
NaN
NaN
NaN
NaN
NaN
NaN
NaN
NaN
NaN
NaN
NaN
NaN
NaN
NaN
NaN
NaN
NaN
NaN
NaN
NaN
NaN
NaN
NaN
NaN
NaN
NaN
NaN
NaN
NaN
NaN
NaN
NaN
NaN
NaN
NaN
NaN
NaN
NaN
NaN
NaN
NaN
NaN
NaN
NaN
NaN
NaN
NaN
NaN
NaN
NaN
NaN
NaN
NaN
NaN
NaN
NaN
NaN
NaN
NaN
NaN
NaN
NaN
NaN
NaN
NaN
NaN
NaN
NaN
NaN
NaN
NaN
NaN
NaN
NaN
NaN
NaN
NaN
NaN
NaN
NaN
NaN
NaN
NaN
NaN
NaN
NaN
NaN
NaN
NaN
NaN
NaN
NaN
NaN
NaN
NaN
NaN
NaN
NaN
NaN
NaN
NaN
NaN
NaN
NaN
NaN
NaN
NaN
NaN
NaN
NaN
NaN
NaN
NaN
NaN
NaN
NaN
NaN
NaN
NaN
NaN
NaN
NaN
NaN
NaN
NaN
NaN
NaN
NaN
NaN
NaN
NaN
NaN
NaN
NaN
NaN
NaN
NaN
NaN
NaN
NaN
NaN
NaN
NaN
NaN
NaN
NaN
NaN
NaN
NaN
NaN
NaN
NaN
NaN
NaN
NaN
NaN
NaN
NaN
NaN
NaN
NaN
NaN
NaN
NaN
NaN
NaN
NaN
NaN
NaN
NaN
NaN
NaN
NaN
NaN
NaN
NaN
NaN
NaN
NaN
NaN
NaN
NaN
NaN
NaN
NaN
