0.30954773869346736
0.5075376884422111
0.6321608040201006
0.68643216080402
0.7396984924623115
0.700502512562814
0.6542713567839196
0.7376884422110552
0.6
0.6562814070351759
0.5748743718592964
0.6381909547738693
0.6080402010050252
0.6552763819095477
0.6391959798994975
0.7226130653266332
0.7055276381909547
0.678391959798995
0.6552763819095477
0.5236180904522613
0.4914572864321608
0.4422110552763819
0.46130653266331656
0.5467336683417086
0.45829145728643217
0.5035175879396985
0.5628140703517588
0.528643216080402
0.5266331658291457
0.5668341708542715
0.36683417085427134
0.5115577889447237
0.5316582914572864
0.41708542713567837
0.4914572864321608
0.45025125628140705
0.4492462311557789
0.4914572864321608
0.5869346733668341
0.49045226130653274
0.5597989949748744
0.578894472361809
0.5618090452261307
0.38291457286432157
0.6060301507537688
0.5085427135678392
0.5608040201005025
0.585929648241206
0.4864321608040201
0.5567839195979899
0.6201005025125628
0.48040201005025124
0.5417085427135678
0.5668341708542712
0.5939698492462312
0.5376884422110553
0.5537688442211055
0.5326633165829145
0.6070351758793969
0.6311557788944724
0.5487437185929649
0.528643216080402
0.6562814070351759
0.6562814070351758
0.6241206030150753
0.6512562814070353
0.45527638190954767
0.642211055276382
0.578894472361809
0.585929648241206
0.657286432160804
0.6120603015075378
0.5698492462311557
0.5155778894472361
0.5085427135678392
0.5296482412060303
0.5326633165829147
0.5326633165829145
0.5376884422110553
0.6020100502512562
0.5829145728643216
0.5608040201005025
0.5467336683417086
0.5909547738693467
0.6703517587939698
0.6251256281407035
0.6924623115577889
0.5658291457286432
0.6090452261306533
0.5909547738693467
0.6110552763819095
0.542713567839196
0.5959798994974875
0.5839195979899496
0.6211055276381909
0.5809045226130654
0.5226130653266332
0.5276381909547738
0.5567839195979899
0.5819095477386934
0.5778894472361809
0.5959798994974874
0.5879396984924623
0.5165829145728643
0.6793969849246231
0.5718592964824121
0.6130653266331658
0.5879396984924623
0.629145728643216
0.5919597989949749
0.6341708542713568
0.6763819095477387
0.6080402010050252
0.563819095477387
0.5326633165829145
0.6110552763819096
0.5809045226130654
0.6190954773869347
0.5819095477386934
0.5025125628140704
0.5175879396984925
0.6190954773869347
0.6422110552763819
0.6341708542713569
0.7035175879396984
0.699497487437186
0.6391959798994975
0.6351758793969849
0.5195979899497487
0.5386934673366833
0.5236180904522614
0.6241206030150754
0.6864321608040201
0.6763819095477388
0.6381909547738693
0.6854271356783919
0.5316582914572864
0.5115577889447236
0.4683417085427136
0.48341708542713563
0.4783919597989949
0.5537688442211055
0.7085427135678393
0.628140703517588
0.5939698492462312
0.6402010050251257
0.7748743718592964
0.6482412060301507
0.5798994974874372
0.6864321608040201
0.6924623115577889
0.7758793969849247
0.7658291457286432
0.6904522613065327
0.6683417085427135
0.6100502512562814
0.5889447236180905
0.6582914572864321
0.6753768844221105
0.6914572864321608
0.7597989949748744
0.7547738693467337
0.6653266331658292
0.7859296482412059
0.7185929648241206
0.735678391959799
0.7246231155778895
0.8
0.7547738693467336
0.7547738693467336
0.7778894472361808
0.6723618090452261
0.6572864321608041
0.7075376884422111
0.6653266331658292
0.7025125628140703
0.6914572864321608
0.636180904522613
0.6854271356783921
0.7105527638190955
0.636180904522613
0.7216080402010051
0.7256281407035177
0.7346733668341707
0.5949748743718593
0.6522613065326632
0.6020100502512562
0.6381909547738693
0.6
0.5939698492462312
0.5909547738693467
0.6522613065326632
0.5879396984924623
0.7025125628140703
0.5366834170854272
0.6623115577889447
0.6542713567839196
0.7015075376884422
0.7407035175879397
0.6974874371859296
0.6844221105527638
0.6060301507537688
0.6743718592964825
0.650251256281407
0.7085427135678393
0.7407035175879397
0.6864321608040201
0.7025125628140704
0.6673366834170854
0.591959798994975
0.6412060301507538
0.6341708542713567
0.664321608040201
0.6673366834170855
0.47035175879396984
0.6060301507537689
0.5386934673366834
0.5185929648241207
0.614070351758794
0.6462311557788945
0.5386934673366834
0.5748743718592965
0.5296482412060302
0.5979899497487436
0.6402010050251257
0.5849246231155779
0.5809045226130654
0.5758793969849246
0.44623115577889455
0.5125628140703518
0.4914572864321608
0.48442211055276385
0.4633165829145728
0.4864321608040201
0.5447236180904522
0.6030150753768845
0.47537688442211057
0.5989949748743718
0.5979899497487436
0.5125628140703518
0.4301507537688442
0.46030150753768845
0.49246231155778897
0.5437185929648242
0.6190954773869346
0.549748743718593
0.5417085427135678
0.5105527638190954
0.4211055276381909
0.5005025125628141
0.5256281407035175
0.5115577889447237
0.5447236180904522
0.5587939698492461
0.607035175879397
0.6020100502512562
0.5537688442211055
0.549748743718593
0.5648241206030151
0.5879396984924623
0.4874371859296482
0.4964824120603016
0.5276381909547738
0.5125628140703518
0.47336683417085423
0.5959798994974875
0.635175879396985
0.6793969849246231
0.628140703517588
0.5949748743718593
0.64321608040201
0.6914572864321608
0.5849246231155779
0.5608040201005025
0.41105527638190953
0.5417085427135678
0.5698492462311557
0.5366834170854271
0.4994974874371859
0.6150753768844222
0.636180904522613
0.6351758793969849
0.6733668341708543
0.6301507537688442
0.6592964824120603
0.6824120603015075
0.6844221105527639
0.7316582914572864
0.6452261306532663
0.6763819095477387
0.7085427135678393
0.678391959798995
0.6763819095477388
0.6060301507537689
0.6562814070351758
0.5859296482412061
0.5758793969849246
0.6060301507537689
0.5798994974874372
0.685427135678392
0.7457286432160803
0.7105527638190955
0.7226130653266332
0.6834170854271356
0.6904522613065327
0.6954773869346733
0.6040201005025125
0.7507537688442211
0.549748743718593
0.5909547738693467
0.6221105527638191
0.6100502512562814
0.7286432160804022
0.6793969849246231
0.7437185929648241
0.7437185929648242
0.8100502512562814
0.7407035175879396
0.7879396984924624
0.7949748743718594
0.84321608040201
0.7648241206030151
0.7547738693467336
0.6371859296482413
0.6944723618090453
0.6944723618090453
0.6753768844221106
0.5577889447236181
0.5829145728643217
0.5557788944723618
0.5929648241206029
0.47236180904522607
0.5728643216080402
0.5939698492462312
0.6804020100502512
0.6804020100502512
0.6572864321608038
0.7768844221105526
0.6261306532663317
0.6994974874371859
0.6050251256281407
0.6090452261306532
0.5959798994974874
0.5045226130653266
0.4974874371859297
0.543718592964824
0.5718592964824121
0.5929648241206029
0.5628140703517588
0.6412060301507538
0.5366834170854271
0.5919597989949749
0.5336683417085426
0.5849246231155778
0.650251256281407
0.6321608040201004
0.578894472361809
0.5597989949748744
0.6522613065326633
0.5336683417085427
0.5226130653266332
0.48140703517587935
0.4914572864321608
0.6271356783919598
0.6361809045226131
0.5718592964824121
0.5175879396984925
0.6020100502512562
0.4924623115577889
0.4994974874371859
0.5577889447236182
0.5929648241206029
0.5728643216080401
0.5597989949748744
0.6150753768844222
0.5507537688442212
0.635175879396985
0.6201005025125628
0.5909547738693467
0.6844221105527637
0.6321608040201004
0.6160804020100501
0.5708542713567839
0.48442211055276385
0.45929648241206034
0.5557788944723617
0.5959798994974875
0.5798994974874372
0.6482412060301508
0.6733668341708543
0.7135678391959799
0.6482412060301506
0.5839195979899496
0.6160804020100502
0.6241206030150754
0.6753768844221105
0.6562814070351759
0.714572864321608
0.607035175879397
0.6271356783919598
0.7155778894472362
0.7296482412060301
0.6633165829145728
0.5748743718592965
0.5527638190954773
0.6763819095477388
0.5718592964824121
0.6964824120603016
0.650251256281407
0.5628140703517588
0.649246231155779
0.7226130653266332
0.7065326633165829
0.6110552763819096
0.6613065326633165
0.6110552763819095
0.6442211055276382
0.5427135678391959
0.6693467336683417
0.6412060301507537
0.6522613065326633
0.6834170854271358
0.5376884422110553
0.628140703517588
0.7447236180904522
0.6703517587939699
0.721608040201005
0.7095477386934673
0.6201005025125629
0.6582914572864322
0.6542713567839196
0.743718592964824
0.7085427135678393
0.6793969849246231
0.7447236180904522
0.6713567839195981
0.577889447236181
0.6844221105527638
0.6050251256281408
0.6643216080402009
0.6402010050251257
0.6934673366834171
0.6914572864321608
0.700502512562814
0.7045226130653266
0.7477386934673367
0.785929648241206
0.7195979899497488
0.6211055276381909
0.6472361809045226
0.7256281407035176
0.7748743718592964
0.7628140703517589
0.7316582914572864
0.7396984924623116
0.7708542713567839
0.6974874371859296
0.6522613065326632
0.6472361809045226
0.6633165829145728
0.5698492462311557
0.6040201005025125
0.6100502512562814
0.6703517587939698
0.7075376884422111
0.7065326633165828
0.6804020100502514
0.6944723618090453
0.6251256281407035
0.6713567839195981
0.607035175879397
0.6251256281407035
0.6844221105527637
0.7628140703517587
0.8130653266331658
0.7376884422110553
0.6030150753768845
0.7557788944723617
0.8412060301507538
0.771859296482412
0.7587939698492463
0.6944723618090453
0.7768844221105529
0.7195979899497488
0.7798994974874373
0.6773869346733669
0.7678391959798996
0.7788944723618089
0.7507537688442211
0.734673366834171
0.7065326633165829
0.6703517587939699
0.6844221105527638
0.621105527638191
0.7226130653266332
0.6733668341708543
0.7276381909547739
0.6804020100502512
0.6673366834170855
0.6844221105527638
0.6110552763819095
0.5869346733668341
0.6090452261306534
0.6824120603015075
0.6371859296482412
0.6251256281407035
0.6120603015075377
0.5668341708542713
0.6944723618090453
0.6653266331658292
0.6381909547738693
0.6773869346733667
0.5839195979899497
0.5688442211055277
0.7306532663316583
0.628140703517588
0.6170854271356784
0.5758793969849246
0.7989949748743719
0.7296482412060301
0.6592964824120603
0.6472361809045226
0.7085427135678393
0.7246231155778895
0.6190954773869348
0.6180904522613065
0.6804020100502514
0.5608040201005026
0.5959798994974874
0.5829145728643217
0.5708542713567839
0.6150753768844222
0.5909547738693467
0.5608040201005025
0.6954773869346733
0.7256281407035176
0.5366834170854271
0.5989949748743719
0.6391959798994975
0.6261306532663317
0.7296482412060301
0.7386934673366834
0.6743718592964824
0.6452261306532663
0.6844221105527638
0.7155778894472362
0.7266331658291457
0.6110552763819095
0.6432160804020101
0.5899497487437186
0.6974874371859296
0.693467336683417
0.7045226130653266
0.6914572864321608
0.5768844221105527
0.6341708542713567
0.5748743718592965
0.685427135678392
0.6542713567839196
0.7256281407035177
0.6623115577889448
0.7145728643216079
0.7055276381909548
0.7336683417085427
0.6361809045226131
0.5035175879396985
0.5798994974874372
0.5577889447236181
0.6693467336683417
0.5909547738693467
0.6211055276381909
0.6100502512562814
0.5869346733668341
0.5437185929648242
0.6482412060301508
0.6552763819095477
0.6020100502512562
0.6974874371859296
0.7618090452261306
0.6592964824120603
0.6723618090452261
0.650251256281407
0.6643216080402009
0.6673366834170855
0.5396984924623116
0.7246231155778895
0.6984924623115578
0.7507537688442211
0.7185929648241206
0.7276381909547739
0.6331658291457286
0.6412060301507537
0.6603015075376885
0.6904522613065327
0.6653266331658291
0.6572864321608041
0.68643216080402
0.7356783919597991
0.6954773869346734
0.6613065326633165
0.6231155778894472
0.6623115577889447
0.6140703517587939
0.5879396984924623
0.6241206030150753
0.5748743718592965
0.6110552763819095
0.6110552763819095
0.5206030150753769
0.6040201005025125
0.6824120603015076
0.6783919597989948
0.629145728643216
0.6633165829145728
0.6974874371859296
0.7316582914572864
0.629145728643216
0.6472361809045226
0.6974874371859296
0.8100502512562814
0.7025125628140704
0.6874371859296482
0.6884422110552764
0.7085427135678393
0.5969849246231156
0.6140703517587939
0.7507537688442211
0.7045226130653267
0.6251256281407035
0.7276381909547738
0.5688442211055277
0.5668341708542712
0.6683417085427136
0.7095477386934673
0.721608040201005
0.7587939698492463
0.6633165829145728
0.5909547738693467
0.584924623115578
0.6110552763819095
0.6301507537688442
0.6743718592964824
0.7628140703517587
0.8180904522613066
0.7899497487437186
0.7608040201005024
0.7065326633165829
0.6412060301507537
0.6492462311557788
0.7025125628140704
0.5989949748743719
0.7608040201005025
0.7517587939698492
0.6884422110552764
0.6713567839195979
0.6180904522613065
0.5758793969849246
0.6130653266331658
0.6261306532663317
0.6
0.628140703517588
0.6733668341708543
0.6834170854271358
0.6080402010050252
0.6512562814070352
0.7015075376884422
0.7708542713567839
0.7065326633165829
0.7115577889447235
0.5919597989949749
0.5979899497487436
0.6261306532663317
0.5718592964824121
0.5678391959798994
0.42713567839195976
0.6211055276381909
0.7015075376884422
0.6834170854271356
0.6150753768844222
0.6542713567839196
0.5256281407035176
0.528643216080402
0.5909547738693467
0.6904522613065327
0.6391959798994975
0.585929648241206
0.7135678391959799
0.6552763819095477
0.6613065326633165
0.7226130653266332
0.6783919597989951
0.6492462311557788
0.671356783919598
0.7095477386934673
0.6613065326633166
0.6884422110552764
0.7809045226130655
0.7939698492462313
0.7979899497487437
0.7487437185929648
0.6105527638190955
0.6419597989949748
0.6432160804020101
0.6746231155778895
0.6419597989949749
0.5891959798994975
0.6168341708542713
0.672110552763819
0.6381909547738693
0.7035175879396984
0.614321608040201
0.6055276381909549
0.6381909547738693
0.614321608040201
0.6582914572864322
0.6896984924623116
0.6344221105527639
0.6206030150753769
0.5326633165829145
0.5829145728643216
0.6080402010050251
0.6017587939698492
0.6922110552763819
0.6972361809045227
0.5979899497487438
0.5527638190954773
0.6042713567839196
0.5515075376884422
0.6080402010050251
0.6545226130653266
0.6482412060301508
0.6017587939698492
0.5866834170854272
0.6306532663316584
0.6494974874371859
0.6105527638190955
0.6658291457286432
0.6168341708542713
0.6067839195979898
0.5276381909547738
0.5087939698492463
0.45226130653266333
0.5050251256281407
0.550251256281407
0.5263819095477387
0.5515075376884422
0.4447236180904523
0.5565326633165829
0.6507537688442211
0.5050251256281407
NaN
NaN
NaN
NaN
NaN
NaN
NaN
NaN
NaN
NaN
NaN
NaN
NaN
NaN
NaN
NaN
NaN
NaN
NaN
NaN
NaN
NaN
NaN
NaN
NaN
NaN
NaN
NaN
NaN
NaN
NaN
NaN
NaN
NaN
NaN
NaN
NaN
NaN
NaN
NaN
NaN
NaN
NaN
NaN
NaN
NaN
NaN
NaN
NaN
NaN
NaN
NaN
NaN
NaN
NaN
NaN
NaN
NaN
NaN
NaN
NaN
NaN
NaN
NaN
NaN
NaN
NaN
NaN
NaN
NaN
NaN
NaN
NaN
NaN
NaN
NaN
NaN
NaN
NaN
NaN
NaN
NaN
NaN
NaN
NaN
NaN
NaN
NaN
NaN
NaN
NaN
NaN
NaN
NaN
NaN
NaN
NaN
NaN
NaN
NaN
NaN
NaN
NaN
NaN
NaN
NaN
NaN
NaN
NaN
NaN
NaN
NaN
NaN
NaN
NaN
NaN
NaN
NaN
NaN
NaN
NaN
NaN
NaN
NaN
NaN
NaN
NaN
NaN
NaN
NaN
NaN
NaN
NaN
NaN
NaN
NaN
NaN
NaN
NaN
NaN
NaN
NaN
NaN
NaN
NaN
NaN
NaN
NaN
NaN
NaN
NaN
NaN
NaN
NaN
NaN
NaN
NaN
NaN
NaN
NaN
NaN
NaN
NaN
NaN
NaN
NaN
NaN
NaN
NaN
NaN
NaN
NaN
NaN
NaN
NaN
NaN
NaN
NaN
NaN
NaN
NaN
NaN
NaN
NaN
NaN
NaN
NaN
NaN
NaN
NaN
NaN
NaN
NaN
NaN
NaN
NaN
NaN
NaN
NaN
NaN
NaN
NaN
NaN
NaN
NaN
NaN
NaN
NaN
NaN
NaN
NaN
NaN
NaN
NaN
NaN
NaN
NaN
NaN
NaN
NaN
NaN
NaN
NaN
NaN
NaN
NaN
NaN
NaN
NaN
NaN
NaN
NaN
NaN
NaN
NaN
NaN
NaN
NaN
NaN
NaN
NaN
NaN
NaN
NaN
NaN
NaN
NaN
NaN
NaN
NaN
NaN
NaN
NaN
NaN
NaN
NaN
NaN
NaN
NaN
NaN
NaN
NaN
NaN
NaN
NaN
NaN
NaN
NaN
NaN
NaN
NaN
NaN
NaN
NaN
NaN
NaN
NaN
NaN
NaN
NaN
NaN
NaN
NaN
NaN
NaN
NaN
NaN
NaN
NaN
NaN
NaN
NaN
NaN
NaN
NaN
NaN
NaN
NaN
NaN
NaN
NaN
NaN
NaN
NaN
NaN
NaN
NaN
NaN
NaN
NaN
NaN
NaN
NaN
NaN
NaN
NaN
NaN
NaN
NaN
NaN
NaN
NaN
NaN
NaN
NaN
NaN
NaN
NaN
NaN
NaN
NaN
NaN
NaN
NaN
NaN
NaN
NaN
NaN
NaN
NaN
NaN
NaN
NaN
NaN
NaN
NaN
NaN
NaN
NaN
NaN
NaN
NaN
NaN
NaN
NaN
NaN
NaN
NaN
NaN
NaN
NaN
NaN
NaN
NaN
NaN
NaN
NaN
NaN
NaN
NaN
NaN
NaN
NaN
NaN
NaN
NaN
NaN
NaN
NaN
NaN
NaN
NaN
NaN
NaN
NaN
NaN
NaN
NaN
NaN
NaN
NaN
NaN
NaN
NaN
NaN
NaN
NaN
NaN
NaN
NaN
NaN
NaN
NaN
NaN
NaN
NaN
NaN
NaN
NaN
NaN
NaN
NaN
NaN
NaN
NaN
NaN
NaN
NaN
NaN
NaN
NaN
NaN
NaN
NaN
NaN
NaN
NaN
NaN
NaN
NaN
NaN
NaN
NaN
NaN
NaN
NaN
NaN
NaN
NaN
NaN
NaN
NaN
NaN
NaN
NaN
NaN
NaN
NaN
NaN
NaN
NaN
NaN
NaN
NaN
NaN
NaN
NaN
NaN
NaN
NaN
NaN
NaN
NaN
NaN
NaN
NaN
NaN
NaN
NaN
NaN
NaN
NaN
NaN
NaN
NaN
NaN
NaN
NaN
NaN
NaN
NaN
NaN
NaN
NaN
NaN
NaN
NaN
NaN
NaN
NaN
NaN
NaN
NaN
NaN
NaN
NaN
NaN
NaN
NaN
NaN
NaN
NaN
NaN
NaN
NaN
NaN
NaN
NaN
NaN
NaN
NaN
NaN
NaN
NaN
NaN
NaN
NaN
NaN
NaN
NaN
NaN
NaN
NaN
NaN
NaN
NaN
NaN
NaN
NaN
NaN
NaN
NaN
NaN
NaN
NaN
NaN
NaN
NaN
NaN
NaN
NaN
NaN
NaN
NaN
NaN
NaN
NaN
NaN
NaN
NaN
NaN
NaN
NaN
NaN
NaN
NaN
NaN
NaN
NaN
NaN
NaN
NaN
NaN
NaN
NaN
NaN
NaN
NaN
NaN
NaN
NaN
NaN
NaN
NaN
NaN
NaN
NaN
NaN
NaN
NaN
NaN
NaN
NaN
NaN
NaN
NaN
NaN
NaN
NaN
NaN
NaN
NaN
NaN
NaN
NaN
NaN
NaN
NaN
NaN
NaN
NaN
NaN
NaN
NaN
NaN
NaN
NaN
NaN
NaN
NaN
NaN
NaN
NaN
NaN
NaN
NaN
NaN
NaN
NaN
NaN
NaN
NaN
NaN
NaN
NaN
NaN
NaN
NaN
NaN
NaN
NaN
NaN
NaN
NaN
NaN
NaN
NaN
NaN
NaN
NaN
NaN
NaN
NaN
NaN
NaN
NaN
NaN
NaN
NaN
NaN
NaN
NaN
NaN
NaN
NaN
NaN
NaN
NaN
NaN
NaN
NaN
NaN
NaN
NaN
NaN
NaN
NaN
NaN
NaN
NaN
NaN
NaN
NaN
NaN
NaN
NaN
NaN
NaN
NaN
NaN
NaN
NaN
NaN
NaN
NaN
NaN
NaN
NaN
NaN
NaN
NaN
NaN
NaN
NaN
NaN
NaN
NaN
NaN
NaN
NaN
NaN
NaN
NaN
NaN
NaN
NaN
NaN
NaN
NaN
NaN
NaN
NaN
NaN
NaN
NaN
NaN
NaN
NaN
NaN
NaN
NaN
NaN
NaN
NaN
NaN
NaN
NaN
NaN
NaN
NaN
NaN
NaN
NaN
NaN
NaN
NaN
NaN
NaN
NaN
NaN
NaN
NaN
NaN
NaN
NaN
NaN
NaN
NaN
NaN
NaN
NaN
NaN
NaN
NaN
NaN
NaN
NaN
NaN
NaN
NaN
NaN
NaN
NaN
NaN
NaN
NaN
NaN
NaN
NaN
NaN
NaN
NaN
NaN
NaN
NaN
NaN
NaN
NaN
NaN
NaN
NaN
NaN
NaN
NaN
NaN
NaN
NaN
NaN
NaN
NaN
NaN
NaN
NaN
NaN
NaN
NaN
NaN
NaN
NaN
NaN
NaN
NaN
NaN
NaN
NaN
NaN
NaN
NaN
NaN
NaN
NaN
NaN
NaN
NaN
NaN
NaN
NaN
NaN
NaN
NaN
NaN
NaN
NaN
NaN
NaN
NaN
NaN
NaN
NaN
NaN
NaN
NaN
NaN
NaN
NaN
NaN
NaN
NaN
NaN
NaN
NaN
NaN
NaN
NaN
NaN
NaN
NaN
NaN
NaN
NaN
NaN
NaN
NaN
NaN
NaN
NaN
NaN
NaN
NaN
NaN
NaN
NaN
NaN
NaN
NaN
NaN
NaN
NaN
NaN
NaN
NaN
NaN
NaN
NaN
NaN
NaN
NaN
NaN
NaN
NaN
NaN
NaN
NaN
NaN
NaN
NaN
NaN
NaN
NaN
NaN
NaN
NaN
NaN
NaN
NaN
NaN
NaN
NaN
NaN
NaN
NaN
NaN
NaN
NaN
NaN
NaN
NaN
NaN
NaN
NaN
NaN
NaN
NaN
NaN
NaN
NaN
NaN
NaN
NaN
NaN
NaN
NaN
NaN
NaN
NaN
NaN
NaN
NaN
NaN
NaN
NaN
NaN
NaN
NaN
NaN
NaN
NaN
NaN
NaN
NaN
NaN
NaN
NaN
NaN
NaN
NaN
NaN
NaN
NaN
NaN
NaN
NaN
NaN
NaN
NaN
NaN
NaN
NaN
NaN
NaN
NaN
NaN
NaN
NaN
NaN
NaN
NaN
NaN
NaN
NaN
NaN
NaN
NaN
NaN
NaN
NaN
NaN
NaN
NaN
NaN
NaN
NaN
NaN
NaN
NaN
NaN
NaN
NaN
NaN
NaN
NaN
NaN
NaN
NaN
NaN
NaN
NaN
NaN
NaN
NaN
NaN
NaN
NaN
NaN
NaN
NaN
NaN
NaN
NaN
NaN
NaN
NaN
NaN
NaN
NaN
NaN
NaN
NaN
NaN
NaN
NaN
NaN
NaN
NaN
NaN
NaN
NaN
NaN
NaN
NaN
NaN
NaN
NaN
NaN
NaN
NaN
NaN
NaN
NaN
NaN
NaN
NaN
NaN
NaN
NaN
NaN
NaN
NaN
NaN
NaN
NaN
NaN
NaN
NaN
NaN
NaN
NaN
NaN
NaN
NaN
NaN
NaN
NaN
NaN
NaN
NaN
NaN
NaN
NaN
NaN
NaN
NaN
NaN
NaN
NaN
NaN
NaN
NaN
NaN
NaN
NaN
NaN
NaN
NaN
NaN
NaN
NaN
NaN
NaN
NaN
NaN
NaN
NaN
NaN
NaN
NaN
NaN
NaN
NaN
NaN
NaN
NaN
NaN
NaN
NaN
NaN
NaN
NaN
NaN
NaN
NaN
NaN
NaN
NaN
NaN
NaN
NaN
NaN
NaN
NaN
NaN
NaN
NaN
NaN
NaN
NaN
NaN
NaN
NaN
NaN
NaN
NaN
NaN
NaN
NaN
NaN
NaN
NaN
NaN
NaN
NaN
NaN
NaN
NaN
NaN
NaN
NaN
NaN
NaN
NaN
NaN
NaN
NaN
NaN
NaN
NaN
NaN
NaN
NaN
NaN
NaN
NaN
NaN
NaN
NaN
NaN
NaN
NaN
NaN
NaN
NaN
NaN
NaN
NaN
NaN
NaN
NaN
NaN
NaN
NaN
NaN
NaN
NaN
NaN
NaN
NaN
NaN
NaN
NaN
NaN
NaN
NaN
NaN
NaN
NaN
NaN
NaN
NaN
NaN
NaN
NaN
NaN
NaN
NaN
NaN
NaN
NaN
NaN
NaN
NaN
NaN
NaN
NaN
NaN
NaN
NaN
NaN
NaN
NaN
NaN
NaN
NaN
NaN
NaN
NaN
NaN
NaN
NaN
NaN
NaN
NaN
NaN
NaN
NaN
NaN
NaN
NaN
NaN
NaN
NaN
NaN
NaN
NaN
NaN
NaN
NaN
NaN
NaN
NaN
NaN
NaN
NaN
NaN
NaN
NaN
NaN
NaN
NaN
NaN
NaN
NaN
NaN
NaN
NaN
NaN
NaN
NaN
NaN
NaN
NaN
NaN
NaN
NaN
NaN
NaN
NaN
NaN
NaN
NaN
NaN
NaN
NaN
NaN
NaN
NaN
NaN
NaN
NaN
NaN
NaN
NaN
NaN
NaN
NaN
NaN
NaN
NaN
NaN
NaN
NaN
NaN
NaN
NaN
NaN
NaN
NaN
NaN
NaN
NaN
NaN
NaN
NaN
NaN
NaN
NaN
NaN
NaN
NaN
NaN
NaN
NaN
NaN
NaN
NaN
NaN
NaN
NaN
NaN
NaN
NaN
NaN
NaN
NaN
NaN
NaN
NaN
NaN
NaN
NaN
NaN
NaN
NaN
NaN
NaN
NaN
NaN
NaN
NaN
NaN
NaN
NaN
NaN
NaN
NaN
NaN
NaN
NaN
NaN
NaN
NaN
NaN
NaN
NaN
NaN
NaN
NaN
NaN
NaN
NaN
NaN
NaN
NaN
NaN
NaN
NaN
NaN
NaN
NaN
NaN
NaN
NaN
NaN
NaN
NaN
NaN
NaN
NaN
NaN
NaN
NaN
NaN
NaN
NaN
NaN
NaN
NaN
NaN
NaN
NaN
NaN
NaN
NaN
NaN
NaN
NaN
NaN
NaN
NaN
NaN
NaN
NaN
NaN
NaN
NaN
NaN
NaN
NaN
NaN
NaN
NaN
NaN
NaN
NaN
NaN
NaN
NaN
NaN
NaN
NaN
NaN
NaN
NaN
NaN
NaN
NaN
NaN
NaN
NaN
NaN
NaN
NaN
NaN
NaN
NaN
NaN
NaN
NaN
NaN
NaN
NaN
NaN
NaN
NaN
NaN
NaN
NaN
NaN
NaN
NaN
NaN
NaN
NaN
NaN
NaN
NaN
NaN
NaN
NaN
NaN
NaN
NaN
NaN
NaN
NaN
NaN
NaN
NaN
NaN
NaN
NaN
NaN
NaN
NaN
NaN
NaN
NaN
NaN
NaN
NaN
NaN
NaN
NaN
NaN
NaN
NaN
NaN
NaN
NaN
NaN
NaN
NaN
NaN
NaN
NaN
NaN
NaN
NaN
NaN
NaN
NaN
NaN
NaN
NaN
NaN
NaN
NaN
NaN
NaN
NaN
NaN
NaN
NaN
NaN
NaN
NaN
NaN
NaN
NaN
NaN
NaN
NaN
NaN
NaN
NaN
NaN
NaN
NaN
NaN
NaN
NaN
NaN
NaN
NaN
NaN
NaN
NaN
NaN
NaN
NaN
NaN
NaN
NaN
NaN
NaN
NaN
NaN
NaN
NaN
NaN
NaN
NaN
NaN
NaN
NaN
NaN
NaN
NaN
NaN
NaN
NaN
NaN
NaN
NaN
NaN
NaN
NaN
NaN
NaN
NaN
NaN
NaN
NaN
NaN
NaN
NaN
NaN
NaN
NaN
NaN
NaN
NaN
NaN
NaN
NaN
NaN
NaN
NaN
NaN
NaN
NaN
NaN
NaN
NaN
NaN
NaN
NaN
NaN
NaN
NaN
NaN
NaN
NaN
NaN
NaN
NaN
NaN
NaN
NaN
NaN
NaN
NaN
NaN
NaN
NaN
NaN
NaN
NaN
NaN
NaN
NaN
NaN
NaN
NaN
NaN
NaN
NaN
NaN
NaN
NaN
NaN
NaN
NaN
NaN
NaN
NaN
NaN
NaN
NaN
NaN
NaN
NaN
NaN
NaN
NaN
NaN
NaN
NaN
NaN
NaN
NaN
NaN
NaN
NaN
NaN
NaN
NaN
NaN
NaN
NaN
NaN
NaN
NaN
NaN
NaN
NaN
NaN
NaN
NaN
NaN
NaN
NaN
NaN
NaN
NaN
NaN
NaN
NaN
NaN
NaN
NaN
NaN
NaN
NaN
NaN
NaN
NaN
NaN
NaN
NaN
NaN
NaN
NaN
NaN
NaN
NaN
NaN
NaN
NaN
NaN
NaN
NaN
NaN
NaN
NaN
NaN
NaN
NaN
NaN
NaN
NaN
NaN
NaN
NaN
NaN
NaN
NaN
NaN
NaN
NaN
NaN
NaN
NaN
NaN
NaN
NaN
NaN
NaN
NaN
NaN
NaN
NaN
NaN
NaN
NaN
NaN
NaN
NaN
NaN
NaN
NaN
