0.17792642140468226
0.36454849498327757
0.3926421404682275
0.563210702341137
0.7331103678929767
0.7612040133779264
0.71438127090301
0.8
0.8107023411371237
0.7505016722408027
0.7351170568561873
0.7705685618729097
0.71438127090301
0.723076923076923
0.6535117056856187
0.7605351170568562
0.7678929765886288
0.7411371237458194
0.728428093645485
0.7525083612040134
0.671571906354515
0.7531772575250837
0.7351170568561873
0.7926421404682275
0.705685618729097
0.7130434782608696
0.6709030100334449
0.6387959866220736
0.68561872909699
0.6836120401337793
0.5792642140468227
0.6989966555183946
0.6254180602006689
0.6588628762541806
0.7204013377926423
0.68561872909699
0.6280936454849498
0.6301003344481606
0.6903010033444815
0.6722408026755853
0.748494983277592
0.7444816053511707
0.7852842809364549
0.7692307692307693
0.8046822742474916
0.7745819397993311
0.7966555183946488
0.791304347826087
0.8153846153846154
0.8073578595317725
0.7719063545150502
0.7538461538461538
0.7551839464882943
0.802675585284281
0.7979933110367893
0.7966555183946488
0.8127090301003346
0.7384615384615384
0.62876254180602
0.5872909698996656
0.6381270903010033
0.6200668896321069
0.6642140468227424
0.6722408026755853
0.6749163879598662
0.6367892976588629
0.6354515050167224
0.5705685618729097
0.6274247491638796
0.6307692307692307
0.7197324414715719
0.7785953177257525
0.7585284280936455
0.7705685618729097
0.7364548494983277
0.7431438127090301
0.7431438127090301
0.696989966555184
0.6247491638795987
0.676923076923077
0.6903010033444816
0.676923076923077
0.6749163879598662
0.6347826086956522
0.6173913043478261
0.6642140468227425
0.6655518394648829
0.699665551839465
0.7123745819397994
0.7752508361204014
0.7511705685618729
0.748494983277592
0.7725752508361203
0.7464882943143814
0.739799331103679
0.7759197324414715
0.7050167224080267
0.6314381270903011
0.6595317725752509
0.6668896321070235
0.6538461538461539
0.6262541806020067
0.7215719063545151
0.6421404682274248
0.5627090301003345
0.6262541806020067
0.5852842809364548
0.6463210702341138
0.6797658862876255
0.7282608695652173
0.802675585284281
0.8678929765886287
0.8219063545150502
0.8729096989966556
0.7617056856187292
0.7474916387959867
0.714046822742475
0.7316053511705686
0.6872909698996654
0.7566889632107023
0.7123745819397993
0.705685618729097
0.7466555183946488
0.7608695652173914
0.7140468227424749
0.7098662207357859
0.6831103678929766
0.6989966555183946
0.8469899665551839
0.7382943143812708
0.7207357859531772
0.7366220735785954
0.7976588628762542
0.790133779264214
0.8051839464882943
0.770066889632107
0.7324414715719063
0.6739130434782609
0.5936454849498327
0.6387959866220736
0.6120401337792641
0.6337792642140468
0.6036789297658863
0.5585284280936456
0.6321070234113713
0.637123745819398
0.6797658862876255
0.6688963210702341
0.7792642140468227
0.5877926421404682
0.745819397993311
0.7366220735785953
0.8010033444816054
0.7968227424749164
0.7157190635451505
0.6688963210702341
0.6162207357859532
0.6262541806020067
0.5660535117056856
0.6772575250836119
0.7934782608695652
0.9080267558528428
0.8904682274247491
0.850334448160535
0.8436454849498327
0.7876254180602006
0.7508361204013378
0.7516722408026756
0.7491638795986622
0.8152173913043478
0.8578595317725752
0.7667224080267558
0.7591973244147157
0.7391304347826086
0.7274247491638797
0.7157190635451505
0.754180602006689
0.8018394648829431
0.8837792642140468
0.846989966555184
0.7892976588628762
0.7775919732441471
0.8252508361204013
0.7851170568561874
0.8135451505016722
0.7190635451505016
0.7667224080267558
0.7976588628762542
0.7817725752508362
0.7182274247491639
0.6864548494983278
0.6814381270903009
0.673076923076923
0.5259197324414715
0.5777591973244147
0.7040133779264214
0.6178929765886287
0.6580267558528429
0.6948160535117056
0.7090301003344481
0.7081939799331104
0.7441471571906355
0.6479933110367893
0.6596989966555185
0.7015050167224081
0.681438127090301
0.6605351170568562
0.7132107023411371
0.7040133779264214
0.6112040133779264
0.5560200668896321
0.6831103678929766
0.6755852842809364
0.6923076923076923
0.6463210702341137
0.770066889632107
0.729933110367893
0.7558528428093645
0.6638795986622072
0.7441471571906355
0.6989966555183946
0.7767558528428093
0.7374581939799332
0.7558528428093645
0.8018394648829432
0.7876254180602007
0.7683946488294313
0.7750836120401337
0.7591973244147158
0.7801003344481605
0.7884615384615385
0.7483277591973244
0.6413043478260869
0.7399665551839465
0.7851170568561873
0.8018394648829431
0.7516722408026755
0.6421404682274248
0.6697324414715718
0.6045150501672241
0.5994983277591973
0.6797658862876254
0.7424749163879599
0.7015050167224081
0.5484949832775919
0.6195652173913043
0.5903010033444815
0.5811036789297659
0.4790969899665552
0.6337792642140468
0.6596989966555185
0.697324414715719
0.6872909698996655
0.7224080267558528
0.6931438127090301
0.6362876254180603
0.7399665551839465
0.6948160535117057
0.6212374581939799
0.5994983277591974
0.6254180602006689
0.6688963210702341
0.6622073578595318
0.8152173913043478
0.7884615384615384
0.7617056856187291
0.6680602006688964
0.7508361204013377
0.8018394648829431
0.7566889632107023
0.6889632107023411
0.6513377926421404
0.6596989966555185
0.7558528428093646
0.7801003344481605
0.8085284280936454
0.7516722408026756
0.802675585284281
0.7198996655518395
0.7525083612040134
0.8152173913043478
0.7851170568561873
0.7240802675585284
0.8043478260869565
0.8076923076923077
0.8110367892976588
0.8670568561872909
0.7533444816053512
0.6998327759197325
0.6379598662207357
0.665551839464883
0.5710702341137124
0.709866220735786
0.7115384615384615
0.6964882943143813
0.7148829431438127
0.6036789297658862
0.6672240802675585
0.657190635451505
0.6989966555183946
0.6931438127090301
0.7198996655518395
0.6496655518394648
0.770066889632107
0.7332775919732442
0.7474916387959866
0.7683946488294314
0.7667224080267558
0.7851170568561874
0.7282608695652173
0.7182274247491639
0.6989966555183946
0.7508361204013378
0.8035117056856187
0.7625418060200668
0.8361204013377926
0.7909698996655519
0.7316053511705686
0.714046822742475
0.7433110367892977
0.7600334448160534
0.7508361204013378
0.6471571906354515
0.5852842809364549
0.5476588628762542
0.6112040133779264
0.5844481605351171
0.5969899665551839
0.6287625418060201
0.6755852842809364
0.6730769230769231
0.6889632107023411
0.7140468227424749
0.6279264214046822
0.6755852842809363
0.734113712374582
0.7316053511705685
0.6454849498327759
0.6204013377926422
0.617056856187291
0.729933110367893
0.669732441471572
0.6822742474916388
0.7357859531772576
0.6998327759197325
0.7249163879598661
0.7709030100334449
0.7198996655518396
0.6948160535117056
0.689799331103679
0.5986622073578596
0.5451505016722408
0.52396878483835
0.6053511705685618
0.5429208472686734
0.5596432552954292
0.6120401337792641
0.6465997770345596
0.6978818283166109
0.7101449275362318
0.8539576365663321
0.8795986622073578
0.8071348940914159
0.8450390189520625
0.8494983277591972
0.7458193979933111
0.8327759197324416
0.8416945373467112
0.8160535117056856
0.7993311036789299
0.8193979933110368
0.7235228539576366
0.7001114827201785
0.6220735785953178
0.6265328874024526
0.6599777034559643
0.6343366778149386
0.52396878483835
0.4537346711259755
0.5273132664437011
0.48940914158305465
0.5719063545150502
0.5596432552954292
0.6521739130434782
0.6599777034559643
0.6878483835005573
0.6911928651059086
0.717948717948718
0.6633221850613155
0.6488294314381271
0.6644370122630993
0.6644370122630993
0.6833890746934226
0.6923076923076922
0.6454849498327758
0.7302118171683389
0.8037904124860646
0.773690078037904
0.6822742474916388
0.6845039018952063
0.7157190635451505
0.7068004459308806
0.7513935340022296
0.7658862876254181
0.8205128205128206
0.7447045707915274
0.6655518394648828
0.7045707915273133
0.7346711259754738
0.6276477146042363
0.6923076923076924
0.7012263099219621
0.7681159420289855
0.8260869565217392
0.7670011148272019
0.681159420289855
0.7123745819397992
0.7146042363433667
0.7302118171683388
0.6577480490523969
0.8584169453734671
0.758082497212932
0.7313266443701226
0.7725752508361204
0.8461538461538461
0.7636566332218506
0.7915273132664437
0.7892976588628762
0.7246376811594203
0.7146042363433668
0.6488294314381271
0.7023411371237458
0.6856187290969901
0.7201783723522853
0.6900780379041249
0.7090301003344481
0.7714604236343366
0.8149386845039018
0.7112597547380156
0.6243032329988851
0.6911928651059086
0.600891861761427
0.7034559643255296
0.7603121516164993
0.7792642140468228
0.7146042363433667
0.6443701226309921
0.6867335562987736
0.5808249721293199
0.5841694537346711
0.6142697881828316
0.6700111482720178
0.842809364548495
0.8550724637681159
0.8751393534002229
0.8729096989966555
0.802675585284281
0.8283166109253067
0.7469342251950947
0.677814938684504
0.7881828316610925
0.6978818283166109
0.6432552954292085
0.7424749163879598
0.6767001114827202
0.5897435897435898
0.6499442586399108
0.633221850613155
0.8060200668896321
0.7224080267558529
0.7959866220735785
0.810479375696767
0.8561872909698997
0.830546265328874
0.8784838350055741
0.8037904124860646
0.8316610925306578
0.8338907469342253
0.7870680044593089
0.8606465997770346
0.8405797101449276
0.7034559643255295
0.7034559643255296
0.6822742474916389
0.7536231884057972
0.7915273132664437
0.7112597547380156
0.7101449275362318
0.7591973244147158
0.6622073578595318
0.6588628762541805
0.6142697881828316
0.6711259754738016
0.6321070234113711
0.6700111482720178
0.6767001114827202
0.6588628762541806
0.7190635451505015
0.5518394648829431
0.5752508361204013
0.6231884057971014
0.6510590858416946
0.7391304347826088
0.7190635451505017
0.6778149386845039
0.6878483835005573
0.7201783723522853
0.7068004459308806
0.6142697881828316
0.6577480490523969
0.5942028985507246
0.6053511705685618
0.6778149386845039
0.5964325529542921
0.7290969899665551
0.7146042363433667
0.6889632107023411
0.7647714604236343
0.6845039018952063
0.6789297658862875
0.6644370122630993
0.5518394648829431
0.5340022296544036
0.6276477146042364
0.73355629877369
0.6365663322185061
0.810479375696767
0.6343366778149387
0.7279821627647715
0.7491638795986623
0.7447045707915273
0.8316610925306578
0.8550724637681159
0.8082497212931995
0.8361204013377926
0.8651059085841695
0.8015607580824972
0.7369007803790412
0.7357859531772575
0.750278706800446
0.7402452619843923
0.8160535117056856
0.7168338907469343
0.5897435897435898
0.6822742474916388
0.6666666666666666
0.600891861761427
0.5763656633221851
0.6276477146042363
0.6131549609810479
0.5484949832775919
0.5551839464882943
0.5930880713489408
0.5183946488294314
0.5975473801560758
0.5195094760312152
0.47268673355629875
0.5663322185061316
0.6231884057971014
0.6677814938684504
0.6321070234113713
0.6755852842809364
0.7235228539576366
0.6833890746934225
0.6610925306577481
0.73355629877369
0.7547380156075808
0.7513935340022296
0.738015607580825
0.7458193979933111
0.7480490523968785
0.6744704570791527
0.738015607580825
0.8494983277591973
0.8595317725752508
0.8405797101449276
0.8327759197324415
0.6911928651059086
0.738015607580825
0.6778149386845039
0.5696767001114827
0.5172798216276476
0.5418060200668896
0.6923076923076924
0.5629877369007804
0.6265328874024526
0.6677814938684504
0.7090301003344481
0.6644370122630991
0.7647714604236343
0.7257525083612041
0.7993311036789298
0.6856187290969898
0.6454849498327758
0.6688963210702341
0.7447045707915273
0.7346711259754738
0.7837235228539576
0.7090301003344481
0.6822742474916388
0.7023411371237458
0.6911928651059086
0.7859531772575251
0.8539576365663323
0.8260869565217391
0.8394648829431438
0.7212931995540691
0.778149386845039
0.6911928651059086
0.7079152731326643
0.6432552954292085
0.5139353400222966
0.4593088071348941
0.5629877369007804
0.5351170568561873
0.4793756967670011
0.5384615384615384
0.483835005574136
0.38015607580824967
0.5997770345596433
0.6321070234113711
0.6131549609810479
0.7369007803790413
0.7001114827201783
0.7792642140468228
0.8205128205128206
0.8617614269788184
0.79041248606466
0.7435897435897436
0.830546265328874
0.8060200668896321
0.6889632107023411
0.6376811594202899
0.5730211817168339
0.681159420289855
0.5997770345596433
0.6254180602006688
0.653288740245262
0.661092530657748
0.6666666666666666
0.6989966555183945
0.7369007803790412
0.7056856187290971
0.7725752508361204
0.7402452619843926
0.6555183946488294
0.6867335562987736
0.770345596432553
0.758082497212932
0.8327759197324415
0.7714604236343366
0.6521739130434782
0.6254180602006689
0.6131549609810479
0.6276477146042363
0.600891861761427
0.5496098104793757
0.5730211817168339
0.6309921962095876
0.6666666666666666
0.7146042363433668
0.7012263099219621
0.6075808249721293
0.6254180602006688
0.6778149386845037
0.7168338907469343
0.7380156075808251
0.7435897435897436
0.7313266443701227
0.6599777034559643
0.7435897435897436
0.7045707915273133
0.6911928651059086
0.5752508361204013
0.6544035674470458
0.6722408026755854
0.717948717948718
0.6956521739130435
0.7692307692307692
0.6610925306577481
0.6767001114827202
0.6265328874024526
0.6767001114827202
0.6722408026755852
0.6131549609810479
0.5719063545150501
0.6566332218506131
0.6276477146042364
0.6911928651059086
0.7079152731326644
0.7670011148272019
0.6967670011148273
0.6878483835005573
0.6800445930880713
0.8450390189520625
0.8294314381270903
0.7736900780379042
0.653288740245262
0.7157190635451505
0.6465997770345596
0.6911928651059086
0.7235228539576366
0.8093645484949832
0.7881828316610925
0.8405797101449276
0.8015607580824972
0.890746934225195
0.8695652173913043
0.8004459308807136
0.7435897435897436
0.7391304347826088
0.7848383500557414
0.7513935340022296
0.6822742474916388
0.5406911928651059
0.5919732441471571
0.6287625418060201
0.6376811594202899
0.6644370122630993
0.7212931995540691
0.8149386845039018
0.8929765886287626
0.8539576365663323
0.8807134894091416
0.8361204013377926
0.8940914158305463
0.8862876254180602
0.8840579710144927
0.8773690078037905
0.7848383500557413
0.7826086956521738
0.7636566332218506
0.7413600891861761
0.773690078037904
0.8205128205128206
0.862876254180602
0.8517279821627648
0.773690078037904
0.7848383500557414
0.7513935340022296
0.6822742474916389
0.6833890746934226
0.7157190635451505
0.6711259754738016
0.6700111482720178
0.6343366778149387
0.7424749163879598
0.6956521739130435
0.6911928651059086
0.7112597547380156
NaN
NaN
NaN
NaN
NaN
NaN
NaN
NaN
NaN
NaN
NaN
NaN
NaN
NaN
NaN
NaN
NaN
NaN
NaN
NaN
NaN
NaN
NaN
NaN
NaN
NaN
NaN
NaN
NaN
NaN
NaN
NaN
NaN
NaN
NaN
NaN
NaN
NaN
NaN
NaN
NaN
NaN
NaN
NaN
NaN
NaN
NaN
NaN
NaN
NaN
NaN
NaN
NaN
NaN
NaN
NaN
NaN
NaN
NaN
NaN
NaN
NaN
NaN
NaN
NaN
NaN
NaN
NaN
NaN
NaN
NaN
NaN
NaN
NaN
NaN
NaN
NaN
NaN
NaN
NaN
NaN
NaN
NaN
NaN
NaN
NaN
NaN
NaN
NaN
NaN
NaN
NaN
NaN
NaN
NaN
NaN
NaN
NaN
NaN
NaN
NaN
NaN
NaN
NaN
NaN
NaN
NaN
NaN
NaN
NaN
NaN
NaN
NaN
NaN
NaN
NaN
NaN
NaN
NaN
NaN
NaN
NaN
NaN
NaN
NaN
NaN
NaN
NaN
NaN
NaN
NaN
NaN
NaN
NaN
NaN
NaN
NaN
NaN
NaN
NaN
NaN
NaN
NaN
NaN
NaN
NaN
NaN
NaN
NaN
NaN
NaN
NaN
NaN
NaN
NaN
NaN
NaN
NaN
NaN
NaN
NaN
NaN
NaN
NaN
NaN
NaN
NaN
NaN
NaN
NaN
NaN
NaN
NaN
NaN
NaN
NaN
NaN
NaN
NaN
NaN
NaN
NaN
NaN
NaN
NaN
NaN
NaN
NaN
NaN
NaN
NaN
NaN
NaN
NaN
NaN
NaN
NaN
NaN
NaN
NaN
NaN
NaN
NaN
NaN
NaN
NaN
NaN
NaN
NaN
NaN
NaN
NaN
NaN
NaN
NaN
NaN
NaN
NaN
NaN
NaN
NaN
NaN
NaN
NaN
NaN
NaN
NaN
NaN
NaN
NaN
NaN
NaN
NaN
NaN
NaN
NaN
NaN
NaN
NaN
NaN
NaN
NaN
NaN
NaN
NaN
NaN
NaN
NaN
NaN
NaN
NaN
NaN
NaN
NaN
NaN
NaN
NaN
NaN
NaN
NaN
NaN
NaN
NaN
NaN
NaN
NaN
NaN
NaN
NaN
NaN
NaN
NaN
NaN
NaN
NaN
NaN
NaN
NaN
NaN
NaN
NaN
NaN
NaN
NaN
NaN
NaN
NaN
NaN
NaN
NaN
NaN
NaN
NaN
NaN
NaN
NaN
NaN
NaN
NaN
NaN
NaN
NaN
NaN
NaN
NaN
NaN
NaN
NaN
NaN
NaN
NaN
NaN
NaN
NaN
NaN
NaN
NaN
NaN
NaN
NaN
NaN
NaN
NaN
NaN
NaN
NaN
NaN
NaN
NaN
NaN
NaN
NaN
NaN
NaN
NaN
NaN
NaN
NaN
NaN
NaN
NaN
NaN
NaN
NaN
NaN
NaN
NaN
NaN
NaN
NaN
NaN
NaN
NaN
NaN
NaN
NaN
NaN
NaN
NaN
NaN
NaN
NaN
NaN
NaN
NaN
NaN
NaN
NaN
NaN
NaN
NaN
NaN
NaN
NaN
NaN
NaN
NaN
NaN
NaN
NaN
NaN
NaN
NaN
NaN
NaN
NaN
NaN
NaN
NaN
NaN
NaN
NaN
NaN
NaN
NaN
NaN
NaN
NaN
NaN
NaN
NaN
NaN
NaN
NaN
NaN
NaN
NaN
NaN
NaN
NaN
NaN
NaN
NaN
NaN
NaN
NaN
NaN
NaN
NaN
NaN
NaN
NaN
NaN
NaN
NaN
NaN
NaN
NaN
NaN
NaN
NaN
NaN
NaN
NaN
NaN
NaN
NaN
NaN
NaN
NaN
NaN
NaN
NaN
NaN
NaN
NaN
NaN
NaN
NaN
NaN
NaN
NaN
NaN
NaN
NaN
NaN
NaN
NaN
NaN
NaN
NaN
NaN
NaN
NaN
NaN
NaN
NaN
NaN
NaN
NaN
NaN
NaN
NaN
NaN
NaN
NaN
NaN
NaN
NaN
NaN
NaN
NaN
NaN
NaN
NaN
NaN
NaN
NaN
NaN
NaN
NaN
NaN
NaN
NaN
NaN
NaN
NaN
NaN
NaN
NaN
NaN
NaN
NaN
NaN
NaN
NaN
NaN
NaN
NaN
NaN
NaN
NaN
NaN
NaN
NaN
NaN
NaN
NaN
NaN
NaN
NaN
NaN
NaN
NaN
NaN
NaN
NaN
NaN
NaN
NaN
NaN
NaN
NaN
NaN
NaN
NaN
NaN
NaN
NaN
NaN
NaN
NaN
NaN
NaN
NaN
NaN
NaN
NaN
NaN
NaN
NaN
NaN
NaN
NaN
NaN
NaN
NaN
NaN
NaN
NaN
NaN
NaN
NaN
NaN
NaN
NaN
NaN
NaN
NaN
NaN
NaN
NaN
NaN
NaN
NaN
NaN
NaN
NaN
NaN
NaN
NaN
NaN
NaN
NaN
NaN
NaN
NaN
NaN
NaN
NaN
NaN
NaN
NaN
NaN
NaN
NaN
NaN
NaN
NaN
NaN
NaN
NaN
NaN
NaN
NaN
NaN
NaN
NaN
NaN
NaN
NaN
NaN
NaN
NaN
NaN
NaN
NaN
NaN
NaN
NaN
NaN
NaN
NaN
NaN
NaN
NaN
NaN
NaN
NaN
NaN
NaN
NaN
NaN
NaN
NaN
NaN
NaN
NaN
NaN
NaN
NaN
NaN
NaN
NaN
NaN
NaN
NaN
NaN
NaN
NaN
NaN
NaN
NaN
NaN
NaN
NaN
NaN
NaN
NaN
NaN
NaN
NaN
NaN
NaN
NaN
NaN
NaN
NaN
NaN
NaN
NaN
NaN
NaN
NaN
NaN
NaN
NaN
NaN
NaN
NaN
NaN
NaN
NaN
NaN
NaN
NaN
NaN
NaN
NaN
NaN
NaN
NaN
NaN
NaN
NaN
NaN
NaN
NaN
NaN
NaN
NaN
NaN
NaN
NaN
NaN
NaN
NaN
NaN
NaN
NaN
NaN
NaN
NaN
NaN
NaN
NaN
NaN
NaN
NaN
NaN
NaN
NaN
NaN
NaN
NaN
NaN
NaN
NaN
NaN
NaN
NaN
NaN
NaN
NaN
NaN
NaN
NaN
NaN
NaN
NaN
NaN
NaN
NaN
NaN
NaN
NaN
NaN
NaN
NaN
NaN
NaN
NaN
NaN
NaN
NaN
NaN
NaN
NaN
NaN
NaN
NaN
NaN
NaN
NaN
NaN
NaN
NaN
NaN
NaN
NaN
NaN
NaN
NaN
NaN
NaN
NaN
NaN
NaN
NaN
NaN
NaN
NaN
NaN
NaN
NaN
NaN
NaN
NaN
NaN
NaN
NaN
NaN
NaN
NaN
NaN
NaN
NaN
NaN
NaN
NaN
NaN
NaN
NaN
NaN
NaN
NaN
NaN
NaN
NaN
NaN
NaN
NaN
NaN
NaN
NaN
NaN
NaN
NaN
NaN
NaN
NaN
NaN
NaN
NaN
NaN
NaN
NaN
NaN
NaN
NaN
NaN
NaN
NaN
NaN
NaN
NaN
NaN
NaN
NaN
NaN
NaN
NaN
NaN
NaN
NaN
NaN
NaN
NaN
NaN
NaN
NaN
NaN
NaN
NaN
NaN
NaN
NaN
NaN
NaN
NaN
NaN
NaN
NaN
NaN
NaN
NaN
NaN
NaN
NaN
NaN
NaN
NaN
NaN
NaN
NaN
NaN
NaN
NaN
NaN
NaN
NaN
NaN
NaN
NaN
NaN
NaN
NaN
NaN
NaN
NaN
NaN
NaN
NaN
NaN
NaN
NaN
NaN
NaN
NaN
NaN
NaN
NaN
NaN
NaN
NaN
NaN
NaN
NaN
NaN
NaN
NaN
NaN
NaN
NaN
NaN
NaN
NaN
NaN
NaN
NaN
NaN
NaN
NaN
NaN
NaN
NaN
NaN
NaN
NaN
NaN
NaN
NaN
NaN
NaN
NaN
NaN
NaN
NaN
NaN
NaN
NaN
NaN
NaN
NaN
NaN
NaN
NaN
NaN
NaN
NaN
NaN
NaN
NaN
NaN
NaN
NaN
NaN
NaN
NaN
NaN
NaN
NaN
NaN
NaN
NaN
NaN
NaN
NaN
NaN
NaN
NaN
NaN
NaN
NaN
NaN
NaN
NaN
NaN
NaN
NaN
NaN
NaN
NaN
NaN
NaN
NaN
NaN
NaN
NaN
NaN
NaN
NaN
NaN
NaN
NaN
NaN
NaN
NaN
NaN
NaN
NaN
NaN
NaN
NaN
NaN
NaN
NaN
NaN
NaN
NaN
NaN
NaN
NaN
NaN
NaN
NaN
NaN
NaN
NaN
NaN
NaN
NaN
NaN
NaN
NaN
NaN
NaN
NaN
NaN
NaN
NaN
NaN
NaN
NaN
NaN
NaN
NaN
NaN
NaN
NaN
NaN
NaN
NaN
NaN
NaN
NaN
NaN
NaN
NaN
NaN
NaN
NaN
NaN
NaN
NaN
NaN
NaN
NaN
NaN
NaN
NaN
NaN
NaN
NaN
NaN
NaN
NaN
NaN
NaN
NaN
NaN
NaN
NaN
NaN
NaN
NaN
NaN
NaN
NaN
NaN
NaN
NaN
NaN
NaN
NaN
NaN
NaN
NaN
NaN
NaN
NaN
NaN
NaN
NaN
NaN
NaN
NaN
NaN
NaN
NaN
NaN
NaN
NaN
NaN
NaN
NaN
NaN
NaN
NaN
NaN
NaN
NaN
NaN
NaN
NaN
NaN
NaN
NaN
NaN
NaN
NaN
NaN
NaN
NaN
NaN
NaN
NaN
NaN
NaN
NaN
NaN
NaN
NaN
NaN
NaN
NaN
NaN
NaN
NaN
NaN
NaN
NaN
NaN
NaN
NaN
NaN
NaN
NaN
NaN
NaN
NaN
NaN
NaN
NaN
NaN
NaN
NaN
NaN
NaN
NaN
NaN
NaN
NaN
NaN
NaN
NaN
NaN
NaN
NaN
NaN
NaN
NaN
NaN
NaN
NaN
NaN
NaN
NaN
NaN
NaN
NaN
NaN
NaN
NaN
NaN
NaN
NaN
NaN
NaN
NaN
NaN
NaN
NaN
NaN
NaN
NaN
NaN
NaN
NaN
NaN
NaN
NaN
NaN
NaN
NaN
NaN
NaN
NaN
NaN
NaN
NaN
NaN
NaN
NaN
NaN
NaN
NaN
NaN
NaN
NaN
NaN
NaN
NaN
NaN
NaN
NaN
NaN
NaN
NaN
NaN
NaN
NaN
NaN
NaN
NaN
NaN
NaN
NaN
NaN
NaN
NaN
NaN
NaN
NaN
NaN
NaN
NaN
NaN
NaN
NaN
NaN
NaN
NaN
NaN
NaN
NaN
NaN
NaN
NaN
NaN
NaN
NaN
NaN
NaN
NaN
NaN
NaN
NaN
NaN
NaN
NaN
NaN
NaN
NaN
NaN
NaN
NaN
NaN
NaN
NaN
NaN
NaN
NaN
NaN
NaN
NaN
NaN
NaN
NaN
NaN
NaN
NaN
NaN
NaN
NaN
NaN
NaN
NaN
NaN
NaN
NaN
NaN
NaN
NaN
NaN
NaN
NaN
NaN
NaN
NaN
NaN
NaN
NaN
NaN
NaN
NaN
NaN
NaN
NaN
NaN
NaN
NaN
NaN
NaN
NaN
NaN
NaN
NaN
NaN
NaN
NaN
NaN
NaN
NaN
NaN
NaN
NaN
NaN
NaN
NaN
NaN
NaN
NaN
NaN
NaN
NaN
NaN
NaN
NaN
NaN
NaN
NaN
NaN
NaN
NaN
NaN
NaN
NaN
NaN
NaN
NaN
NaN
NaN
NaN
NaN
NaN
NaN
NaN
NaN
NaN
NaN
NaN
NaN
NaN
NaN
NaN
NaN
NaN
NaN
NaN
NaN
NaN
NaN
NaN
NaN
NaN
NaN
NaN
NaN
NaN
NaN
NaN
NaN
NaN
NaN
NaN
NaN
NaN
NaN
NaN
NaN
NaN
NaN
NaN
NaN
NaN
NaN
NaN
NaN
NaN
NaN
NaN
NaN
NaN
NaN
NaN
NaN
NaN
NaN
NaN
NaN
NaN
NaN
NaN
NaN
NaN
NaN
NaN
NaN
NaN
NaN
NaN
NaN
NaN
NaN
NaN
NaN
NaN
NaN
NaN
NaN
NaN
NaN
NaN
NaN
NaN
NaN
NaN
NaN
NaN
NaN
NaN
NaN
NaN
NaN
NaN
NaN
NaN
NaN
NaN
NaN
NaN
NaN
NaN
NaN
NaN
NaN
NaN
NaN
NaN
NaN
NaN
NaN
NaN
NaN
NaN
NaN
NaN
NaN
NaN
NaN
NaN
NaN
NaN
NaN
NaN
NaN
NaN
NaN
NaN
NaN
NaN
NaN
NaN
NaN
NaN
NaN
NaN
NaN
NaN
NaN
NaN
NaN
NaN
NaN
NaN
NaN
NaN
NaN
NaN
NaN
NaN
NaN
NaN
NaN
NaN
NaN
NaN
NaN
NaN
NaN
NaN
NaN
NaN
NaN
NaN
NaN
NaN
NaN
NaN
NaN
NaN
NaN
NaN
NaN
NaN
NaN
NaN
NaN
NaN
NaN
NaN
NaN
NaN
NaN
NaN
NaN
NaN
NaN
NaN
NaN
NaN
NaN
NaN
NaN
NaN
NaN
NaN
NaN
NaN
NaN
NaN
NaN
NaN
NaN
NaN
NaN
NaN
NaN
NaN
NaN
NaN
NaN
NaN
NaN
NaN
NaN
NaN
NaN
NaN
NaN
NaN
NaN
NaN
NaN
NaN
NaN
NaN
NaN
NaN
NaN
NaN
NaN
NaN
NaN
NaN
NaN
NaN
NaN
NaN
NaN
NaN
NaN
NaN
NaN
NaN
NaN
NaN
NaN
NaN
NaN
NaN
NaN
NaN
NaN
NaN
NaN
NaN
NaN
NaN
NaN
NaN
NaN
NaN
NaN
NaN
NaN
NaN
NaN
NaN
NaN
NaN
NaN
NaN
NaN
NaN
NaN
NaN
NaN
NaN
NaN
NaN
NaN
NaN
NaN
NaN
NaN
NaN
NaN
NaN
NaN
NaN
NaN
NaN
NaN
NaN
NaN
NaN
NaN
NaN
NaN
NaN
NaN
NaN
NaN
NaN
NaN
NaN
NaN
NaN
NaN
NaN
NaN
NaN
NaN
NaN
NaN
NaN
NaN
NaN
NaN
NaN
NaN
NaN
NaN
NaN
NaN
NaN
NaN
NaN
NaN
NaN
NaN
NaN
NaN
NaN
NaN
NaN
NaN
NaN
NaN
NaN
NaN
NaN
NaN
NaN
NaN
NaN
NaN
NaN
NaN
NaN
NaN
NaN
NaN
NaN
NaN
NaN
NaN
NaN
NaN
NaN
NaN
NaN
NaN
NaN
NaN
NaN
NaN
NaN
NaN
NaN
NaN
NaN
NaN
NaN
NaN
NaN
NaN
NaN
NaN
NaN
NaN
NaN
NaN
NaN
NaN
NaN
NaN
NaN
