0.1353233830845771
0.2343283582089552
0.36467661691542286
0.36965174129353234
0.4124378109452736
0.4830845771144279
0.4711442786069652
0.47263681592039797
0.5935323383084578
0.5751243781094528
0.6388059701492538
0.7134328358208955
0.6985074626865673
0.6805970149253732
0.7960199004975125
0.8029850746268657
0.7238805970149254
0.7800995024875622
0.8054726368159205
0.7373134328358208
0.6353233830845771
0.6378109452736318
0.600995024875622
0.6348258706467662
0.6880597014925373
0.6019900497512437
0.6865671641791045
0.7308457711442786
0.700497512437811
0.6855721393034827
0.637313432835821
0.6398009950248756
0.7024875621890547
0.8044776119402985
0.8701492537313433
0.8378109452736318
0.7691542288557214
0.7840796019900498
0.753731343283582
0.790547263681592
0.8104477611940298
0.7756218905472637
0.7661691542288558
0.7860696517412935
0.7751243781094527
0.7950248756218905
0.7194029850746269
0.7582089552238805
0.7517412935323382
0.8139303482587066
0.8472636815920398
0.8388059701492537
0.8338308457711443
0.8119402985074629
0.8104477611940298
0.8199004975124378
0.8343283582089551
0.8472636815920398
0.8159203980099502
0.845273631840796
0.8328358208955224
0.7825870646766168
0.7258706467661692
0.6776119402985075
0.6656716417910448
0.6532338308457712
0.6751243781094527
0.7019900497512438
0.682089552238806
0.6721393034825871
0.6597014925373135
0.7044776119402985
0.7502487562189055
0.6830845771144278
0.6980099502487562
0.7462686567164178
0.817910447761194
0.7950248756218906
0.8149253731343284
0.817412935323383
0.791044776119403
0.745273631840796
0.7781094527363184
0.8009950248756219
0.8835820895522388
0.781592039800995
0.8169154228855723
0.8288557213930348
0.8437810945273633
0.77363184079602
0.7228855721393035
0.7477611940298508
0.7517412935323383
0.7492537313432835
0.772636815920398
0.8109452736318408
0.8522388059701493
0.7920398009950248
0.8029850746268657
0.8273631840796021
0.8308457711442786
0.8278606965174129
0.8109452736318408
0.8024875621890546
0.8189054726368159
0.7965174129353233
0.7621890547263681
0.7587064676616915
0.7522388059701492
0.6875621890547263
0.7253731343283581
0.746268656716418
0.6691542288557214
0.6656716417910447
0.6900497512437811
0.6865671641791045
0.6432835820895522
0.6517412935323382
0.590547263681592
0.6054726368159205
0.618905472636816
0.6557213930348259
0.728358208955224
0.7477611940298508
0.7601990049751244
0.763681592039801
0.8124378109452737
0.7900497512437811
0.7761194029850746
0.7208955223880597
0.6626865671641791
0.6746268656716417
0.7044776119402985
0.7343283582089553
0.7895522388059701
0.7532338308457711
0.7189054726368159
0.6985074626865672
0.6567164179104478
0.6079601990049751
0.7129353233830845
0.6696517412935323
0.6597014925373135
0.7711442786069652
0.7791044776119402
0.8383084577114428
0.8542288557213931
0.7945273631840796
0.7009950248756219
0.7601990049751243
0.7213930348258707
0.7293532338308458
0.6885572139303482
0.6870646766169154
0.6442786069651741
0.6741293532338308
0.6711442786069651
0.6482587064676617
0.6313432835820896
0.6885572139303482
0.745771144278607
0.7477611940298508
0.6970149253731344
0.673134328358209
0.5756218905472636
0.6084577114427862
0.6134328358208955
0.6114427860696517
0.5890547263681591
0.5985074626865672
0.6477611940298508
0.5860696517412936
0.6094527363184079
0.7412935323383085
0.682089552238806
0.6079601990049751
0.6094527363184079
0.5840796019900496
0.7194029850746269
0.7039800995024876
0.7278606965174129
0.7930348258706468
0.7895522388059701
0.8079601990049751
0.8766169154228856
0.828358208955224
0.798507462686567
0.8383084577114428
0.7019900497512437
0.6656716417910449
0.6810945273631841
0.5830845771144278
0.5552238805970149
0.5606965174129354
0.5422885572139303
0.6009950248756218
0.718407960199005
0.7507462686567165
0.7756218905472636
0.8054726368159203
0.8059701492537312
0.7159203980099502
0.709452736318408
0.7741293532338309
0.7706467661691543
0.781592039800995
0.7577114427860696
0.7189054726368159
0.7343283582089551
0.7293532338308457
0.7487562189054727
0.7641791044776121
0.735820895522388
0.7656716417910447
0.7029850746268658
0.7154228855721394
0.7651741293532338
0.7880597014925372
0.7830845771144279
0.7348258706467662
0.6587064676616915
0.7766169154228857
0.7587064676616916
0.8044776119402985
0.7771144278606965
0.7666666666666666
0.8248756218905472
0.8024875621890548
0.836318407960199
0.7999999999999999
0.8716417910447761
0.8248756218905473
0.8009950248756219
0.7810945273631841
0.8029850746268657
0.7656716417910447
0.7875621890547263
0.7661691542288557
0.700497512437811
0.7412935323383085
0.8278606965174129
0.7248756218905473
0.7656716417910447
0.7980099502487562
0.7791044776119403
0.7482587064676617
0.7159203980099502
0.7069651741293532
0.7258706467661693
0.73681592039801
0.7855721393034827
0.7492537313432835
0.7412935323383085
0.7388059701492538
0.7736318407960199
0.6970149253731344
0.7194029850746269
0.7671641791044775
0.7786069651741293
0.8203980099502488
0.8069651741293532
0.8746268656716417
0.864676616915423
0.8343283582089553
0.8044776119402984
0.8422885572139304
0.827363184079602
0.8472636815920399
0.8412935323383085
0.8134328358208954
0.7810945273631841
0.7582089552238805
0.800497512437811
0.7442786069651741
0.8258706467661693
0.8114427860696518
0.772636815920398
0.7716417910447761
0.7517412935323383
0.736318407960199
0.682587064676617
0.6134328358208954
0.6835820895522389
0.6920398009950248
0.7009950248756218
0.654228855721393
0.6502487562189055
0.6980099502487562
0.6776119402985075
0.7069651741293532
0.7059701492537315
0.7333333333333333
0.6393034825870647
0.7373134328358208
0.6781094527363184
0.8213930348258707
0.691044776119403
0.6800995024875622
0.664676616915423
0.6502487562189054
0.7089552238805971
0.8208955223880597
0.8159203980099502
0.7631840796019901
0.7328358208955223
0.8069651741293533
0.7805970149253731
0.7318407960199005
0.7348258706467663
0.7064676616915422
0.6990049751243781
0.72636815920398
0.7313432835820896
0.772636815920398
0.7661691542288557
0.7293532338308457
0.7099502487562189
0.7492537313432835
0.8328358208955222
0.8203980099502488
0.8149253731343282
0.7895522388059701
0.7353233830845771
0.7144278606965173
0.6587064676616915
0.6930348258706467
0.645273631840796
0.7233830845771144
0.7368159203980099
0.7517412935323383
0.7308457711442786
0.6776119402985075
0.6860696517412935
0.736318407960199
0.7532338308457712
0.7223880597014926
0.76318407960199
0.7686567164179106
0.7054726368159204
0.6945273631840796
0.7417910447761195
0.782089552238806
0.7860696517412936
0.8199004975124378
0.7661691542288558
0.681592039800995
0.6885572139303483
0.6527363184079602
0.672636815920398
0.6527363184079602
0.6965174129353234
0.7024875621890547
0.6467661691542288
0.6079601990049751
0.6786069651741294
0.6646766169154229
0.7557213930348258
0.7691542288557214
0.7348258706467662
0.7542288557213931
0.7522388059701492
0.690547263681592
0.727363184079602
0.7432835820895523
0.7064676616915423
0.7139303482587065
0.7144278606965174
0.773134328358209
0.7174129353233831
0.735323383084577
0.7378109452736318
0.7517412935323382
0.8213930348258707
0.7616915422885572
0.7019900497512437
0.6487562189054727
0.5522388059701493
0.5343283582089552
0.5900497512437811
0.5955223880597014
0.6144278606965174
0.6412935323383084
0.6950248756218906
0.6592039800995024
0.7656716417910449
0.835820895522388
0.879601990049751
0.9049751243781093
0.8482587064676617
0.8099502487562189
0.8079601990049753
0.7925373134328358
0.7870646766169155
0.8039800995024876
0.7577114427860697
0.818407960199005
0.7701492537313432
0.7502487562189055
0.7393034825870647
0.7850746268656716
0.781592039800995
0.8129353233830846
0.7746268656716419
0.7393034825870647
0.7606965174129353
0.7661691542288558
0.7661691542288558
0.8069651741293532
0.7885572139303483
0.7761194029850745
0.7388059701492538
0.7502487562189055
0.700497512437811
0.7840796019900498
0.7199004975124378
0.6975124378109452
0.7751243781094528
0.8109452736318408
0.8343283582089553
0.8213930348258707
0.8009950248756219
0.8666666666666666
0.7880597014925372
0.7378109452736318
0.7129353233830846
0.6885572139303482
0.6467661691542288
0.7313432835820896
0.7427860696517412
0.7348258706467661
0.7706467661691543
0.6940298507462688
0.7174129353233831
0.7542288557213931
0.7014925373134329
0.7835820895522388
0.7731343283582089
0.7920398009950247
0.7930348258706468
0.855721393034826
0.8751243781094529
0.8169154228855721
0.7686567164179104
0.8114427860696518
0.8109452736318408
0.7711442786069652
0.7477611940298508
0.8258706467661691
0.7880597014925372
0.818407960199005
0.7542288557213931
0.7547263681592039
0.8766169154228856
0.7915422885572139
0.7825870646766169
0.8049751243781094
0.8124378109452737
0.7895522388059701
0.7278606965174129
0.7646766169154229
0.7472636815920397
0.7975124378109453
0.7442786069651741
0.8432835820895523
0.808955223880597
0.7940298507462688
0.8348258706467663
0.8203980099502488
0.8253731343283583
0.7930348258706468
0.7517412935323383
0.8398009950248756
0.8572139303482587
0.799502487562189
0.7835820895522387
0.8
0.7686567164179104
0.7288557213930348
0.7218905472636816
0.7412935323383084
0.781094527363184
0.708457711442786
0.7203980099502487
0.7666666666666666
0.7706467661691543
0.6860696517412934
0.7333333333333334
0.691542288557214
0.7129353233830846
0.7228855721393035
0.808955223880597
0.7920398009950249
0.835820895522388
0.8358208955223881
0.8412935323383085
0.7890547263681593
0.7860696517412935
0.7288557213930348
0.8477611940298507
0.8223880597014925
0.7756218905472636
0.7487562189054727
0.7223880597014926
0.8164179104477611
0.7263681592039801
0.7099502487562189
0.7154228855721393
0.7378109452736318
0.7044776119402985
0.7213930348258707
0.7616915422885572
0.7323383084577114
0.7213930348258707
0.7835820895522388
0.7935323383084576
0.7895522388059701
0.7980099502487563
0.7805970149253731
0.7761194029850748
0.8686567164179104
0.7885572139303483
0.781094527363184
0.799502487562189
0.7606965174129353
0.7572139303482587
0.7497512437810945
0.7402985074626867
0.6766169154228855
0.7348258706467662
0.6393034825870647
0.664179104477612
0.7129353233830846
0.6985074626865672
0.6184079601990049
0.7064676616915422
0.6686567164179105
0.6771144278606964
0.5915422885572139
0.6686567164179105
0.6432835820895523
0.6233830845771144
0.7213930348258707
0.718407960199005
0.7567164179104477
0.6601990049751245
0.7144278606965174
0.7865671641791045
0.7298507462686568
0.736318407960199
0.8104477611940297
0.8572139303482587
0.8407960199004976
0.8587064676616916
0.7716417910447761
0.7796019900497513
0.7577114427860696
0.7383084577114428
0.708955223880597
0.7258706467661692
0.7243781094527363
0.7218905472636815
0.771641791044776
0.8119402985074627
0.8950248756218906
0.8243781094527364
0.8069651741293532
0.8189054726368159
0.7920398009950248
0.7402985074626866
0.7865671641791044
0.7467661691542288
0.6835820895522389
0.763681592039801
0.8412935323383085
0.782587064676617
0.85273631840796
0.8726368159203979
0.8283582089552238
0.6840796019900498
0.764179104477612
0.7746268656716419
0.7751243781094528
0.7109452736318408
0.7368159203980099
0.628358208955224
0.6606965174129352
0.718407960199005
0.773134328358209
0.7875621890547264
0.7661691542288557
0.7517412935323382
0.7656716417910447
0.7796019900497513
0.7915422885572139
0.8134328358208955
0.8099502487562189
0.8666666666666666
0.8815920398009951
0.763681592039801
0.790547263681592
0.8412935323383085
0.8129353233830846
0.864179104477612
0.8368159203980099
0.8298507462686567
0.8313432835820895
0.7796019900497513
0.7890547263681593
0.7890547263681592
0.772139303482587
0.817910447761194
0.8343283582089551
0.9044776119402986
0.8049751243781096
0.8597014925373134
0.8562189054726368
0.7835820895522387
0.8149253731343282
0.8139303482587064
0.745273631840796
0.7830845771144278
0.8497512437810946
0.8308457711442786
0.7771144278606965
0.7587064676616916
0.7676616915422886
0.7865671641791045
0.7631840796019901
0.8308457711442786
0.791542288557214
0.7189054726368159
0.781592039800995
0.7268656716417911
0.8014925373134327
0.8482587064676617
0.8562189054726368
0.8134328358208955
0.8880597014925373
0.8199004975124378
0.7691542288557215
0.8597014925373134
0.7935323383084577
0.7850746268656718
0.7761194029850748
0.708955223880597
0.8318407960199006
0.7855721393034826
0.7258706467661692
0.7746268656716417
0.7930348258706468
0.8154228855721393
0.799502487562189
0.7293532338308457
0.7522388059701492
0.7442786069651741
0.7666666666666667
0.7661691542288558
0.7791044776119403
0.8666666666666666
0.8681592039800995
0.8328358208955224
0.8751243781094526
0.9114427860696518
0.8681592039800995
0.817910447761194
0.8412935323383085
0.7761194029850745
0.7671641791044777
0.7582089552238807
0.736318407960199
0.7422885572139305
0.7084577114427861
0.7288557213930349
0.7980099502487562
0.8228855721393036
0.8278606965174131
0.7900497512437811
0.8238805970149254
0.7845771144278607
0.7800995024875622
0.7592039800995025
0.7507462686567165
0.7477611940298508
0.7238805970149256
0.745273631840796
0.7228855721393035
0.7343283582089553
0.708955223880597
0.7059701492537314
0.7472636815920397
0.7492537313432835
0.7661691542288557
0.7318407960199005
0.6945273631840796
0.7253731343283583
0.7920398009950249
0.8019900497512438
0.8029850746268657
0.7835820895522388
0.7248756218905473
0.75
0.7674129353233831
0.7437810945273631
0.7238805970149254
0.782960199004975
0.804726368159204
0.7773631840796019
0.8327114427860697
0.8202736318407959
0.6859452736318408
0.7419154228855722
0.7742537313432836
0.7313432835820896
0.7518656716417911
0.7046019900497513
0.8072139303482587
0.7985074626865671
0.708955223880597
0.7450248756218906
0.7120646766169154
0.6697761194029851
0.6965174129353233
0.7014925373134329
0.7027363184079601
0.7574626865671642
0.7985074626865671
0.7276119402985074
0.802860696517413
0.7487562189054727
0.7748756218905473
0.808457711442786
0.7848258706467661
0.7394278606965174
0.7431592039800995
0.7220149253731343
0.7095771144278606
0.6305970149253731
0.6324626865671642
0.6728855721393034
0.6032338308457711
0.585820895522388
0.6747512437810945
0.666044776119403
0.638681592039801
0.7139303482587065
0.7736318407960199
0.7804726368159204
0.763681592039801
0.8202736318407959
0.7960199004975125
NaN
NaN
NaN
NaN
NaN
NaN
NaN
NaN
NaN
NaN
NaN
NaN
NaN
NaN
NaN
NaN
NaN
NaN
NaN
NaN
NaN
NaN
NaN
NaN
NaN
NaN
NaN
NaN
NaN
NaN
NaN
NaN
NaN
NaN
NaN
NaN
NaN
NaN
NaN
NaN
NaN
NaN
NaN
NaN
NaN
NaN
NaN
NaN
NaN
NaN
NaN
NaN
NaN
NaN
NaN
NaN
NaN
NaN
NaN
NaN
NaN
NaN
NaN
NaN
NaN
NaN
NaN
NaN
NaN
NaN
NaN
NaN
NaN
NaN
NaN
NaN
NaN
NaN
NaN
NaN
NaN
NaN
NaN
NaN
NaN
NaN
NaN
NaN
NaN
NaN
NaN
NaN
NaN
NaN
NaN
NaN
NaN
NaN
NaN
NaN
NaN
NaN
NaN
NaN
NaN
NaN
NaN
NaN
NaN
NaN
NaN
NaN
NaN
NaN
NaN
NaN
NaN
NaN
NaN
NaN
NaN
NaN
NaN
NaN
NaN
NaN
NaN
NaN
NaN
NaN
NaN
NaN
NaN
NaN
NaN
NaN
NaN
NaN
NaN
NaN
NaN
NaN
NaN
NaN
NaN
NaN
NaN
NaN
NaN
NaN
NaN
NaN
NaN
NaN
NaN
NaN
NaN
NaN
NaN
NaN
NaN
NaN
NaN
NaN
NaN
NaN
NaN
NaN
NaN
NaN
NaN
NaN
NaN
NaN
NaN
NaN
NaN
NaN
NaN
NaN
NaN
NaN
NaN
NaN
NaN
NaN
NaN
NaN
NaN
NaN
NaN
NaN
NaN
NaN
NaN
NaN
NaN
NaN
NaN
NaN
NaN
NaN
NaN
NaN
NaN
NaN
NaN
NaN
NaN
NaN
NaN
NaN
NaN
NaN
NaN
NaN
NaN
NaN
NaN
NaN
NaN
NaN
NaN
NaN
NaN
NaN
NaN
NaN
NaN
NaN
NaN
NaN
NaN
NaN
NaN
NaN
NaN
NaN
NaN
NaN
NaN
NaN
NaN
NaN
NaN
NaN
NaN
NaN
NaN
NaN
NaN
NaN
NaN
NaN
NaN
NaN
NaN
NaN
NaN
NaN
NaN
NaN
NaN
NaN
NaN
NaN
NaN
NaN
NaN
NaN
NaN
NaN
NaN
NaN
NaN
NaN
NaN
NaN
NaN
NaN
NaN
NaN
NaN
NaN
NaN
NaN
NaN
NaN
NaN
NaN
NaN
NaN
NaN
NaN
NaN
NaN
NaN
NaN
NaN
NaN
NaN
NaN
NaN
NaN
NaN
NaN
NaN
NaN
NaN
NaN
NaN
NaN
NaN
NaN
NaN
NaN
NaN
NaN
NaN
NaN
NaN
NaN
NaN
NaN
NaN
NaN
NaN
NaN
NaN
NaN
NaN
NaN
NaN
NaN
NaN
NaN
NaN
NaN
NaN
NaN
NaN
NaN
NaN
NaN
NaN
NaN
NaN
NaN
NaN
NaN
NaN
NaN
NaN
NaN
NaN
NaN
NaN
NaN
NaN
NaN
NaN
NaN
NaN
NaN
NaN
NaN
NaN
NaN
NaN
NaN
NaN
NaN
NaN
NaN
NaN
NaN
NaN
NaN
NaN
NaN
NaN
NaN
NaN
NaN
NaN
NaN
NaN
NaN
NaN
NaN
NaN
NaN
NaN
NaN
NaN
NaN
NaN
NaN
NaN
NaN
NaN
NaN
NaN
NaN
NaN
NaN
NaN
NaN
NaN
NaN
NaN
NaN
NaN
NaN
NaN
NaN
NaN
NaN
NaN
NaN
NaN
NaN
NaN
NaN
NaN
NaN
NaN
NaN
NaN
NaN
NaN
NaN
NaN
NaN
NaN
NaN
NaN
NaN
NaN
NaN
NaN
NaN
NaN
NaN
NaN
NaN
NaN
NaN
NaN
NaN
NaN
NaN
NaN
NaN
NaN
NaN
NaN
NaN
NaN
NaN
NaN
NaN
NaN
NaN
NaN
NaN
NaN
NaN
NaN
NaN
NaN
NaN
NaN
NaN
NaN
NaN
NaN
NaN
NaN
NaN
NaN
NaN
NaN
NaN
NaN
NaN
NaN
NaN
NaN
NaN
NaN
NaN
NaN
NaN
NaN
NaN
NaN
NaN
NaN
NaN
NaN
NaN
NaN
NaN
NaN
NaN
NaN
NaN
NaN
NaN
NaN
NaN
NaN
NaN
NaN
NaN
NaN
NaN
NaN
NaN
NaN
NaN
NaN
NaN
NaN
NaN
NaN
NaN
NaN
NaN
NaN
NaN
NaN
NaN
NaN
NaN
NaN
NaN
NaN
NaN
NaN
NaN
NaN
NaN
NaN
NaN
NaN
NaN
NaN
NaN
NaN
NaN
NaN
NaN
NaN
NaN
NaN
NaN
NaN
NaN
NaN
NaN
NaN
NaN
NaN
NaN
NaN
NaN
NaN
NaN
NaN
NaN
NaN
NaN
NaN
NaN
NaN
NaN
NaN
NaN
NaN
NaN
NaN
NaN
NaN
NaN
NaN
NaN
NaN
NaN
NaN
NaN
NaN
NaN
NaN
NaN
NaN
NaN
NaN
NaN
NaN
NaN
NaN
NaN
NaN
NaN
NaN
NaN
NaN
NaN
NaN
NaN
NaN
NaN
NaN
NaN
NaN
NaN
NaN
NaN
NaN
NaN
NaN
NaN
NaN
NaN
NaN
NaN
NaN
NaN
NaN
NaN
NaN
NaN
NaN
NaN
NaN
NaN
NaN
NaN
NaN
NaN
NaN
NaN
NaN
NaN
NaN
NaN
NaN
NaN
NaN
NaN
NaN
NaN
NaN
NaN
NaN
NaN
NaN
NaN
NaN
NaN
NaN
NaN
NaN
NaN
NaN
NaN
NaN
NaN
NaN
NaN
NaN
NaN
NaN
NaN
NaN
NaN
NaN
NaN
NaN
NaN
NaN
NaN
NaN
NaN
NaN
NaN
NaN
NaN
NaN
NaN
NaN
NaN
NaN
NaN
NaN
NaN
NaN
NaN
NaN
NaN
NaN
NaN
NaN
NaN
NaN
NaN
NaN
NaN
NaN
NaN
NaN
NaN
NaN
NaN
NaN
NaN
NaN
NaN
NaN
NaN
NaN
NaN
NaN
NaN
NaN
NaN
NaN
NaN
NaN
NaN
NaN
NaN
NaN
NaN
NaN
NaN
NaN
NaN
NaN
NaN
NaN
NaN
NaN
NaN
NaN
NaN
NaN
NaN
NaN
NaN
NaN
NaN
NaN
NaN
NaN
NaN
NaN
NaN
NaN
NaN
NaN
NaN
NaN
NaN
NaN
NaN
NaN
NaN
NaN
NaN
NaN
NaN
NaN
NaN
NaN
NaN
NaN
NaN
NaN
NaN
NaN
NaN
NaN
NaN
NaN
NaN
NaN
NaN
NaN
NaN
NaN
NaN
NaN
NaN
NaN
NaN
NaN
NaN
NaN
NaN
NaN
NaN
NaN
NaN
NaN
NaN
NaN
NaN
NaN
NaN
NaN
NaN
NaN
NaN
NaN
NaN
NaN
NaN
NaN
NaN
NaN
NaN
NaN
NaN
NaN
NaN
NaN
NaN
NaN
NaN
NaN
NaN
NaN
NaN
NaN
NaN
NaN
NaN
NaN
NaN
NaN
NaN
NaN
NaN
NaN
NaN
NaN
NaN
NaN
NaN
NaN
NaN
NaN
NaN
NaN
NaN
NaN
NaN
NaN
NaN
NaN
NaN
NaN
NaN
NaN
NaN
NaN
NaN
NaN
NaN
NaN
NaN
NaN
NaN
NaN
NaN
NaN
NaN
NaN
NaN
NaN
NaN
NaN
NaN
NaN
NaN
NaN
NaN
NaN
NaN
NaN
NaN
NaN
NaN
NaN
NaN
NaN
NaN
NaN
NaN
NaN
NaN
NaN
NaN
NaN
NaN
NaN
NaN
NaN
NaN
NaN
NaN
NaN
NaN
NaN
NaN
NaN
NaN
NaN
NaN
NaN
NaN
NaN
NaN
NaN
NaN
NaN
NaN
NaN
NaN
NaN
NaN
NaN
NaN
NaN
NaN
NaN
NaN
NaN
NaN
NaN
NaN
NaN
NaN
NaN
NaN
NaN
NaN
NaN
NaN
NaN
NaN
NaN
NaN
NaN
NaN
NaN
NaN
NaN
NaN
NaN
NaN
NaN
NaN
NaN
NaN
NaN
NaN
NaN
NaN
NaN
NaN
NaN
NaN
NaN
NaN
NaN
NaN
NaN
NaN
NaN
NaN
NaN
NaN
NaN
NaN
NaN
NaN
NaN
NaN
NaN
NaN
NaN
NaN
NaN
NaN
NaN
NaN
NaN
NaN
NaN
NaN
NaN
NaN
NaN
NaN
NaN
NaN
NaN
NaN
NaN
NaN
NaN
NaN
NaN
NaN
NaN
NaN
NaN
NaN
NaN
NaN
NaN
NaN
NaN
NaN
NaN
NaN
NaN
NaN
NaN
NaN
NaN
NaN
NaN
NaN
NaN
NaN
NaN
NaN
NaN
NaN
NaN
NaN
NaN
NaN
NaN
NaN
NaN
NaN
NaN
NaN
NaN
NaN
NaN
NaN
NaN
NaN
NaN
NaN
NaN
NaN
NaN
NaN
NaN
NaN
NaN
NaN
NaN
NaN
NaN
NaN
NaN
NaN
NaN
NaN
NaN
NaN
NaN
NaN
NaN
NaN
NaN
NaN
NaN
NaN
NaN
NaN
NaN
NaN
NaN
NaN
NaN
NaN
NaN
NaN
NaN
NaN
NaN
NaN
NaN
NaN
NaN
NaN
NaN
NaN
NaN
NaN
NaN
NaN
NaN
NaN
NaN
NaN
NaN
NaN
NaN
NaN
NaN
NaN
NaN
NaN
NaN
NaN
NaN
NaN
NaN
NaN
NaN
NaN
NaN
NaN
NaN
NaN
NaN
NaN
NaN
NaN
NaN
NaN
NaN
NaN
NaN
NaN
NaN
NaN
NaN
NaN
NaN
NaN
NaN
NaN
NaN
NaN
NaN
NaN
NaN
NaN
NaN
NaN
NaN
NaN
NaN
NaN
NaN
NaN
NaN
NaN
NaN
NaN
NaN
NaN
NaN
NaN
NaN
NaN
NaN
NaN
NaN
NaN
NaN
NaN
NaN
NaN
NaN
NaN
NaN
NaN
NaN
NaN
NaN
NaN
NaN
NaN
NaN
NaN
NaN
NaN
NaN
NaN
NaN
NaN
NaN
NaN
NaN
NaN
NaN
NaN
NaN
NaN
NaN
NaN
NaN
NaN
NaN
NaN
NaN
NaN
NaN
NaN
NaN
NaN
NaN
NaN
NaN
NaN
NaN
NaN
NaN
NaN
NaN
NaN
NaN
NaN
NaN
NaN
NaN
NaN
NaN
NaN
NaN
NaN
NaN
NaN
NaN
NaN
NaN
NaN
NaN
NaN
NaN
NaN
NaN
NaN
NaN
NaN
NaN
NaN
NaN
NaN
NaN
NaN
NaN
NaN
NaN
NaN
NaN
NaN
NaN
NaN
NaN
NaN
NaN
NaN
NaN
NaN
NaN
NaN
NaN
NaN
NaN
NaN
NaN
NaN
NaN
NaN
NaN
NaN
NaN
NaN
NaN
NaN
NaN
NaN
NaN
NaN
NaN
NaN
NaN
NaN
NaN
NaN
NaN
NaN
NaN
NaN
NaN
NaN
NaN
NaN
NaN
NaN
NaN
NaN
NaN
NaN
NaN
NaN
NaN
NaN
NaN
NaN
NaN
NaN
NaN
NaN
NaN
NaN
NaN
NaN
NaN
NaN
NaN
NaN
NaN
NaN
NaN
NaN
NaN
NaN
NaN
NaN
NaN
NaN
NaN
NaN
NaN
NaN
NaN
NaN
NaN
NaN
NaN
NaN
NaN
NaN
NaN
NaN
NaN
NaN
NaN
NaN
NaN
NaN
NaN
NaN
NaN
NaN
NaN
NaN
NaN
NaN
NaN
NaN
NaN
NaN
NaN
NaN
NaN
NaN
NaN
NaN
NaN
NaN
NaN
NaN
NaN
NaN
NaN
NaN
NaN
NaN
NaN
NaN
NaN
NaN
NaN
NaN
NaN
NaN
NaN
NaN
NaN
NaN
NaN
NaN
NaN
NaN
NaN
NaN
NaN
NaN
NaN
NaN
NaN
NaN
NaN
NaN
NaN
NaN
NaN
NaN
NaN
NaN
NaN
NaN
NaN
NaN
NaN
NaN
NaN
NaN
NaN
NaN
NaN
NaN
NaN
NaN
NaN
NaN
NaN
NaN
NaN
NaN
NaN
NaN
NaN
NaN
NaN
NaN
NaN
NaN
NaN
NaN
NaN
NaN
NaN
NaN
NaN
NaN
NaN
NaN
NaN
NaN
NaN
NaN
NaN
NaN
NaN
NaN
NaN
NaN
NaN
NaN
NaN
NaN
NaN
NaN
NaN
NaN
NaN
NaN
NaN
NaN
NaN
NaN
NaN
NaN
NaN
NaN
NaN
NaN
NaN
NaN
NaN
NaN
NaN
NaN
NaN
NaN
NaN
NaN
NaN
NaN
NaN
NaN
NaN
NaN
NaN
NaN
NaN
NaN
NaN
NaN
NaN
NaN
NaN
NaN
NaN
NaN
NaN
NaN
NaN
NaN
NaN
NaN
NaN
NaN
NaN
NaN
NaN
NaN
NaN
NaN
NaN
NaN
NaN
NaN
NaN
NaN
NaN
NaN
NaN
NaN
NaN
NaN
NaN
NaN
NaN
NaN
NaN
NaN
NaN
NaN
NaN
NaN
NaN
NaN
NaN
NaN
NaN
NaN
NaN
NaN
NaN
NaN
NaN
NaN
NaN
NaN
NaN
NaN
NaN
NaN
NaN
NaN
NaN
NaN
NaN
NaN
NaN
NaN
NaN
NaN
NaN
NaN
NaN
NaN
NaN
NaN
NaN
NaN
NaN
NaN
NaN
NaN
NaN
NaN
NaN
NaN
NaN
NaN
NaN
NaN
NaN
NaN
NaN
NaN
NaN
NaN
NaN
NaN
NaN
NaN
NaN
NaN
NaN
NaN
NaN
NaN
NaN
NaN
NaN
NaN
NaN
NaN
NaN
NaN
NaN
NaN
NaN
NaN
NaN
NaN
NaN
NaN
NaN
NaN
NaN
NaN
NaN
NaN
NaN
NaN
NaN
NaN
NaN
NaN
NaN
NaN
NaN
NaN
NaN
NaN
NaN
NaN
NaN
NaN
NaN
NaN
NaN
NaN
NaN
NaN
NaN
NaN
NaN
NaN
NaN
NaN
NaN
NaN
NaN
NaN
NaN
NaN
NaN
NaN
NaN
NaN
NaN
NaN
NaN
NaN
NaN
NaN
NaN
NaN
NaN
NaN
NaN
NaN
NaN
NaN
NaN
NaN
NaN
NaN
NaN
NaN
NaN
NaN
NaN
NaN
NaN
NaN
NaN
NaN
NaN
NaN
NaN
NaN
NaN
NaN
NaN
NaN
NaN
NaN
NaN
NaN
NaN
NaN
NaN
NaN
NaN
NaN
NaN
NaN
NaN
NaN
NaN
NaN
NaN
NaN
NaN
NaN
NaN
NaN
NaN
NaN
NaN
NaN
NaN
NaN
NaN
NaN
NaN
NaN
