0.22500000000000003
0.11375
0.085
0.22875
0.145
0.17
0.07500000000000001
0.28625
0.27875
0.15000000000000002
0.13875
0.10875000000000001
0.165
0.14500000000000002
0.14500000000000002
0.14625000000000002
0.11000000000000001
0.135
0.08375
0.16999999999999998
0.18875
0.145
0.23374999999999999
0.0875
0.09375
0.165
0.05625
0.16
0.0875
0.12875
0.09875
0.2425
0.205
0.026250000000000002
0.16
0.16875000000000004
0.1575
0.25250000000000006
0.10875000000000001
0.2
0.16125
0.15375000000000003
0.10125
0.19375
0.08375
0.15375000000000003
0.21625
0.21500000000000002
0.18375
0.09375000000000001
0.054285714285714284
0.2857142857142857
0.21142857142857147
0.27714285714285714
0.13
0.15999999999999998
0.18285714285714286
0.08
0.16714285714285712
0.2314285714285714
0.19285714285714287
0.15857142857142856
0.18000000000000002
0.1442857142857143
0.22285714285714286
0.2342857142857143
0.43714285714285717
0.19142857142857145
0.32285714285714284
0.08285714285714287
0.36000000000000004
0.09142857142857144
0.09285714285714286
0.23285714285714285
0.14142857142857143
0.07000000000000002
0.26
0.07714285714285715
0.13142857142857142
0.2057142857142857
0.19714285714285712
0.1285714285714286
0.33571428571428574
0.1757142857142857
0.20142857142857146
0.20714285714285713
0.18
0.2642857142857143
0.23857142857142857
0.21714285714285714
0.3
0.10571428571428572
0.2328571428571429
0.2857142857142857
0.1542857142857143
0.11
0.08857142857142859
0.19285714285714287
0.2642857142857143
0.037142857142857144
0.13142857142857142
0.20428571428571432
0.12571428571428572
0.27
0.037142857142857144
0.15
0.06142857142857143
0.13
0.09285714285714286
0.16285714285714287
0.2
0.13142857142857142
0.1842857142857143
0.07
0.18142857142857144
0.1442857142857143
0.20285714285714287
0.06
0.17857142857142858
0.2228571428571429
0.18142857142857144
0.22857142857142856
0.15142857142857144
0.1242857142857143
0.08142857142857143
0.38
0.2928571428571428
0.1685714285714286
0.26285714285714284
0.2
0.19714285714285712
0.16571428571428573
0.21000000000000002
0.2342857142857143
0.1542857142857143
0.08428571428571428
0.3028571428571429
0.22285714285714286
0.22
0.2342857142857143
0.15714285714285717
0.12142857142857144
0.12285714285714286
0.2414285714285714
0.18714285714285714
0.2714285714285714
0.12142857142857144
0.1357142857142857
0.0642857142857143
0.045714285714285714
0.31
0.07285714285714287
0.18857142857142858
0.13428571428571429
0.20142857142857146
0.21000000000000002
0.05857142857142857
0.08285714285714287
0.06285714285714286
0.1985714285714286
0.37
0.057142857142857155
0.04
0.20285714285714285
0.17571428571428574
0.22714285714285715
0.23571428571428574
0.1685714285714286
0.11714285714285715
0.14285714285714285
0.17999999999999997
0.12714285714285714
0.1785714285714286
0.06571428571428571
0.0842857142857143
0.11714285714285713
0.05428571428571429
0.31
0.11571428571428573
0.02
0.1142857142857143
0.15714285714285717
0.16571428571428573
0.13999999999999999
0.12571428571428572
0.19142857142857142
0.10428571428571429
0.0842857142857143
0.17142857142857143
0.18571428571428572
0.27571428571428575
0.22714285714285715
0.2857142857142857
0.21000000000000002
0.10714285714285714
0.21428571428571427
0.1685714285714286
0.3085714285714286
0.10428571428571429
0.25
0.2628571428571429
0.06285714285714286
0.15
0.10142857142857144
0.2085714285714286
0.07714285714285715
0.20571428571428574
0.09571428571428571
0.10571428571428573
0.15857142857142859
0.2785714285714286
0.19285714285714287
0.12000000000000001
0.07285714285714286
0.1685714285714286
0.2957142857142857
0.22428571428571428
0.20857142857142857
0.35000000000000003
0.16999999999999998
0.11000000000000001
0.32
0.18714285714285714
0.1414285714285714
0.16714285714285712
0.16714285714285718
0.16285714285714287
0.2957142857142857
0.2642857142857143
0.15285714285714286
0.2942857142857143
0.20857142857142857
0.18
0.11571428571428573
0.11285714285714286
0.14857142857142858
0.20142857142857143
0.06142857142857142
0.29571428571428576
0.20714285714285713
0.17142857142857143
0.22428571428571425
0.3028571428571429
0.24714285714285714
0.11714285714285715
0.13142857142857142
0.13857142857142857
0.2057142857142857
0.24285714285714285
0.1742857142857143
0.24000000000000002
0.21428571428571427
0.13714285714285715
0.2942857142857143
0.14714285714285716
0.17142857142857143
0.11285714285714286
0.20571428571428574
0.14714285714285716
0.10857142857142857
0.12285714285714287
0.10285714285714286
0.21428571428571427
0.16999999999999998
0.2957142857142857
0.12571428571428572
0.08857142857142859
0.19
0.06571428571428573
0.1871428571428571
0.13571428571428573
0.10142857142857142
0.17428571428571432
0.2442857142857143
0.2
0.1457142857142857
0.10142857142857142
0.17714285714285719
0.12142857142857144
0.24142857142857146
0.20714285714285716
0.12142857142857144
0.1457142857142857
0.1857142857142857
0.04857142857142858
0.08857142857142859
0.16714285714285718
0.12571428571428572
0.3371428571428572
0.15571428571428572
0.23428571428571426
0.19714285714285712
0.25142857142857145
0.22142857142857145
0.08571428571428572
0.19571428571428573
0.19571428571428573
0.12571428571428572
0.018571428571428572
0.047142857142857146
0.18000000000000002
0.21714285714285714
0.12000000000000001
0.25142857142857145
0.2057142857142857
0.20714285714285713
0.16571428571428573
0.25285714285714284
0.13428571428571429
0.11285714285714286
0.2871428571428571
0.38999999999999996
0.3371428571428572
0.11142857142857142
0.19142857142857145
0.060000000000000005
0.09285714285714286
0.08285714285714287
0.057142857142857155
0.20142857142857143
0.07571428571428572
0.042857142857142864
0.19
0.08714285714285715
0.21428571428571433
0.1285714285714286
0.14857142857142858
0.1
0.19
0.13428571428571429
0.27142857142857146
0.08714285714285716
0.15857142857142856
0.2785714285714286
0.20857142857142857
0.02285714285714286
0.18571428571428572
0.27142857142857146
0.12142857142857144
0.22428571428571428
0.22428571428571428
0.16999999999999998
0.1757142857142857
0.22714285714285712
0.19142857142857145
0.17285714285714285
0.17285714285714288
0.27
0.19285714285714287
0.04857142857142858
0.13999999999999999
0.18285714285714288
0.1542857142857143
0.06142857142857144
0.26857142857142857
0.22
0.16714285714285718
0.09857142857142856
0.3657142857142857
0.21857142857142858
0.1742857142857143
0.05714285714285715
0.04571428571428572
0.1842857142857143
0.21285714285714283
0.08857142857142859
0.26285714285714284
0.29857142857142854
0.19142857142857145
0.22857142857142856
0.0642857142857143
0.12285714285714287
0.10142857142857142
0.20428571428571432
0.32
0.11714285714285715
0.1742857142857143
0.2957142857142857
0.26285714285714284
0.2385714285714286
0.25285714285714284
0.18857142857142856
0.11714285714285715
0.16999999999999998
0.25285714285714284
0.08571428571428573
0.12000000000000001
0.13285714285714284
0.12714285714285714
0.11
0.09142857142857144
0.13714285714285715
0.26142857142857145
0.20285714285714287
0.2214285714285714
0.07714285714285715
0.12285714285714287
0.41714285714285715
0.045714285714285714
0.2728571428571429
0.12428571428571429
0.058571428571428566
0.28
0.13571428571428573
0.09571428571428572
0.1285714285714286
0.07285714285714286
0.22
0.1242857142857143
0.15714285714285717
0.30142857142857143
0.20285714285714285
0.14857142857142858
0.21857142857142858
0.32714285714285707
0.12142857142857144
0.13285714285714284
0.24142857142857146
0.16142857142857145
0.16999999999999998
0.07571428571428572
0.025714285714285714
0.16714285714285718
0.24285714285714285
0.15571428571428572
0.11
0.21571428571428575
0.11714285714285715
0.44
0.15571428571428572
0.1942857142857143
0.10428571428571429
0.31
0.17714285714285719
0.2542857142857143
0.09571428571428572
0.11714285714285715
0.16285714285714287
0.21571428571428572
0.19428571428571426
0.14285714285714285
0.06857142857142859
0.1357142857142857
0.1442857142857143
0.11142857142857143
0.1842857142857143
0.16428571428571428
0.12142857142857144
0.36
0.20857142857142857
0.11000000000000001
0.18714285714285714
0.17857142857142858
0.14857142857142858
0.09142857142857143
0.16428571428571428
0.1842857142857143
0.17285714285714288
0.22428571428571428
0.18142857142857144
0.13857142857142857
0.10571428571428573
0.18857142857142858
0.04857142857142858
0.10142857142857144
0.24285714285714285
0.2357142857142857
0.16142857142857145
0.23285714285714287
0.17285714285714288
0.18142857142857144
0.2185714285714286
0.1542857142857143
0.20285714285714285
0.27571428571428575
0.12714285714285714
0.11
0.20428571428571432
0.2842857142857143
0.06857142857142857
0.17571428571428574
0.2842857142857143
0.18571428571428572
0.19142857142857142
0.028571428571428574
0.41285714285714287
0.18857142857142858
0.01
0.10285714285714286
0.35285714285714287
0.13000000000000003
0.14285714285714285
0.14714285714285716
0.21714285714285714
0.24428571428571427
0.17857142857142858
0.16285714285714284
0.07428571428571429
0.12285714285714287
0.05714285714285715
0.18714285714285714
0.24
0.1657142857142857
0.11857142857142856
0.4242857142857143
0.13142857142857142
0.15142857142857144
0.1942857142857143
0.4242857142857143
0.19285714285714287
0.1742857142857143
0.10285714285714286
0.16714285714285718
0.11000000000000001
0.18857142857142856
0.07
0.35428571428571426
0.2485714285714286
0.07857142857142858
0.21714285714285714
0.16142857142857142
0.1457142857142857
0.22999999999999998
0.11571428571428573
0.08857142857142856
0.1857142857142857
0.08285714285714287
0.08571428571428572
0.12714285714285714
0.17571428571428574
0.1542857142857143
0.21571428571428575
0.22142857142857145
0.16857142857142857
0.2485714285714286
0.1871428571428572
0.16285714285714284
0.07142857142857144
0.16571428571428573
0.10142857142857142
0.1457142857142857
0.22714285714285715
0.12714285714285717
0.1
0.15
0.16857142857142857
0.06857142857142859
0.3028571428571429
0.29571428571428576
0.12142857142857144
0.13714285714285715
0.20428571428571426
0.25571428571428567
0.11142857142857143
0.32285714285714284
0.03428571428571429
0.15857142857142859
0.2614285714285714
0.3385714285714286
0.23
0.22714285714285712
0.16714285714285712
0.16714285714285712
0.21142857142857144
0.20714285714285713
0.11571428571428573
0.12428571428571429
0.15285714285714286
0.1542857142857143
0.1842857142857143
0.22571428571428573
0.23285714285714287
0.07857142857142856
0.13000000000000003
0.19
0.16714285714285712
0.19999999999999998
0.047142857142857146
0.13999999999999999
0.23142857142857146
0.21
0.3228571428571429
0.04857142857142858
0.27
0.17285714285714288
0.26000000000000006
0.17714285714285713
0.08714285714285715
0.05285714285714286
0.04428571428571428
0.22
0.37999999999999995
0.15142857142857144
0.2
0.2085714285714286
0.11285714285714286
0.07999999999999999
0.35714285714285715
0.1242857142857143
0.1457142857142857
0.12714285714285714
0.27999999999999997
0.23714285714285713
0.07142857142857142
0.15142857142857144
0.16428571428571434
0.34
0.17142857142857143
0.05285714285714286
0.14285714285714285
0.15
0.21285714285714288
0.16142857142857142
0.19285714285714287
0.1357142857142857
0.16285714285714287
0.09000000000000001
0.32142857142857145
0.16285714285714287
0.1142857142857143
0.19857142857142857
0.22
0.16
0.20142857142857146
0.24714285714285714
0.21428571428571427
0.10142857142857142
0.21142857142857144
0.1357142857142857
0.045714285714285714
0.08285714285714287
0.16714285714285718
0.19285714285714287
0.044285714285714296
0.17142857142857146
0.3242857142857143
0.19999999999999998
0.13857142857142857
0.3171428571428571
0.15571428571428572
0.055714285714285716
0.18857142857142856
0.06714285714285714
0.24
0.2771428571428571
0.19142857142857145
0.20428571428571432
0.2342857142857143
0.15285714285714286
0.07857142857142858
0.15000000000000005
0.08714285714285716
0.2885714285714286
0.12857142857142856
0.22428571428571428
0.20142857142857146
0.23
0.08857142857142859
0.32285714285714284
0.05714285714285715
0.08142857142857143
0.19285714285714287
0.13
0.14714285714285716
0.24857142857142858
0.21142857142857147
0.0642857142857143
0.15714285714285717
0.15571428571428572
0.17142857142857146
0.009999999999999998
0.11285714285714286
0.06571428571428571
0.20142857142857143
0.18714285714285714
0.2285714285714286
0.08285714285714287
0.11714285714285713
0.2571428571428572
0.06571428571428571
0.21285714285714286
0.04
0.10857142857142857
0.23142857142857146
0.15285714285714286
0.13999999999999999
0.18142857142857144
0.24
0.13
0.14285714285714285
0.21571428571428572
0.3428571428571429
0.13285714285714287
0.2928571428571428
0.15142857142857144
0.18142857142857144
0.20857142857142863
0.31142857142857144
0.23571428571428574
0.23857142857142857
0.0942857142857143
0.25285714285714284
0.07714285714285715
0.2342857142857143
0.2
0.24571428571428572
0.20142857142857146
0.22285714285714286
0.15
0.07857142857142858
0.2185714285714286
0.14714285714285716
0.1657142857142857
0.46142857142857135
0.27999999999999997
0.1742857142857143
0.08571428571428573
0.042857142857142864
0.12142857142857144
0.20142857142857146
0.24285714285714288
0.07428571428571429
0.1685714285714286
0.16999999999999998
0.10714285714285716
0.06999999999999999
0.1742857142857143
0.21142857142857147
0.3714285714285714
0.07714285714285715
0.13714285714285715
0.35428571428571426
0.16142857142857145
0.28857142857142865
0.27285714285714285
0.09999999999999999
0.2285714285714286
0.20142857142857143
0.09000000000000001
0.05428571428571429
0.2
0.21857142857142858
0.09571428571428572
0.09571428571428572
0.21142857142857147
0.1357142857142857
0.18571428571428572
0.1542857142857143
0.1285714285714286
0.3357142857142857
NaN
NaN
NaN
NaN
NaN
NaN
NaN
NaN
NaN
NaN
NaN
NaN
NaN
NaN
NaN
NaN
NaN
NaN
NaN
NaN
NaN
NaN
NaN
NaN
NaN
NaN
NaN
NaN
NaN
NaN
NaN
NaN
NaN
NaN
NaN
NaN
NaN
NaN
NaN
NaN
NaN
NaN
NaN
NaN
NaN
NaN
NaN
NaN
NaN
NaN
NaN
NaN
NaN
NaN
NaN
NaN
NaN
NaN
NaN
NaN
NaN
NaN
NaN
NaN
NaN
NaN
NaN
NaN
NaN
NaN
NaN
NaN
NaN
NaN
NaN
NaN
NaN
NaN
NaN
NaN
NaN
NaN
NaN
NaN
NaN
NaN
NaN
NaN
NaN
NaN
NaN
NaN
NaN
NaN
NaN
NaN
NaN
NaN
NaN
NaN
NaN
NaN
NaN
NaN
NaN
NaN
NaN
NaN
NaN
NaN
NaN
NaN
NaN
NaN
NaN
NaN
NaN
NaN
NaN
NaN
NaN
NaN
NaN
NaN
NaN
NaN
NaN
NaN
NaN
NaN
NaN
NaN
NaN
NaN
NaN
NaN
NaN
NaN
NaN
NaN
NaN
NaN
NaN
NaN
NaN
NaN
NaN
NaN
NaN
NaN
NaN
NaN
NaN
NaN
NaN
NaN
NaN
NaN
NaN
NaN
NaN
NaN
NaN
NaN
NaN
NaN
NaN
NaN
NaN
NaN
NaN
NaN
NaN
NaN
NaN
NaN
NaN
NaN
NaN
NaN
NaN
NaN
NaN
NaN
NaN
NaN
NaN
NaN
NaN
NaN
NaN
NaN
NaN
NaN
NaN
NaN
NaN
NaN
NaN
NaN
NaN
NaN
NaN
NaN
NaN
NaN
NaN
NaN
NaN
NaN
NaN
NaN
NaN
NaN
NaN
NaN
NaN
NaN
NaN
NaN
NaN
NaN
NaN
NaN
NaN
NaN
NaN
NaN
NaN
NaN
NaN
NaN
NaN
NaN
NaN
NaN
NaN
NaN
NaN
NaN
NaN
NaN
NaN
NaN
NaN
NaN
NaN
NaN
NaN
NaN
NaN
NaN
NaN
NaN
NaN
NaN
NaN
NaN
NaN
NaN
NaN
NaN
NaN
NaN
NaN
NaN
NaN
NaN
NaN
NaN
NaN
NaN
NaN
NaN
NaN
NaN
NaN
NaN
NaN
NaN
NaN
NaN
NaN
NaN
NaN
NaN
NaN
NaN
NaN
NaN
NaN
NaN
NaN
NaN
NaN
NaN
NaN
NaN
NaN
NaN
NaN
NaN
NaN
NaN
NaN
NaN
NaN
NaN
NaN
NaN
NaN
NaN
NaN
NaN
NaN
NaN
NaN
NaN
NaN
NaN
NaN
NaN
NaN
NaN
NaN
NaN
NaN
NaN
NaN
NaN
NaN
NaN
NaN
NaN
NaN
NaN
NaN
NaN
NaN
NaN
NaN
NaN
NaN
NaN
NaN
NaN
NaN
NaN
NaN
NaN
NaN
NaN
NaN
NaN
NaN
NaN
NaN
NaN
NaN
NaN
NaN
NaN
NaN
NaN
NaN
NaN
NaN
NaN
NaN
NaN
NaN
NaN
NaN
NaN
NaN
NaN
NaN
NaN
NaN
NaN
NaN
NaN
NaN
NaN
NaN
NaN
NaN
NaN
NaN
NaN
NaN
NaN
NaN
NaN
NaN
NaN
NaN
NaN
NaN
NaN
NaN
NaN
NaN
NaN
NaN
NaN
NaN
NaN
NaN
NaN
NaN
NaN
NaN
NaN
NaN
NaN
NaN
NaN
NaN
NaN
NaN
NaN
NaN
NaN
NaN
NaN
NaN
NaN
NaN
NaN
NaN
NaN
NaN
NaN
NaN
NaN
NaN
NaN
NaN
NaN
NaN
NaN
NaN
NaN
NaN
NaN
NaN
NaN
NaN
NaN
NaN
NaN
NaN
NaN
NaN
NaN
NaN
NaN
NaN
NaN
NaN
NaN
NaN
NaN
NaN
NaN
NaN
NaN
NaN
NaN
NaN
NaN
NaN
NaN
NaN
NaN
NaN
NaN
NaN
NaN
NaN
NaN
NaN
NaN
NaN
NaN
NaN
NaN
NaN
NaN
NaN
NaN
NaN
NaN
NaN
NaN
NaN
NaN
NaN
NaN
NaN
NaN
NaN
NaN
NaN
NaN
NaN
NaN
NaN
NaN
NaN
NaN
NaN
NaN
NaN
NaN
NaN
NaN
NaN
NaN
NaN
NaN
NaN
NaN
NaN
NaN
NaN
NaN
NaN
NaN
NaN
NaN
NaN
NaN
NaN
NaN
NaN
NaN
NaN
NaN
NaN
NaN
NaN
NaN
NaN
NaN
NaN
NaN
NaN
NaN
NaN
NaN
NaN
NaN
NaN
NaN
NaN
NaN
NaN
NaN
NaN
NaN
NaN
NaN
NaN
NaN
NaN
NaN
NaN
NaN
NaN
NaN
NaN
NaN
NaN
NaN
NaN
NaN
NaN
NaN
NaN
NaN
NaN
NaN
NaN
NaN
NaN
NaN
NaN
NaN
NaN
NaN
NaN
NaN
NaN
NaN
NaN
NaN
NaN
NaN
NaN
NaN
NaN
NaN
NaN
NaN
NaN
NaN
NaN
NaN
NaN
NaN
NaN
NaN
NaN
NaN
NaN
NaN
NaN
NaN
NaN
NaN
NaN
NaN
NaN
NaN
NaN
NaN
NaN
NaN
NaN
NaN
NaN
NaN
NaN
NaN
NaN
NaN
NaN
NaN
NaN
NaN
NaN
NaN
NaN
NaN
NaN
NaN
NaN
NaN
NaN
NaN
NaN
NaN
NaN
NaN
NaN
NaN
NaN
NaN
NaN
NaN
NaN
NaN
NaN
NaN
NaN
NaN
NaN
NaN
NaN
NaN
NaN
NaN
NaN
NaN
NaN
NaN
NaN
NaN
NaN
NaN
NaN
NaN
NaN
NaN
NaN
NaN
NaN
NaN
NaN
NaN
NaN
NaN
NaN
NaN
NaN
NaN
NaN
NaN
NaN
NaN
NaN
NaN
NaN
NaN
NaN
NaN
NaN
NaN
NaN
NaN
NaN
NaN
NaN
NaN
NaN
NaN
NaN
NaN
NaN
NaN
NaN
NaN
NaN
NaN
NaN
NaN
NaN
NaN
NaN
NaN
NaN
NaN
NaN
NaN
NaN
NaN
NaN
NaN
NaN
NaN
NaN
NaN
NaN
NaN
NaN
NaN
NaN
NaN
NaN
NaN
NaN
NaN
NaN
NaN
NaN
NaN
NaN
NaN
NaN
NaN
NaN
NaN
NaN
NaN
NaN
NaN
NaN
NaN
NaN
NaN
NaN
NaN
NaN
NaN
NaN
NaN
NaN
NaN
NaN
NaN
NaN
NaN
NaN
NaN
NaN
NaN
NaN
NaN
NaN
NaN
NaN
NaN
NaN
NaN
NaN
NaN
NaN
NaN
NaN
NaN
NaN
NaN
NaN
NaN
NaN
NaN
NaN
NaN
NaN
NaN
NaN
NaN
NaN
NaN
NaN
NaN
NaN
NaN
NaN
NaN
NaN
NaN
NaN
NaN
NaN
NaN
NaN
NaN
NaN
NaN
NaN
NaN
NaN
NaN
NaN
NaN
NaN
NaN
NaN
NaN
NaN
NaN
NaN
NaN
NaN
NaN
NaN
NaN
NaN
NaN
NaN
NaN
NaN
NaN
NaN
NaN
NaN
NaN
NaN
NaN
NaN
NaN
NaN
NaN
NaN
NaN
NaN
NaN
NaN
NaN
NaN
NaN
NaN
NaN
NaN
NaN
NaN
NaN
NaN
NaN
NaN
NaN
NaN
NaN
NaN
NaN
NaN
NaN
NaN
NaN
NaN
NaN
NaN
NaN
NaN
NaN
NaN
NaN
NaN
NaN
NaN
NaN
NaN
NaN
NaN
NaN
NaN
NaN
NaN
NaN
NaN
NaN
NaN
NaN
NaN
NaN
NaN
NaN
NaN
NaN
NaN
NaN
NaN
NaN
NaN
NaN
NaN
NaN
NaN
NaN
NaN
NaN
NaN
NaN
NaN
NaN
NaN
NaN
NaN
NaN
NaN
NaN
NaN
NaN
NaN
NaN
NaN
NaN
NaN
NaN
NaN
NaN
NaN
NaN
NaN
NaN
NaN
NaN
NaN
NaN
NaN
NaN
NaN
NaN
NaN
NaN
NaN
NaN
NaN
NaN
NaN
NaN
NaN
NaN
NaN
NaN
NaN
NaN
NaN
NaN
NaN
NaN
NaN
NaN
NaN
NaN
NaN
NaN
NaN
NaN
NaN
NaN
NaN
NaN
NaN
NaN
NaN
NaN
NaN
NaN
NaN
NaN
NaN
NaN
NaN
NaN
NaN
NaN
NaN
NaN
NaN
NaN
NaN
NaN
NaN
NaN
NaN
NaN
NaN
NaN
NaN
NaN
NaN
NaN
NaN
NaN
NaN
NaN
NaN
NaN
NaN
NaN
NaN
NaN
NaN
NaN
NaN
NaN
NaN
NaN
NaN
NaN
NaN
NaN
NaN
NaN
NaN
NaN
NaN
NaN
NaN
NaN
NaN
NaN
NaN
NaN
NaN
NaN
NaN
NaN
NaN
NaN
NaN
NaN
NaN
NaN
NaN
NaN
NaN
NaN
NaN
NaN
NaN
NaN
NaN
NaN
NaN
NaN
NaN
NaN
NaN
NaN
NaN
NaN
NaN
NaN
NaN
NaN
NaN
NaN
NaN
NaN
NaN
NaN
NaN
NaN
NaN
NaN
NaN
NaN
NaN
NaN
NaN
NaN
NaN
NaN
NaN
NaN
NaN
NaN
NaN
NaN
NaN
NaN
NaN
NaN
NaN
NaN
NaN
NaN
NaN
NaN
NaN
NaN
NaN
NaN
NaN
NaN
NaN
NaN
NaN
NaN
NaN
NaN
NaN
NaN
NaN
NaN
NaN
NaN
NaN
NaN
NaN
NaN
NaN
NaN
NaN
NaN
NaN
NaN
NaN
NaN
NaN
NaN
NaN
NaN
NaN
NaN
NaN
NaN
NaN
NaN
NaN
NaN
NaN
NaN
NaN
NaN
NaN
NaN
NaN
NaN
NaN
NaN
NaN
NaN
NaN
NaN
NaN
NaN
NaN
NaN
NaN
NaN
NaN
NaN
NaN
NaN
NaN
NaN
NaN
NaN
NaN
NaN
NaN
NaN
NaN
NaN
NaN
NaN
NaN
NaN
NaN
NaN
NaN
NaN
NaN
NaN
NaN
NaN
NaN
NaN
NaN
NaN
NaN
NaN
NaN
NaN
NaN
NaN
NaN
NaN
NaN
NaN
NaN
NaN
NaN
NaN
NaN
NaN
NaN
NaN
NaN
NaN
NaN
NaN
NaN
NaN
NaN
NaN
NaN
NaN
NaN
NaN
NaN
NaN
NaN
NaN
NaN
NaN
NaN
NaN
NaN
NaN
NaN
NaN
NaN
NaN
NaN
NaN
NaN
NaN
NaN
NaN
NaN
NaN
NaN
NaN
NaN
NaN
NaN
NaN
NaN
NaN
NaN
NaN
NaN
NaN
NaN
NaN
NaN
NaN
NaN
NaN
NaN
NaN
NaN
NaN
NaN
NaN
NaN
NaN
NaN
NaN
NaN
NaN
NaN
NaN
NaN
NaN
NaN
NaN
NaN
NaN
NaN
NaN
NaN
NaN
NaN
NaN
NaN
NaN
NaN
NaN
NaN
NaN
NaN
NaN
NaN
NaN
NaN
NaN
NaN
NaN
NaN
NaN
NaN
NaN
NaN
NaN
NaN
NaN
NaN
NaN
NaN
NaN
NaN
NaN
NaN
NaN
NaN
NaN
NaN
NaN
NaN
NaN
NaN
NaN
NaN
NaN
NaN
NaN
NaN
NaN
NaN
NaN
NaN
NaN
NaN
NaN
NaN
NaN
NaN
NaN
NaN
NaN
NaN
NaN
NaN
NaN
NaN
NaN
NaN
NaN
NaN
NaN
NaN
NaN
NaN
NaN
NaN
NaN
NaN
NaN
NaN
NaN
NaN
NaN
NaN
NaN
NaN
NaN
NaN
NaN
NaN
NaN
NaN
NaN
NaN
NaN
NaN
NaN
NaN
NaN
NaN
NaN
NaN
NaN
NaN
NaN
NaN
NaN
NaN
NaN
NaN
NaN
NaN
NaN
NaN
NaN
NaN
NaN
NaN
NaN
NaN
NaN
NaN
NaN
NaN
NaN
NaN
NaN
NaN
NaN
NaN
NaN
NaN
NaN
NaN
NaN
NaN
NaN
NaN
NaN
NaN
NaN
NaN
NaN
NaN
NaN
NaN
NaN
NaN
NaN
NaN
NaN
NaN
NaN
NaN
NaN
NaN
NaN
NaN
NaN
NaN
NaN
NaN
NaN
NaN
NaN
NaN
NaN
NaN
NaN
NaN
NaN
NaN
NaN
NaN
NaN
NaN
NaN
NaN
NaN
NaN
NaN
NaN
NaN
NaN
NaN
NaN
NaN
NaN
NaN
NaN
NaN
NaN
NaN
NaN
NaN
NaN
NaN
NaN
NaN
NaN
NaN
NaN
NaN
NaN
NaN
NaN
NaN
NaN
NaN
NaN
NaN
NaN
NaN
NaN
NaN
NaN
NaN
NaN
NaN
NaN
NaN
NaN
NaN
NaN
NaN
NaN
NaN
NaN
NaN
NaN
NaN
NaN
NaN
NaN
NaN
NaN
NaN
NaN
NaN
NaN
NaN
NaN
NaN
NaN
NaN
NaN
NaN
NaN
NaN
NaN
NaN
NaN
NaN
NaN
NaN
NaN
NaN
NaN
NaN
NaN
NaN
NaN
NaN
NaN
NaN
NaN
NaN
NaN
NaN
NaN
NaN
NaN
NaN
NaN
NaN
NaN
NaN
NaN
NaN
NaN
NaN
NaN
NaN
NaN
NaN
NaN
NaN
NaN
NaN
NaN
NaN
NaN
NaN
NaN
NaN
NaN
NaN
NaN
NaN
NaN
NaN
NaN
NaN
NaN
NaN
NaN
NaN
NaN
NaN
NaN
NaN
NaN
NaN
NaN
NaN
NaN
NaN
NaN
NaN
NaN
NaN
NaN
NaN
NaN
NaN
NaN
NaN
NaN
NaN
NaN
NaN
NaN
NaN
NaN
NaN
NaN
NaN
NaN
NaN
NaN
NaN
NaN
NaN
NaN
NaN
NaN
NaN
NaN
NaN
NaN
NaN
NaN
NaN
NaN
NaN
NaN
NaN
NaN
NaN
NaN
NaN
NaN
NaN
NaN
NaN
NaN
NaN
NaN
NaN
NaN
NaN
NaN
NaN
NaN
NaN
NaN
NaN
NaN
NaN
NaN
NaN
NaN
NaN
NaN
NaN
NaN
NaN
NaN
NaN
NaN
NaN
NaN
NaN
NaN
NaN
NaN
NaN
NaN
NaN
NaN
NaN
NaN
NaN
NaN
NaN
NaN
NaN
NaN
NaN
NaN
NaN
NaN
NaN
NaN
NaN
NaN
NaN
NaN
NaN
NaN
NaN
NaN
NaN
NaN
NaN
NaN
NaN
NaN
NaN
NaN
NaN
NaN
NaN
NaN
NaN
NaN
NaN
NaN
NaN
NaN
NaN
NaN
NaN
