0.21999999999999997
0.18812500000000001
0.27125
0.25625
0.323125
0.26625000000000004
0.25
0.125
0.3125
0.19
0.21812499999999999
0.18062499999999998
0.13999999999999999
0.22875
0.1625
0.28500000000000003
0.26125000000000004
0.12187499999999998
0.19874999999999998
0.16562500000000002
0.15874999999999997
0.13499999999999995
0.114375
0.29437499999999994
0.27375
0.1475
0.14
0.22062500000000002
0.064375
0.48124999999999996
0.18375
0.20750000000000002
0.14937499999999998
0.07750000000000001
0.17625
0.1875
0.281875
0.35812499999999997
0.480625
0.19749999999999998
0.15937500000000002
0.20625
0.21187499999999998
0.280625
0.31
0.17375
0.1625
0.17124999999999999
0.37625000000000003
0.23625
0.215
0.2392857142857143
0.2442857142857143
0.1764285714285714
0.18714285714285714
0.18928571428571428
0.44642857142857145
0.4
0.17999999999999997
0.23214285714285715
0.3164285714285714
0.20857142857142857
0.1442857142857143
0.18857142857142858
0.29642857142857143
0.1535714285714286
0.24285714285714288
0.24
0.1514285714285714
0.16071428571428573
0.25142857142857145
0.22714285714285712
0.2342857142857143
0.10642857142857144
0.43142857142857144
0.21428571428571427
0.1871428571428572
0.2757142857142857
0.2392857142857143
0.09428571428571428
0.3592857142857143
0.3385714285714286
0.20214285714285712
0.2407142857142857
0.06571428571428573
0.2564285714285714
0.2292857142857143
0.24214285714285713
0.4085714285714285
0.2207142857142857
0.22928571428571426
0.33285714285714285
0.2742857142857143
0.21428571428571425
0.11642857142857144
0.16785714285714287
0.23999999999999996
0.15857142857142856
0.2921428571428572
0.2207142857142857
0.20285714285714285
0.22714285714285715
0.20714285714285713
0.12285714285714286
0.28285714285714286
0.2571428571428571
0.19
0.255
0.2571428571428571
0.17
0.3607142857142857
0.2342857142857143
0.25285714285714284
0.2614285714285714
0.2521428571428571
0.2942857142857143
0.1442857142857143
0.3628571428571428
0.26285714285714284
0.10357142857142856
0.2742857142857143
0.20642857142857143
0.255
0.2357142857142857
0.24642857142857144
0.105
0.1514285714285714
0.19928571428571432
0.3207142857142857
0.15428571428571428
0.22999999999999998
0.2314285714285714
0.1764285714285714
0.29000000000000004
0.22714285714285715
0.2007142857142857
0.1657142857142857
0.08499999999999999
0.1807142857142857
0.21357142857142855
0.2885714285714286
0.16999999999999998
0.195
0.2642857142857143
0.13642857142857143
0.24428571428571427
0.1457142857142857
0.28
0.25785714285714284
0.17214285714285715
0.31071428571428567
0.10071428571428573
0.2978571428571429
0.16071428571428573
0.15214285714285714
0.16428571428571428
0.16785714285714287
0.17500000000000002
0.21857142857142856
0.1
0.07571428571428572
0.12928571428571428
0.165
0.31857142857142856
0.25785714285714284
0.12928571428571428
0.2535714285714285
0.23785714285714282
0.2935714285714286
0.14071428571428574
0.2592857142857143
0.23357142857142857
0.4735714285714286
0.23714285714285716
0.16785714285714287
0.185
0.25642857142857145
0.3307142857142857
0.1764285714285714
0.24642857142857144
0.15214285714285716
0.13214285714285715
0.14857142857142858
0.3271428571428571
0.02857142857142857
0.2442857142857143
0.09428571428571429
0.13285714285714284
0.19285714285714287
0.1971428571428571
0.3285714285714286
0.17285714285714288
0.06928571428571428
0.11285714285714285
0.28428571428571425
0.17642857142857143
0.13214285714285715
0.21571428571428575
0.3485714285714286
0.165
0.2657142857142857
0.14785714285714285
0.19928571428571432
0.22785714285714284
0.26785714285714285
0.25785714285714284
0.16071428571428573
0.3221428571428571
0.17857142857142858
0.10142857142857142
0.28785714285714287
0.295
0.10071428571428573
0.2464285714285714
0.25214285714285717
0.2514285714285714
0.22642857142857142
0.14285714285714285
0.2314285714285714
0.16714285714285712
0.37714285714285717
0.2335714285714286
0.15857142857142856
0.26142857142857145
0.2414285714285714
0.075
0.1457142857142857
0.2657142857142857
0.1285714285714286
0.21714285714285714
0.2378571428571429
0.295
0.31499999999999995
0.3535714285714286
0.27499999999999997
0.26857142857142857
0.23642857142857146
0.13857142857142857
0.16999999999999998
0.24642857142857144
0.18214285714285716
0.21428571428571427
0.15928571428571428
0.23714285714285716
0.3385714285714286
0.26571428571428574
0.2535714285714286
0.26428571428571423
0.25285714285714284
0.19142857142857142
0.3178571428571429
0.12
0.295
0.2957142857142857
0.24714285714285714
0.24357142857142858
0.27999999999999997
0.35642857142857143
0.20714285714285713
0.11285714285714286
0.1764285714285714
0.17714285714285713
0.22357142857142856
0.2392857142857143
0.23428571428571426
0.2942857142857143
0.2671428571428572
0.11357142857142856
0.2857142857142857
0.27071428571428574
0.12214285714285714
0.21142857142857144
0.07357142857142858
0.30500000000000005
0.3285714285714286
0.21428571428571427
0.1564285714285714
0.1757142857142857
0.3192857142857143
0.2057142857142857
0.2542857142857143
0.17785714285714288
0.12214285714285715
0.22571428571428573
0.22071428571428567
0.14857142857142858
0.10142857142857142
0.13
0.24357142857142855
0.2171428571428571
0.10357142857142856
0.21928571428571425
0.2542857142857143
0.23285714285714287
0.3264285714285714
0.23285714285714287
0.27
0.21071428571428572
0.17285714285714288
0.14714285714285716
0.4192857142857143
0.21428571428571427
0.3157142857142857
0.2807142857142857
0.31428571428571433
0.4278571428571429
0.2714285714285714
0.23285714285714285
0.23714285714285716
0.085
0.185
0.24214285714285713
0.2814285714285715
0.2207142857142857
0.2885714285714286
0.22642857142857145
0.28928571428571426
0.25214285714285717
0.15785714285714286
0.23214285714285712
0.14857142857142855
0.20357142857142857
0.16999999999999998
0.14
0.23571428571428574
0.105
0.13214285714285717
0.18857142857142856
0.2957142857142857
0.3278571428571429
0.11714285714285713
0.12071428571428573
0.11714285714285715
0.2557142857142857
0.24928571428571428
0.195
0.22214285714285717
0.03785714285714286
0.195
0.10714285714285716
0.19142857142857145
0.10214285714285713
0.295
0.42857142857142855
0.1807142857142857
0.4100000000000001
0.2507142857142857
0.16142857142857142
0.29928571428571427
0.2785714285714285
0.09714285714285713
0.2571428571428572
0.14
0.1764285714285714
0.28857142857142853
0.28500000000000003
0.16071428571428573
0.25999999999999995
0.3507142857142857
0.2735714285714286
0.18785714285714286
0.1457142857142857
0.19
0.26357142857142857
0.255
0.3085714285714286
0.16928571428571426
0.1392857142857143
0.2664285714285714
0.20428571428571432
0.17928571428571427
0.21357142857142858
0.22999999999999995
0.2307142857142857
0.29214285714285715
0.21214285714285713
0.16214285714285714
0.22500000000000003
0.18142857142857144
0.06714285714285716
0.19499999999999998
0.31
0.19714285714285712
0.3021428571428571
0.15214285714285716
0.36214285714285716
0.23214285714285707
0.16071428571428573
0.3028571428571428
0.2828571428571428
0.3242857142857143
0.355
0.26571428571428574
0.30785714285714283
0.19785714285714281
0.23785714285714282
0.3964285714285714
0.16285714285714284
0.21785714285714283
0.26857142857142857
0.15285714285714286
0.24357142857142855
0.24500000000000002
0.3471428571428571
0.27214285714285713
0.22999999999999998
0.145
0.13428571428571429
0.1357142857142857
0.15142857142857144
0.12000000000000001
0.25785714285714284
0.3271428571428571
0.2057142857142857
0.3178571428571428
0.15285714285714283
0.11714285714285713
0.32642857142857146
0.16714285714285712
0.15928571428571422
0.145
0.3142857142857142
0.19714285714285712
0.22428571428571425
0.26999999999999996
0.3335714285714286
0.20857142857142857
0.2842857142857143
0.15
0.15642857142857144
0.2414285714285714
0.27071428571428574
0.1764285714285714
0.2771428571428572
0.24142857142857146
0.1757142857142857
0.21642857142857141
0.10357142857142858
0.19285714285714287
0.12285714285714286
0.17214285714285715
0.2292857142857143
0.23999999999999996
0.15071428571428572
0.2642857142857143
0.1192857142857143
0.1492857142857143
0.14857142857142858
0.145
0.2357142857142857
0.12928571428571428
0.26142857142857145
0.11928571428571429
0.35214285714285715
0.32071428571428573
0.23928571428571432
0.155
0.2285714285714286
0.14285714285714285
0.24857142857142858
0.05500000000000001
0.17857142857142858
0.15214285714285714
0.15214285714285714
0.21857142857142858
0.23714285714285713
0.1757142857142857
0.17642857142857143
0.08928571428571429
0.19
0.37928571428571434
0.24571428571428572
0.16142857142857142
0.3242857142857143
0.24
0.29071428571428565
0.2928571428571428
0.10642857142857143
0.3442857142857143
0.24428571428571427
0.3085714285714286
0.07428571428571429
0.16
0.22428571428571428
0.15142857142857144
0.09214285714285715
0.11357142857142857
0.37071428571428566
0.18928571428571428
0.19
0.1
0.20857142857142857
0.2700000000000001
0.20214285714285715
0.17785714285714285
0.12785714285714286
0.21000000000000002
0.31214285714285717
0.395
0.23285714285714285
0.24857142857142858
0.33571428571428574
0.3464285714285714
0.24285714285714283
0.14214285714285715
0.3442857142857143
0.29928571428571427
0.19
0.3578571428571428
0.3307142857142857
0.31214285714285717
0.24357142857142855
0.16428571428571428
0.15999999999999995
0.18928571428571425
0.2835714285714286
0.19214285714285714
0.2564285714285714
0.2642857142857143
0.2614285714285714
0.16928571428571426
0.17214285714285715
0.06785714285714287
0.29928571428571427
0.29714285714285715
0.1492857142857143
0.28214285714285714
0.3321428571428572
0.24428571428571427
0.10357142857142858
0.14928571428571427
0.25785714285714284
0.12714285714285714
0.19
0.24357142857142852
0.1685714285714286
0.4728571428571429
0.19785714285714287
0.20142857142857137
0.29999999999999993
0.29714285714285715
0.2664285714285714
0.21999999999999997
0.2185714285714286
0.2892857142857143
0.3742857142857143
0.36571428571428577
0.25
0.18214285714285713
0.28928571428571426
0.2842857142857143
0.21428571428571427
0.4692857142857143
0.08071428571428571
0.16857142857142857
0.2957142857142857
0.22714285714285712
0.09142857142857141
0.37142857142857144
0.22214285714285711
0.14285714285714288
0.1992857142857143
0.2914285714285714
0.3871428571428572
0.2992857142857143
0.34285714285714286
0.37
0.1907142857142857
0.18357142857142852
0.14785714285714285
0.16285714285714284
0.16785714285714287
0.27285714285714285
0.19857142857142857
0.15714285714285717
0.2842857142857143
0.3157142857142857
0.20571428571428574
0.1957142857142857
0.3007142857142857
0.1392857142857143
0.33928571428571436
0.215
0.20357142857142857
0.225
0.12214285714285715
0.3207142857142857
0.29714285714285715
0.2657142857142857
0.2228571428571429
0.27
0.32357142857142857
0.17071428571428574
0.35714285714285715
0.2728571428571428
0.26785714285714285
0.07357142857142858
0.24857142857142858
0.29642857142857143
0.12928571428571428
0.31142857142857144
0.16214285714285712
0.19285714285714287
0.4735714285714286
0.09428571428571429
0.205
0.20500000000000002
0.18214285714285716
0.3514285714285714
0.2107142857142857
0.12571428571428572
0.2735714285714285
0.15428571428571428
0.3742857142857143
0.11857142857142858
0.18285714285714286
0.25142857142857145
0.06785714285714287
0.057857142857142864
0.18999999999999997
0.16071428571428573
0.1492857142857143
0.10285714285714287
0.17357142857142852
0.26071428571428573
0.2757142857142857
0.255
0.14142857142857143
0.24357142857142855
0.22999999999999998
0.22142857142857145
0.12785714285714286
0.12571428571428572
0.3407142857142857
0.13999999999999999
0.3057142857142857
0.15642857142857142
0.13785714285714284
0.2057142857142857
0.2885714285714286
0.135
0.26214285714285707
0.21285714285714286
0.22857142857142856
0.2257142857142857
0.07071428571428572
0.11142857142857143
0.31428571428571433
0.2
0.14285714285714285
0.15714285714285717
0.1614285714285714
0.24928571428571428
0.3221428571428571
0.09571428571428571
0.14142857142857143
0.15928571428571428
0.13785714285714287
0.22285714285714286
0.3328571428571428
0.30214285714285716
0.14928571428571427
0.07428571428571429
0.2278571428571428
0.15642857142857142
0.2885714285714286
0.315
0.07642857142857143
0.29857142857142854
0.29214285714285715
0.3321428571428572
0.37
0.23357142857142854
0.15571428571428572
0.26857142857142857
0.18785714285714286
0.45928571428571424
0.1457142857142857
0.18571428571428572
0.19999999999999998
0.35714285714285715
0.17142857142857143
0.2871428571428572
0.33
0.13928571428571432
0.3071428571428571
0.09071428571428572
0.2364285714285714
0.13571428571428573
0.2542857142857143
0.2735714285714286
0.0735714285714286
0.15357142857142855
0.21142857142857144
0.27071428571428574
0.3464285714285714
0.35999999999999993
0.14857142857142858
0.2107142857142857
0.21357142857142855
0.20214285714285715
0.2057142857142857
0.18142857142857144
0.16285714285714284
0.17285714285714285
0.31428571428571433
0.3335714285714285
0.34214285714285714
0.3364285714285714
0.2
0.2578571428571429
0.225
0.07785714285714286
0.15142857142857144
0.3178571428571429
0.1285714285714286
0.29071428571428565
0.155
0.14999999999999997
0.2878571428571428
0.12714285714285714
0.19642857142857142
0.48428571428571426
0.17285714285714282
0.24071428571428571
0.265
0.265
0.27571428571428575
0.25785714285714284
0.3257142857142857
0.1857142857142857
0.18857142857142856
0.16785714285714287
0.2007142857142857
0.155
0.22642857142857142
0.34071428571428575
0.1871428571428571
0.13714285714285715
0.15071428571428575
0.15642857142857142
0.2592857142857143
0.21285714285714283
0.38785714285714284
0.27785714285714286
0.13714285714285715
0.04357142857142857
0.16428571428571428
0.20500000000000002
0.12642857142857145
NaN
NaN
NaN
NaN
NaN
NaN
NaN
NaN
NaN
NaN
NaN
NaN
NaN
NaN
NaN
NaN
NaN
NaN
NaN
NaN
NaN
NaN
NaN
NaN
NaN
NaN
NaN
NaN
NaN
NaN
NaN
NaN
NaN
NaN
NaN
NaN
NaN
NaN
NaN
NaN
NaN
NaN
NaN
NaN
NaN
NaN
NaN
NaN
NaN
NaN
NaN
NaN
NaN
NaN
NaN
NaN
NaN
NaN
NaN
NaN
NaN
NaN
NaN
NaN
NaN
NaN
NaN
NaN
NaN
NaN
NaN
NaN
NaN
NaN
NaN
NaN
NaN
NaN
NaN
NaN
NaN
NaN
NaN
NaN
NaN
NaN
NaN
NaN
NaN
NaN
NaN
NaN
NaN
NaN
NaN
NaN
NaN
NaN
NaN
NaN
NaN
NaN
NaN
NaN
NaN
NaN
NaN
NaN
NaN
NaN
NaN
NaN
NaN
NaN
NaN
NaN
NaN
NaN
NaN
NaN
NaN
NaN
NaN
NaN
NaN
NaN
NaN
NaN
NaN
NaN
NaN
NaN
NaN
NaN
NaN
NaN
NaN
NaN
NaN
NaN
NaN
NaN
NaN
NaN
NaN
NaN
NaN
NaN
NaN
NaN
NaN
NaN
NaN
NaN
NaN
NaN
NaN
NaN
NaN
NaN
NaN
NaN
NaN
NaN
NaN
NaN
NaN
NaN
NaN
NaN
NaN
NaN
NaN
NaN
NaN
NaN
NaN
NaN
NaN
NaN
NaN
NaN
NaN
NaN
NaN
NaN
NaN
NaN
NaN
NaN
NaN
NaN
NaN
NaN
NaN
NaN
NaN
NaN
NaN
NaN
NaN
NaN
NaN
NaN
NaN
NaN
NaN
NaN
NaN
NaN
NaN
NaN
NaN
NaN
NaN
NaN
NaN
NaN
NaN
NaN
NaN
NaN
NaN
NaN
NaN
NaN
NaN
NaN
NaN
NaN
NaN
NaN
NaN
NaN
NaN
NaN
NaN
NaN
NaN
NaN
NaN
NaN
NaN
NaN
NaN
NaN
NaN
NaN
NaN
NaN
NaN
NaN
NaN
NaN
NaN
NaN
NaN
NaN
NaN
NaN
NaN
NaN
NaN
NaN
NaN
NaN
NaN
NaN
NaN
NaN
NaN
NaN
NaN
NaN
NaN
NaN
NaN
NaN
NaN
NaN
NaN
NaN
NaN
NaN
NaN
NaN
NaN
NaN
NaN
NaN
NaN
NaN
NaN
NaN
NaN
NaN
NaN
NaN
NaN
NaN
NaN
NaN
NaN
NaN
NaN
NaN
NaN
NaN
NaN
NaN
NaN
NaN
NaN
NaN
NaN
NaN
NaN
NaN
NaN
NaN
NaN
NaN
NaN
NaN
NaN
NaN
NaN
NaN
NaN
NaN
NaN
NaN
NaN
NaN
NaN
NaN
NaN
NaN
NaN
NaN
NaN
NaN
NaN
NaN
NaN
NaN
NaN
NaN
NaN
NaN
NaN
NaN
NaN
NaN
NaN
NaN
NaN
NaN
NaN
NaN
NaN
NaN
NaN
NaN
NaN
NaN
NaN
NaN
NaN
NaN
NaN
NaN
NaN
NaN
NaN
NaN
NaN
NaN
NaN
NaN
NaN
NaN
NaN
NaN
NaN
NaN
NaN
NaN
NaN
NaN
NaN
NaN
NaN
NaN
NaN
NaN
NaN
NaN
NaN
NaN
NaN
NaN
NaN
NaN
NaN
NaN
NaN
NaN
NaN
NaN
NaN
NaN
NaN
NaN
NaN
NaN
NaN
NaN
NaN
NaN
NaN
NaN
NaN
NaN
NaN
NaN
NaN
NaN
NaN
NaN
NaN
NaN
NaN
NaN
NaN
NaN
NaN
NaN
NaN
NaN
NaN
NaN
NaN
NaN
NaN
NaN
NaN
NaN
NaN
NaN
NaN
NaN
NaN
NaN
NaN
NaN
NaN
NaN
NaN
NaN
NaN
NaN
NaN
NaN
NaN
NaN
NaN
NaN
NaN
NaN
NaN
NaN
NaN
NaN
NaN
NaN
NaN
NaN
NaN
NaN
NaN
NaN
NaN
NaN
NaN
NaN
NaN
NaN
NaN
NaN
NaN
NaN
NaN
NaN
NaN
NaN
NaN
NaN
NaN
NaN
NaN
NaN
NaN
NaN
NaN
NaN
NaN
NaN
NaN
NaN
NaN
NaN
NaN
NaN
NaN
NaN
NaN
NaN
NaN
NaN
NaN
NaN
NaN
NaN
NaN
NaN
NaN
NaN
NaN
NaN
NaN
NaN
NaN
NaN
NaN
NaN
NaN
NaN
NaN
NaN
NaN
NaN
NaN
NaN
NaN
NaN
NaN
NaN
NaN
NaN
NaN
NaN
NaN
NaN
NaN
NaN
NaN
NaN
NaN
NaN
NaN
NaN
NaN
NaN
NaN
NaN
NaN
NaN
NaN
NaN
NaN
NaN
NaN
NaN
NaN
NaN
NaN
NaN
NaN
NaN
NaN
NaN
NaN
NaN
NaN
NaN
NaN
NaN
NaN
NaN
NaN
NaN
NaN
NaN
NaN
NaN
NaN
NaN
NaN
NaN
NaN
NaN
NaN
NaN
NaN
NaN
NaN
NaN
NaN
NaN
NaN
NaN
NaN
NaN
NaN
NaN
NaN
NaN
NaN
NaN
NaN
NaN
NaN
NaN
NaN
NaN
NaN
NaN
NaN
NaN
NaN
NaN
NaN
NaN
NaN
NaN
NaN
NaN
NaN
NaN
NaN
NaN
NaN
NaN
NaN
NaN
NaN
NaN
NaN
NaN
NaN
NaN
NaN
NaN
NaN
NaN
NaN
NaN
NaN
NaN
NaN
NaN
NaN
NaN
NaN
NaN
NaN
NaN
NaN
NaN
NaN
NaN
NaN
NaN
NaN
NaN
NaN
NaN
NaN
NaN
NaN
NaN
NaN
NaN
NaN
NaN
NaN
NaN
NaN
NaN
NaN
NaN
NaN
NaN
NaN
NaN
NaN
NaN
NaN
NaN
NaN
NaN
NaN
NaN
NaN
NaN
NaN
NaN
NaN
NaN
NaN
NaN
NaN
NaN
NaN
NaN
NaN
NaN
NaN
NaN
NaN
NaN
NaN
NaN
NaN
NaN
NaN
NaN
NaN
NaN
NaN
NaN
NaN
NaN
NaN
NaN
NaN
NaN
NaN
NaN
NaN
NaN
NaN
NaN
NaN
NaN
NaN
NaN
NaN
NaN
NaN
NaN
NaN
NaN
NaN
NaN
NaN
NaN
NaN
NaN
NaN
NaN
NaN
NaN
NaN
NaN
NaN
NaN
NaN
NaN
NaN
NaN
NaN
NaN
NaN
NaN
NaN
NaN
NaN
NaN
NaN
NaN
NaN
NaN
NaN
NaN
NaN
NaN
NaN
NaN
NaN
NaN
NaN
NaN
NaN
NaN
NaN
NaN
NaN
NaN
NaN
NaN
NaN
NaN
NaN
NaN
NaN
NaN
NaN
NaN
NaN
NaN
NaN
NaN
NaN
NaN
NaN
NaN
NaN
NaN
NaN
NaN
NaN
NaN
NaN
NaN
NaN
NaN
NaN
NaN
NaN
NaN
NaN
NaN
NaN
NaN
NaN
NaN
NaN
NaN
NaN
NaN
NaN
NaN
NaN
NaN
NaN
NaN
NaN
NaN
NaN
NaN
NaN
NaN
NaN
NaN
NaN
NaN
NaN
NaN
NaN
NaN
NaN
NaN
NaN
NaN
NaN
NaN
NaN
NaN
NaN
NaN
NaN
NaN
NaN
NaN
NaN
NaN
NaN
NaN
NaN
NaN
NaN
NaN
NaN
NaN
NaN
NaN
NaN
NaN
NaN
NaN
NaN
NaN
NaN
NaN
NaN
NaN
NaN
NaN
NaN
NaN
NaN
NaN
NaN
NaN
NaN
NaN
NaN
NaN
NaN
NaN
NaN
NaN
NaN
NaN
NaN
NaN
NaN
NaN
NaN
NaN
NaN
NaN
NaN
NaN
NaN
NaN
NaN
NaN
NaN
NaN
NaN
NaN
NaN
NaN
NaN
NaN
NaN
NaN
NaN
NaN
NaN
NaN
NaN
NaN
NaN
NaN
NaN
NaN
NaN
NaN
NaN
NaN
NaN
NaN
NaN
NaN
NaN
NaN
NaN
NaN
NaN
NaN
NaN
NaN
NaN
NaN
NaN
NaN
NaN
NaN
NaN
NaN
NaN
NaN
NaN
NaN
NaN
NaN
NaN
NaN
NaN
NaN
NaN
NaN
NaN
NaN
NaN
NaN
NaN
NaN
NaN
NaN
NaN
NaN
NaN
NaN
NaN
NaN
NaN
NaN
NaN
NaN
NaN
NaN
NaN
NaN
NaN
NaN
NaN
NaN
NaN
NaN
NaN
NaN
NaN
NaN
NaN
NaN
NaN
NaN
NaN
NaN
NaN
NaN
NaN
NaN
NaN
NaN
NaN
NaN
NaN
NaN
NaN
NaN
NaN
NaN
NaN
NaN
NaN
NaN
NaN
NaN
NaN
NaN
NaN
NaN
NaN
NaN
NaN
NaN
NaN
NaN
NaN
NaN
NaN
NaN
NaN
NaN
NaN
NaN
NaN
NaN
NaN
NaN
NaN
NaN
NaN
NaN
NaN
NaN
NaN
NaN
NaN
NaN
NaN
NaN
NaN
NaN
NaN
NaN
NaN
NaN
NaN
NaN
NaN
NaN
NaN
NaN
NaN
NaN
NaN
NaN
NaN
NaN
NaN
NaN
NaN
NaN
NaN
NaN
NaN
NaN
NaN
NaN
NaN
NaN
NaN
NaN
NaN
NaN
NaN
NaN
NaN
NaN
NaN
NaN
NaN
NaN
NaN
NaN
NaN
NaN
NaN
NaN
NaN
NaN
NaN
NaN
NaN
NaN
NaN
NaN
NaN
NaN
NaN
NaN
NaN
NaN
NaN
NaN
NaN
NaN
NaN
NaN
NaN
NaN
NaN
NaN
NaN
NaN
NaN
NaN
NaN
NaN
NaN
NaN
NaN
NaN
NaN
NaN
NaN
NaN
NaN
NaN
NaN
NaN
NaN
NaN
NaN
NaN
NaN
NaN
NaN
NaN
NaN
NaN
NaN
NaN
NaN
NaN
NaN
NaN
NaN
NaN
NaN
NaN
NaN
NaN
NaN
NaN
NaN
NaN
NaN
NaN
NaN
NaN
NaN
NaN
NaN
NaN
NaN
NaN
NaN
NaN
NaN
NaN
NaN
NaN
NaN
NaN
NaN
NaN
NaN
NaN
NaN
NaN
NaN
NaN
NaN
NaN
NaN
NaN
NaN
NaN
NaN
NaN
NaN
NaN
NaN
NaN
NaN
NaN
NaN
NaN
NaN
NaN
NaN
NaN
NaN
NaN
NaN
NaN
NaN
NaN
NaN
NaN
NaN
NaN
NaN
NaN
NaN
NaN
NaN
NaN
NaN
NaN
NaN
NaN
NaN
NaN
NaN
NaN
NaN
NaN
NaN
NaN
NaN
NaN
NaN
NaN
NaN
NaN
NaN
NaN
NaN
NaN
NaN
NaN
NaN
NaN
NaN
NaN
NaN
NaN
NaN
NaN
NaN
NaN
NaN
NaN
NaN
NaN
NaN
NaN
NaN
NaN
NaN
NaN
NaN
NaN
NaN
NaN
NaN
NaN
NaN
NaN
NaN
NaN
NaN
NaN
NaN
NaN
NaN
NaN
NaN
NaN
NaN
NaN
NaN
NaN
NaN
NaN
NaN
NaN
NaN
NaN
NaN
NaN
NaN
NaN
NaN
NaN
NaN
NaN
NaN
NaN
NaN
NaN
NaN
NaN
NaN
NaN
NaN
NaN
NaN
NaN
NaN
NaN
NaN
NaN
NaN
NaN
NaN
NaN
NaN
NaN
NaN
NaN
NaN
NaN
NaN
NaN
NaN
NaN
NaN
NaN
NaN
NaN
NaN
NaN
NaN
NaN
NaN
NaN
NaN
NaN
NaN
NaN
NaN
NaN
NaN
NaN
NaN
NaN
NaN
NaN
NaN
NaN
NaN
NaN
NaN
NaN
NaN
NaN
NaN
NaN
NaN
NaN
NaN
NaN
NaN
NaN
NaN
NaN
NaN
NaN
NaN
NaN
NaN
NaN
NaN
NaN
NaN
NaN
NaN
NaN
NaN
NaN
NaN
NaN
NaN
NaN
NaN
NaN
NaN
NaN
NaN
NaN
NaN
NaN
NaN
NaN
NaN
NaN
NaN
NaN
NaN
NaN
NaN
NaN
NaN
NaN
NaN
NaN
NaN
NaN
NaN
NaN
NaN
NaN
NaN
NaN
NaN
NaN
NaN
NaN
NaN
NaN
NaN
NaN
NaN
NaN
NaN
NaN
NaN
NaN
NaN
NaN
NaN
NaN
NaN
NaN
NaN
NaN
NaN
NaN
NaN
NaN
NaN
NaN
NaN
NaN
NaN
NaN
NaN
NaN
NaN
NaN
NaN
NaN
NaN
NaN
NaN
NaN
NaN
NaN
NaN
NaN
NaN
NaN
NaN
NaN
NaN
NaN
NaN
NaN
NaN
NaN
NaN
NaN
NaN
NaN
NaN
NaN
NaN
NaN
NaN
NaN
NaN
NaN
NaN
NaN
NaN
NaN
NaN
NaN
NaN
NaN
NaN
NaN
NaN
NaN
NaN
NaN
NaN
NaN
NaN
NaN
NaN
NaN
NaN
NaN
NaN
NaN
NaN
NaN
NaN
NaN
NaN
NaN
NaN
NaN
NaN
NaN
NaN
NaN
NaN
NaN
NaN
NaN
NaN
NaN
NaN
NaN
NaN
NaN
NaN
NaN
NaN
NaN
NaN
NaN
NaN
NaN
NaN
NaN
NaN
NaN
NaN
NaN
NaN
NaN
NaN
NaN
NaN
NaN
NaN
NaN
NaN
NaN
NaN
NaN
NaN
NaN
NaN
NaN
NaN
NaN
NaN
NaN
NaN
NaN
NaN
NaN
NaN
NaN
NaN
NaN
NaN
NaN
NaN
NaN
NaN
NaN
NaN
NaN
NaN
NaN
NaN
NaN
NaN
NaN
NaN
NaN
NaN
NaN
NaN
NaN
NaN
NaN
NaN
NaN
NaN
NaN
NaN
NaN
NaN
NaN
NaN
NaN
NaN
NaN
NaN
NaN
NaN
NaN
NaN
NaN
NaN
NaN
NaN
NaN
NaN
NaN
NaN
NaN
NaN
NaN
NaN
NaN
NaN
NaN
NaN
NaN
NaN
NaN
NaN
NaN
NaN
NaN
NaN
NaN
NaN
NaN
NaN
NaN
NaN
NaN
NaN
NaN
NaN
NaN
NaN
NaN
NaN
NaN
NaN
NaN
NaN
NaN
NaN
NaN
NaN
NaN
NaN
NaN
NaN
NaN
NaN
NaN
NaN
NaN
NaN
NaN
NaN
NaN
NaN
NaN
NaN
NaN
NaN
NaN
NaN
NaN
NaN
NaN
NaN
NaN
NaN
NaN
NaN
NaN
NaN
NaN
NaN
NaN
NaN
NaN
NaN
NaN
NaN
NaN
NaN
NaN
NaN
NaN
NaN
NaN
NaN
NaN
NaN
NaN
NaN
NaN
NaN
NaN
NaN
NaN
