0.27591973244147155
0.41638795986622074
0.3269230769230769
0.20903010033444816
0.21321070234113715
0.36872909698996653
0.2834448160535117
0.3210702341137123
0.40384615384615385
0.42140468227424754
0.23244147157190637
0.3110367892976589
0.1714046822742475
0.17056856187290972
0.3745819397993311
0.3110367892976589
0.2834448160535117
0.11705685618729098
0.5635451505016722
0.32357859531772576
0.22240802675585283
0.33444816053511706
0.24665551839464883
0.1797658862876254
0.16555183946488297
0.17224080267558528
0.19397993311036787
0.45484949832775917
0.38545150501672243
0.2683946488294314
0.2583612040133779
0.23327759197324416
0.08528428093645485
0.2801003344481605
0.052675585284280936
0.23244147157190637
0.17474916387959866
0.2918060200668896
0.31020066889632103
0.10367892976588629
0.1705685618729097
0.21989966555183948
0.19063545150501673
0.08361204013377926
0.2993311036789298
0.18979933110367894
0.2525083612040134
0.2525083612040134
0.1588628762541806
0.1806020066889632
0.22324414715719063
0.14130434782608695
0.18394648829431437
0.1596989966555184
0.27675585284280935
0.39381270903010035
0.15551839464882944
0.2675585284280937
0.1346153846153846
0.38963210702341133
0.18729096989966554
0.1137123745819398
0.33110367892976583
0.15217391304347827
0.1605351170568562
0.3168896321070234
0.17474916387959866
0.22240802675585283
0.17307692307692307
0.47324414715719065
0.3653846153846154
0.407190635451505
0.2491638795986622
0.2976588628762542
0.5066889632107023
0.3754180602006689
0.3311036789297659
0.2591973244147157
0.1964882943143813
0.19314381270903008
0.10869565217391305
0.17474916387959866
0.11036789297658862
0.31270903010033446
0.18394648829431437
0.23913043478260868
0.2951505016722408
0.31438127090301005
0.40217391304347827
0.26421404682274247
0.04598662207357859
0.3494983277591973
0.1496655518394649
0.22157190635451504
0.16806020066889632
0.15384615384615385
0.1003344481605351
0.4347826086956522
0.35618729096989965
0.2157190635451505
0.29515050167224083
0.1605351170568562
0.5066889632107023
0.20903010033444816
0.31856187290969895
0.30602006688963207
0.24749163879598662
0.40551839464882944
0.2608695652173913
0.17140468227424746
0.20652173913043478
0.4088628762541806
0.17307692307692307
0.2583612040133779
0.455685618729097
0.3160535117056856
0.4222408026755853
0.2951505016722408
0.2491638795986622
0.25585284280936454
0.45484949832775917
0.17474916387959866
0.29933110367892973
0.22157190635451504
0.40551839464882944
0.20986622073578592
0.20652173913043478
0.32441471571906355
0.3419732441471572
0.40384615384615385
0.2817725752508361
0.2006688963210702
0.4214046822742475
0.36120401337792646
0.3913043478260869
0.31521739130434784
0.05351170568561873
0.3804347826086956
0.11371237458193979
0.1697324414715719
0.12959866220735786
0.2633779264214047
0.32441471571906355
0.30852842809364545
0.21237458193979936
0.2516722408026756
0.21237458193979933
0.2918060200668896
0.16638795986622074
0.112876254180602
0.24247491638795987
0.30518394648829433
0.20819397993311034
0.2859531772575251
0.3511705685618729
0.3904682274247492
0.5334448160535117
0.28177257525083615
0.1262541806020067
0.3193979933110368
0.2483277591973244
0.11204013377926422
0.2466555183946488
0.23578595317725753
0.38294314381270905
0.38127090301003347
0.15217391304347824
0.290133779264214
0.35200668896321075
0.41471571906354515
0.4289297658862876
0.35535117056856186
0.2357859531772575
0.0677257525083612
0.5543478260869565
0.27759197324414714
0.3110367892976589
0.205685618729097
0.411371237458194
0.21404682274247494
0.31020066889632103
0.09364548494983278
0.1563545150501672
0.1981605351170569
0.29515050167224083
0.298494983277592
0.1020066889632107
0.28595317725752506
0.23327759197324416
0.5936454849498327
0.09866220735785952
0.10451505016722407
0.556020066889632
0.07859531772575251
0.09782608695652174
0.44481605351170567
0.1580267558528428
0.22073578595317725
0.18979933110367894
0.270066889632107
0.17809364548494985
0.23160535117056855
0.20066889632107024
0.28678929765886285
0.14548494983277593
0.2759197324414716
0.0451505016722408
0.290133779264214
0.04431438127090301
0.23160535117056855
0.20819397993311034
0.19565217391304346
0.21739130434782608
0.2399665551839465
0.201505016722408
0.31270903010033446
0.24498327759197325
0.28428093645484953
0.21321070234113715
0.1262541806020067
0.2692307692307692
0.41638795986622074
0.1505016722408027
0.41722408026755853
0.13294314381270902
0.29264214046822745
0.28846153846153844
0.520066889632107
0.21906354515050167
0.33528428093645485
0.2608695652173913
0.1705685618729097
0.18478260869565216
0.2834448160535117
0.1463210702341137
0.16387959866220736
0.12709030100334448
0.29431438127090304
0.42558528428093645
0.09782608695652173
0.37709030100334445
0.04598662207357859
0.29849498327759194
0.4289297658862876
0.4640468227424749
0.25334448160535117
0.391304347826087
0.3319397993311037
0.23745819397993312
0.2382943143812709
0.3394648829431438
0.43561872909698995
0.270066889632107
0.3076923076923077
0.0903010033444816
0.25334448160535117
0.23829431438127088
0.21070234113712377
0.2717391304347826
0.3695652173913043
0.17391304347826086
0.2633779264214047
0.3729096989966555
0.19648829431438125
0.2282608695652174
0.3336120401337792
0.391304347826087
0.14130434782608695
0.2608695652173913
0.22575250836120403
0.3219063545150502
0.32274247491638797
0.4740802675585284
0.2583612040133779
0.3620401337792642
0.2290969899665552
0.1028428093645485
0.17725752508361203
0.338628762541806
0.13043478260869565
0.27341137123745823
0.37374581939799334
0.17892976588628762
0.1245819397993311
0.2265886287625418
0.3110367892976589
0.2157190635451505
0.37458193979933113
0.1479933110367893
0.17307692307692307
0.42558528428093645
0.20234113712374582
0.10869565217391304
0.4005016722408027
0.2809364548494983
0.45066889632107027
0.31187290969899667
0.17474916387959866
0.18979933110367891
0.3411371237458194
0.14548494983277593
0.3177257525083612
0.11705685618729098
0.11371237458193979
0.43561872909698995
0.14046822742474918
0.5551839464882944
0.3954849498327759
0.39464882943143814
0.3528428093645485
0.30602006688963207
0.2157190635451505
0.3060200668896321
0.45568561872909696
0.15384615384615385
0.38377926421404684
0.1479933110367893
0.2734113712374582
0.5192307692307692
0.36371237458193983
0.5267558528428093
0.2801003344481605
0.4623745819397993
0.4306020066889632
0.11872909698996655
0.382943143812709
0.28093645484949836
0.4197324414715719
0.2282608695652174
0.2040133779264214
0.17224080267558528
0.23244147157190637
0.2951505016722408
0.2909698996655518
0.29849498327759194
0.18979933110367891
0.407190635451505
0.40635451505016723
0.1806020066889632
0.34364548494983277
0.39381270903010035
0.06605351170568563
0.4130434782608695
0.25
0.24163879598662208
0.35451505016722407
0.37290969899665555
0.22408026755852842
0.367056856187291
0.28428093645484953
0.3285953177257525
0.23244147157190637
0.26755852842809363
0.40468227424749165
0.21739130434782605
0.2374581939799331
0.22575250836120397
0.25752508361204013
0.22993311036789296
0.2801003344481605
0.2399665551839465
0.4105351170568562
0.1137123745819398
0.6304347826086957
0.2274247491638796
0.3001672240802675
0.20066889632107024
0.12123745819397994
0.25752508361204013
0.14548494983277593
0.2826086956521739
0.33695652173913043
0.22324414715719065
0.18227424749163879
0.2591973244147157
0.2692307692307692
0.45066889632107027
0.10869565217391304
0.28093645484949836
0.20986622073578592
0.27591973244147155
0.4540133779264214
0.20903010033444816
0.15468227424749165
0.3695652173913043
0.20234113712374582
0.1245819397993311
0.06605351170568562
0.2683946488294314
0.19063545150501673
0.29096989966555187
0.2792642140468227
0.3302675585284281
0.12207357859531771
0.1346153846153846
0.16304347826086957
0.30852842809364545
0.28344481605351174
0.5852842809364548
0.2583612040133779
0.09782608695652174
0.31605351170568563
0.09531772575250837
0.1488294314381271
0.2709030100334448
0.3010033444816054
0.298494983277592
0.31438127090301005
0.3586956521739131
0.43227424749163884
0.41638795986622074
0.28846153846153844
0.2391304347826087
0.29765886287625415
0.19314381270903008
0.13795986622073578
0.23076923076923078
0.39214046822742477
0.3854515050167224
0.3494983277591973
0.495819397993311
0.2123745819397993
0.17558528428093645
0.28511705685618727
0.3612040133779264
0.3285953177257525
0.10785953177257526
0.27759197324414714
0.1262541806020067
0.3419732441471572
0.29515050167224083
0.4306020066889632
0.31354515050167225
0.34782608695652173
0.27842809364548493
0.2357859531772575
0.22993311036789296
0.4698996655518395
0.5041806020066889
0.22157190635451507
0.270066889632107
0.37625418060200666
0.18812709030100336
0.3745819397993311
0.5016722408026756
0.10785953177257525
0.24247491638795987
0.32023411371237454
0.3102006688963211
0.19648829431438128
0.1588628762541806
0.1505016722408027
0.3051839464882943
0.23578595317725753
0.6195652173913043
0.33361204013377926
0.2918060200668896
0.37876254180602004
0.30183946488294316
0.2274247491638796
0.34782608695652173
0.2140468227424749
0.1588628762541806
0.21989966555183946
0.43143812709030094
0.19230769230769232
0.17892976588628762
0.22491638795986624
0.22742474916387959
0.3035117056856187
0.4331103678929766
0.1697324414715719
0.2926421404682274
0.2466555183946488
0.1847826086956522
0.3219063545150502
0.25752508361204013
0.32357859531772576
0.18729096989966554
0.27508361204013376
0.28093645484949836
0.30434782608695654
0.18060200668896323
0.44648829431438125
0.10618729096989966
0.2608695652173913
0.3394648829431438
0.2516722408026756
0.29849498327759194
0.2809364548494983
0.3051839464882943
0.07274247491638795
0.25418060200668896
0.19816053511705684
0.2892976588628763
0.2759197324414716
0.38127090301003347
0.15133779264214048
0.17224080267558528
0.24247491638795984
0.27424749163879597
0.18979933110367891
0.31020066889632103
0.2809364548494983
0.04431438127090301
0.2516722408026756
0.1488294314381271
0.16053511705685616
0.33862876254180607
0.36622073578595316
0.25
0.3603678929765886
0.13294314381270902
0.44648829431438125
0.24665551839464883
0.12876254180602006
0.32441471571906355
0.1262541806020067
0.41638795986622074
0.4197324414715719
0.16471571906354515
0.5025083612040134
0.16638795986622074
0.0677257525083612
0.3093645484949833
0.17892976588628762
0.07525083612040134
0.26672240802675584
0.25334448160535117
0.3494983277591973
0.16806020066889632
0.318561872909699
0.3110367892976589
0.30685618729096986
0.3453177257525084
0.3829431438127091
0.1714046822742475
0.3511705685618729
0.4205685618729097
0.08862876254180602
0.19648829431438125
0.43561872909698995
0.4013377926421404
0.18478260869565216
0.2658862876254181
0.25
0.3662207357859532
0.4657190635451505
0.1705685618729097
0.21237458193979933
0.45484949832775917
0.14464882943143811
0.33361204013377926
0.23076923076923075
0.20401337792642138
0.32525083612040134
0.23411371237458195
0.16555183946488294
0.20066889632107024
0.2959866220735786
0.4464882943143813
0.2817725752508361
0.1923076923076923
0.17307692307692307
0.19732441471571904
0.30267558528428096
0.19147157190635453
0.46404682274247494
0.22909698996655517
0.20735785953177258
0.35702341137123744
0.17725752508361203
0.3252508361204014
0.3118729096989966
0.17224080267558528
0.11204013377926421
0.28929765886287623
0.21070234113712374
0.4122073578595318
0.17725752508361203
0.1939799331103679
0.12374581939799331
0.3035117056856187
0.30267558528428096
0.17391304347826086
0.0451505016722408
0.2140468227424749
0.45735785953177255
0.2265886287625418
0.19397993311036787
0.38628762541806017
0.09949832775919731
0.23411371237458195
0.2600334448160535
0.36789297658862874
0.13210702341137123
0.3603678929765886
0.19565217391304346
0.1362876254180602
0.38545150501672243
0.112876254180602
0.3319397993311036
0.30769230769230765
0.15551839464882944
0.10367892976588627
0.2391304347826087
0.1822742474916388
0.23244147157190637
0.32274247491638797
0.4607023411371237
0.30936454849498324
0.11705685618729096
0.41137123745819393
0.2876254180602007
0.06856187290969899
0.29264214046822745
0.20819397993311037
0.18645484949832775
0.2775919732441472
0.5142140468227425
0.33612040133779264
0.25418060200668896
0.2909698996655518
0.4046822742474916
0.2516722408026756
0.471571906354515
0.17140468227424746
0.3913043478260869
0.3511705685618729
0.26588628762541805
0.40802675585284276
0.2508361204013378
0.19732441471571904
0.4732441471571906
0.3411371237458194
0.3018394648829431
0.2692307692307692
0.3494983277591973
0.07274247491638795
0.29264214046822745
0.18561872909698995
0.09698996655518395
0.31521739130434784
0.2516722408026756
0.46739130434782605
0.23578595317725753
0.21488294314381273
0.33361204013377926
0.07775919732441472
0.19899665551839463
0.36454849498327757
0.1415830546265329
0.05351170568561873
0.1995540691192865
0.15719063545150502
0.04124860646599777
0.221850613154961
0.3054626532887402
0.3857302118171683
0.294314381270903
0.06911928651059085
0.2028985507246377
0.43812709030100333
0.3801560758082498
0.24972129319955405
0.4158305462653289
0.3768115942028985
0.29988851727982163
0.2374581939799331
0.23076923076923075
0.261984392419175
0.11259754738015608
0.22630992196209587
0.2798216276477146
0.02229654403567447
0.17391304347826086
0.1560758082497213
0.3411371237458194
0.14827201783723523
0.2720178372352286
0.47045707915273133
0.07246376811594203
0.4091415830546265
0.21739130434782608
0.10256410256410257
0.19175027870680042
0.31438127090301
0.3132664437012263
0.5652173913043478
0.21070234113712374
0.19397993311036787
0.12263099219620958
0.07134894091415832
0.35005574136008916
0.2608695652173913
0.3377926421404682
0.23522853957636566
0.17614269788182832
0.31549609810479373
0.5284280936454849
0.09698996655518394
0.3812709030100334
0.18729096989966554
0.18394648829431437
0.07023411371237459
0.17502787068004458
0.3054626532887403
0.16945373467112598
0.1794871794871795
0.3377926421404682
0.2040133779264214
0.12597547380156074
0.21627647714604237
0.22519509476031216
0.17502787068004458
0.24637681159420288
0.13377926421404682
0.09810479375696768
0.22742474916387959
0.32998885172798215
0.4057971014492754
0.496098104793757
0.2709030100334448
0.3913043478260869
0.4537346711259755
0.3333333333333333
0.31215161649944256
0.37346711259754733
0.19732441471571907
0.2686733556298773
0.2954292084726868
0.13266443701226308
0.35005574136008916
0.2530657748049052
0.13489409141583056
0.1315496098104794
0.4749163879598662
0.3890746934225195
0.23411371237458192
0.13823857302118173
0.5484949832775919
0.23522853957636566
0.32887402452619846
0.20066889632107024
0.042363433667781496
0.030100334448160532
0.20847268673355632
0.22742474916387959
0.3534002229654403
0.17837235228539575
NaN
NaN
NaN
NaN
NaN
NaN
NaN
NaN
NaN
NaN
NaN
NaN
NaN
NaN
NaN
NaN
NaN
NaN
NaN
NaN
NaN
NaN
NaN
NaN
NaN
NaN
NaN
NaN
NaN
NaN
NaN
NaN
NaN
NaN
NaN
NaN
NaN
NaN
NaN
NaN
NaN
NaN
NaN
NaN
NaN
NaN
NaN
NaN
NaN
NaN
NaN
NaN
NaN
NaN
NaN
NaN
NaN
NaN
NaN
NaN
NaN
NaN
NaN
NaN
NaN
NaN
NaN
NaN
NaN
NaN
NaN
NaN
NaN
NaN
NaN
NaN
NaN
NaN
NaN
NaN
NaN
NaN
NaN
NaN
NaN
NaN
NaN
NaN
NaN
NaN
NaN
NaN
NaN
NaN
NaN
NaN
NaN
NaN
NaN
NaN
NaN
NaN
NaN
NaN
NaN
NaN
NaN
NaN
NaN
NaN
NaN
NaN
NaN
NaN
NaN
NaN
NaN
NaN
NaN
NaN
NaN
NaN
NaN
NaN
NaN
NaN
NaN
NaN
NaN
NaN
NaN
NaN
NaN
NaN
NaN
NaN
NaN
NaN
NaN
NaN
NaN
NaN
NaN
NaN
NaN
NaN
NaN
NaN
NaN
NaN
NaN
NaN
NaN
NaN
NaN
NaN
NaN
NaN
NaN
NaN
NaN
NaN
NaN
NaN
NaN
NaN
NaN
NaN
NaN
NaN
NaN
NaN
NaN
NaN
NaN
NaN
NaN
NaN
NaN
NaN
NaN
NaN
NaN
NaN
NaN
NaN
NaN
NaN
NaN
NaN
NaN
NaN
NaN
NaN
NaN
NaN
NaN
NaN
NaN
NaN
NaN
NaN
NaN
NaN
NaN
NaN
NaN
NaN
NaN
NaN
NaN
NaN
NaN
NaN
NaN
NaN
NaN
NaN
NaN
NaN
NaN
NaN
NaN
NaN
NaN
NaN
NaN
NaN
NaN
NaN
NaN
NaN
NaN
NaN
NaN
NaN
NaN
NaN
NaN
NaN
NaN
NaN
NaN
NaN
NaN
NaN
NaN
NaN
NaN
NaN
NaN
NaN
NaN
NaN
NaN
NaN
NaN
NaN
NaN
NaN
NaN
NaN
NaN
NaN
NaN
NaN
NaN
NaN
NaN
NaN
NaN
NaN
NaN
NaN
NaN
NaN
NaN
NaN
NaN
NaN
NaN
NaN
NaN
NaN
NaN
NaN
NaN
NaN
NaN
NaN
NaN
NaN
NaN
NaN
NaN
NaN
NaN
NaN
NaN
NaN
NaN
NaN
NaN
NaN
NaN
NaN
NaN
NaN
NaN
NaN
NaN
NaN
NaN
NaN
NaN
NaN
NaN
NaN
NaN
NaN
NaN
NaN
NaN
NaN
NaN
NaN
NaN
NaN
NaN
NaN
NaN
NaN
NaN
NaN
NaN
NaN
NaN
NaN
NaN
NaN
NaN
NaN
NaN
NaN
NaN
NaN
NaN
NaN
NaN
NaN
NaN
NaN
NaN
NaN
NaN
NaN
NaN
NaN
NaN
NaN
NaN
NaN
NaN
NaN
NaN
NaN
NaN
NaN
NaN
NaN
NaN
NaN
NaN
NaN
NaN
NaN
NaN
NaN
NaN
NaN
NaN
NaN
NaN
NaN
NaN
NaN
NaN
NaN
NaN
NaN
NaN
NaN
NaN
NaN
NaN
NaN
NaN
NaN
NaN
NaN
NaN
NaN
NaN
NaN
NaN
NaN
NaN
NaN
NaN
NaN
NaN
NaN
NaN
NaN
NaN
NaN
NaN
NaN
NaN
NaN
NaN
NaN
NaN
NaN
NaN
NaN
NaN
NaN
NaN
NaN
NaN
NaN
NaN
NaN
NaN
NaN
NaN
NaN
NaN
NaN
NaN
NaN
NaN
NaN
NaN
NaN
NaN
NaN
NaN
NaN
NaN
NaN
NaN
NaN
NaN
NaN
NaN
NaN
NaN
NaN
NaN
NaN
NaN
NaN
NaN
NaN
NaN
NaN
NaN
NaN
NaN
NaN
NaN
NaN
NaN
NaN
NaN
NaN
NaN
NaN
NaN
NaN
NaN
NaN
NaN
NaN
NaN
NaN
NaN
NaN
NaN
NaN
NaN
NaN
NaN
NaN
NaN
NaN
NaN
NaN
NaN
NaN
NaN
NaN
NaN
NaN
NaN
NaN
NaN
NaN
NaN
NaN
NaN
NaN
NaN
NaN
NaN
NaN
NaN
NaN
NaN
NaN
NaN
NaN
NaN
NaN
NaN
NaN
NaN
NaN
NaN
NaN
NaN
NaN
NaN
NaN
NaN
NaN
NaN
NaN
NaN
NaN
NaN
NaN
NaN
NaN
NaN
NaN
NaN
NaN
NaN
NaN
NaN
NaN
NaN
NaN
NaN
NaN
NaN
NaN
NaN
NaN
NaN
NaN
NaN
NaN
NaN
NaN
NaN
NaN
NaN
NaN
NaN
NaN
NaN
NaN
NaN
NaN
NaN
NaN
NaN
NaN
NaN
NaN
NaN
NaN
NaN
NaN
NaN
NaN
NaN
NaN
NaN
NaN
NaN
NaN
NaN
NaN
NaN
NaN
NaN
NaN
NaN
NaN
NaN
NaN
NaN
NaN
NaN
NaN
NaN
NaN
NaN
NaN
NaN
NaN
NaN
NaN
NaN
NaN
NaN
NaN
NaN
NaN
NaN
NaN
NaN
NaN
NaN
NaN
NaN
NaN
NaN
NaN
NaN
NaN
NaN
NaN
NaN
NaN
NaN
NaN
NaN
NaN
NaN
NaN
NaN
NaN
NaN
NaN
NaN
NaN
NaN
NaN
NaN
NaN
NaN
NaN
NaN
NaN
NaN
NaN
NaN
NaN
NaN
NaN
NaN
NaN
NaN
NaN
NaN
NaN
NaN
NaN
NaN
NaN
NaN
NaN
NaN
NaN
NaN
NaN
NaN
NaN
NaN
NaN
NaN
NaN
NaN
NaN
NaN
NaN
NaN
NaN
NaN
NaN
NaN
NaN
NaN
NaN
NaN
NaN
NaN
NaN
NaN
NaN
NaN
NaN
NaN
NaN
NaN
NaN
NaN
NaN
NaN
NaN
NaN
NaN
NaN
NaN
NaN
NaN
NaN
NaN
NaN
NaN
NaN
NaN
NaN
NaN
NaN
NaN
NaN
NaN
NaN
NaN
NaN
NaN
NaN
NaN
NaN
NaN
NaN
NaN
NaN
NaN
NaN
NaN
NaN
NaN
NaN
NaN
NaN
NaN
NaN
NaN
NaN
NaN
NaN
NaN
NaN
NaN
NaN
NaN
NaN
NaN
NaN
NaN
NaN
NaN
NaN
NaN
NaN
NaN
NaN
NaN
NaN
NaN
NaN
NaN
NaN
NaN
NaN
NaN
NaN
NaN
NaN
NaN
NaN
NaN
NaN
NaN
NaN
NaN
NaN
NaN
NaN
NaN
NaN
NaN
NaN
NaN
NaN
NaN
NaN
NaN
NaN
NaN
NaN
NaN
NaN
NaN
NaN
NaN
NaN
NaN
NaN
NaN
NaN
NaN
NaN
NaN
NaN
NaN
NaN
NaN
NaN
NaN
NaN
NaN
NaN
NaN
NaN
NaN
NaN
NaN
NaN
NaN
NaN
NaN
NaN
NaN
NaN
NaN
NaN
NaN
NaN
NaN
NaN
NaN
NaN
NaN
NaN
NaN
NaN
NaN
NaN
NaN
NaN
NaN
NaN
NaN
NaN
NaN
NaN
NaN
NaN
NaN
NaN
NaN
NaN
NaN
NaN
NaN
NaN
NaN
NaN
NaN
NaN
NaN
NaN
NaN
NaN
NaN
NaN
NaN
NaN
NaN
NaN
NaN
NaN
NaN
NaN
NaN
NaN
NaN
NaN
NaN
NaN
NaN
NaN
NaN
NaN
NaN
NaN
NaN
NaN
NaN
NaN
NaN
NaN
NaN
NaN
NaN
NaN
NaN
NaN
NaN
NaN
NaN
NaN
NaN
NaN
NaN
NaN
NaN
NaN
NaN
NaN
NaN
NaN
NaN
NaN
NaN
NaN
NaN
NaN
NaN
NaN
NaN
NaN
NaN
NaN
NaN
NaN
NaN
NaN
NaN
NaN
NaN
NaN
NaN
NaN
NaN
NaN
NaN
NaN
NaN
NaN
NaN
NaN
NaN
NaN
NaN
NaN
NaN
NaN
NaN
NaN
NaN
NaN
NaN
NaN
NaN
NaN
NaN
NaN
NaN
NaN
NaN
NaN
NaN
NaN
NaN
NaN
NaN
NaN
NaN
NaN
NaN
NaN
NaN
NaN
NaN
NaN
NaN
NaN
NaN
NaN
NaN
NaN
NaN
NaN
NaN
NaN
NaN
NaN
NaN
NaN
NaN
NaN
NaN
NaN
NaN
NaN
NaN
NaN
NaN
NaN
NaN
NaN
NaN
NaN
NaN
NaN
NaN
NaN
NaN
NaN
NaN
NaN
NaN
NaN
NaN
NaN
NaN
NaN
NaN
NaN
NaN
NaN
NaN
NaN
NaN
NaN
NaN
NaN
NaN
NaN
NaN
NaN
NaN
NaN
NaN
NaN
NaN
NaN
NaN
NaN
NaN
NaN
NaN
NaN
NaN
NaN
NaN
NaN
NaN
NaN
NaN
NaN
NaN
NaN
NaN
NaN
NaN
NaN
NaN
NaN
NaN
NaN
NaN
NaN
NaN
NaN
NaN
NaN
NaN
NaN
NaN
NaN
NaN
NaN
NaN
NaN
NaN
NaN
NaN
NaN
NaN
NaN
NaN
NaN
NaN
NaN
NaN
NaN
NaN
NaN
NaN
NaN
NaN
NaN
NaN
NaN
NaN
NaN
NaN
NaN
NaN
NaN
NaN
NaN
NaN
NaN
NaN
NaN
NaN
NaN
NaN
NaN
NaN
NaN
NaN
NaN
NaN
NaN
NaN
NaN
NaN
NaN
NaN
NaN
NaN
NaN
NaN
NaN
NaN
NaN
NaN
NaN
NaN
NaN
NaN
NaN
NaN
NaN
NaN
NaN
NaN
NaN
NaN
NaN
NaN
NaN
NaN
NaN
NaN
NaN
NaN
NaN
NaN
NaN
NaN
NaN
NaN
NaN
NaN
NaN
NaN
NaN
NaN
NaN
NaN
NaN
NaN
NaN
NaN
NaN
NaN
NaN
NaN
NaN
NaN
NaN
NaN
NaN
NaN
NaN
NaN
NaN
NaN
NaN
NaN
NaN
NaN
NaN
NaN
NaN
NaN
NaN
NaN
NaN
NaN
NaN
NaN
NaN
NaN
NaN
NaN
NaN
NaN
NaN
NaN
NaN
NaN
NaN
NaN
NaN
NaN
NaN
NaN
NaN
NaN
NaN
NaN
NaN
NaN
NaN
NaN
NaN
NaN
NaN
NaN
NaN
NaN
NaN
NaN
NaN
NaN
NaN
NaN
NaN
NaN
NaN
NaN
NaN
NaN
NaN
NaN
NaN
NaN
NaN
NaN
NaN
NaN
NaN
NaN
NaN
NaN
NaN
NaN
NaN
NaN
NaN
NaN
NaN
NaN
NaN
NaN
NaN
NaN
NaN
NaN
NaN
NaN
NaN
NaN
NaN
NaN
NaN
NaN
NaN
NaN
NaN
NaN
NaN
NaN
NaN
NaN
NaN
NaN
NaN
NaN
NaN
NaN
NaN
NaN
NaN
NaN
NaN
NaN
NaN
NaN
NaN
NaN
NaN
NaN
NaN
NaN
NaN
NaN
NaN
NaN
NaN
NaN
NaN
NaN
NaN
NaN
NaN
NaN
NaN
NaN
NaN
NaN
NaN
NaN
NaN
NaN
NaN
NaN
NaN
NaN
NaN
NaN
NaN
NaN
NaN
NaN
NaN
NaN
NaN
NaN
NaN
NaN
NaN
NaN
NaN
NaN
NaN
NaN
NaN
NaN
NaN
NaN
NaN
NaN
NaN
NaN
NaN
NaN
NaN
NaN
NaN
NaN
NaN
NaN
NaN
NaN
NaN
NaN
NaN
NaN
NaN
NaN
NaN
NaN
NaN
NaN
NaN
NaN
NaN
NaN
NaN
NaN
NaN
NaN
NaN
NaN
NaN
NaN
NaN
NaN
NaN
NaN
NaN
NaN
NaN
NaN
NaN
NaN
NaN
NaN
NaN
NaN
NaN
NaN
NaN
NaN
NaN
NaN
NaN
NaN
NaN
NaN
NaN
NaN
NaN
NaN
NaN
NaN
NaN
NaN
NaN
NaN
NaN
NaN
NaN
NaN
NaN
NaN
NaN
NaN
NaN
NaN
NaN
NaN
NaN
NaN
NaN
NaN
NaN
NaN
NaN
NaN
NaN
NaN
NaN
NaN
NaN
NaN
NaN
NaN
NaN
NaN
NaN
NaN
NaN
NaN
NaN
NaN
NaN
NaN
NaN
NaN
NaN
NaN
NaN
NaN
NaN
NaN
NaN
NaN
NaN
NaN
NaN
NaN
NaN
NaN
NaN
NaN
NaN
NaN
NaN
NaN
NaN
NaN
NaN
NaN
NaN
NaN
NaN
NaN
NaN
NaN
NaN
NaN
NaN
NaN
NaN
NaN
NaN
NaN
NaN
NaN
NaN
NaN
NaN
NaN
NaN
NaN
NaN
NaN
NaN
NaN
NaN
NaN
NaN
NaN
NaN
NaN
NaN
NaN
NaN
NaN
NaN
NaN
NaN
NaN
NaN
NaN
NaN
NaN
NaN
NaN
NaN
NaN
NaN
NaN
NaN
NaN
NaN
NaN
NaN
NaN
NaN
NaN
NaN
NaN
NaN
NaN
NaN
NaN
NaN
NaN
NaN
NaN
NaN
NaN
NaN
NaN
NaN
NaN
NaN
NaN
NaN
NaN
NaN
NaN
NaN
NaN
NaN
NaN
NaN
NaN
NaN
NaN
NaN
NaN
NaN
NaN
NaN
NaN
NaN
NaN
NaN
NaN
NaN
NaN
NaN
NaN
NaN
NaN
NaN
NaN
NaN
NaN
NaN
NaN
NaN
NaN
NaN
NaN
NaN
NaN
NaN
NaN
NaN
NaN
NaN
NaN
NaN
NaN
NaN
NaN
NaN
NaN
NaN
NaN
NaN
NaN
NaN
NaN
NaN
NaN
NaN
NaN
NaN
NaN
NaN
NaN
NaN
NaN
NaN
NaN
NaN
NaN
NaN
NaN
NaN
NaN
NaN
NaN
NaN
NaN
NaN
NaN
NaN
NaN
NaN
NaN
NaN
NaN
NaN
NaN
NaN
NaN
NaN
NaN
NaN
NaN
NaN
NaN
NaN
NaN
NaN
NaN
NaN
NaN
NaN
NaN
NaN
NaN
NaN
NaN
NaN
NaN
NaN
NaN
NaN
NaN
NaN
NaN
NaN
NaN
NaN
NaN
NaN
NaN
NaN
NaN
NaN
NaN
NaN
NaN
NaN
NaN
NaN
NaN
NaN
NaN
NaN
NaN
NaN
NaN
NaN
NaN
NaN
NaN
NaN
NaN
NaN
NaN
NaN
NaN
NaN
NaN
NaN
NaN
NaN
NaN
NaN
NaN
NaN
NaN
NaN
NaN
NaN
NaN
NaN
NaN
NaN
NaN
NaN
NaN
NaN
NaN
NaN
NaN
