0.2369402985074627
0.23009950248756222
0.236318407960199
0.3519900497512438
0.3078358208955224
0.4266169154228856
0.3090796019900498
0.19838308457711443
0.35074626865671643
0.1921641791044776
0.25497512437810943
0.45273631840796025
0.3694029850746268
0.21082089552238806
0.3041044776119403
0.4595771144278607
0.46082089552238803
0.2506218905472637
0.39303482587064675
0.2257462686567164
0.16106965174129353
0.4577114427860697
0.22885572139303484
0.2879353233830846
0.18470149253731344
0.30099502487562185
0.5018656716417911
0.08582089552238807
0.3513681592039801
0.27860696517412936
0.417910447761194
0.2767412935323383
0.1896766169154229
0.07276119402985075
0.19962686567164178
0.3296019900497512
0.1853233830845771
0.2848258706467661
0.37437810945273636
0.1927860696517413
0.10945273631840796
0.21641791044776118
0.28358208955223885
0.2605721393034826
0.1822139303482587
0.39179104477611937
0.4689054726368159
0.06218905472636816
0.11567164179104478
0.2879353233830846
0.23694029850746268
0.2425373134328358
0.3171641791044776
0.19776119402985076
0.19713930348258704
0.34328358208955223
0.5914179104477613
0.15360696517412936
0.3843283582089552
0.2587064676616916
0.0740049751243781
0.291044776119403
0.14303482587064678
0.2842039800995025
0.2804726368159204
0.06716417910447761
0.2860696517412935
0.1212686567164179
0.3271144278606965
0.15049751243781095
0.36504975124378114
0.4222636815920398
0.20460199004975124
0.29850746268656714
0.27736318407960203
0.2966417910447761
0.22823383084577115
0.3308457711442786
0.2126865671641791
0.11069651741293532
0.26368159203980096
0.14925373134328357
0.1791044776119403
0.30659203980099503
0.3731343283582089
0.34141791044776115
0.3327114427860696
0.19589552238805968
0.4514925373134328
0.23694029850746268
0.4919154228855721
0.2705223880597015
0.12313432835820896
0.08582089552238806
0.1318407960199005
0.12189054726368159
0.07027363184079602
0.23942786069651742
0.4359452736318408
0.2630597014925373
0.30534825870646765
0.09763681592039801
0.11007462686567164
0.13246268656716417
0.17412935323383083
0.3376865671641791
0.2468905472636816
0.38743781094527363
0.22512437810945274
0.16044776119402987
0.37375621890547267
0.2879353233830846
0.28171641791044777
0.22139303482587067
0.1691542288557214
0.166044776119403
0.2941542288557214
0.2736318407960199
0.13495024875621892
0.3364427860696517
0.1927860696517413
0.22823383084577115
0.2935323383084577
0.34452736318407956
0.31840796019900497
0.3034825870646766
0.4328358208955224
0.27860696517412936
0.18097014925373134
0.10945273631840796
0.3009950248756219
0.4825870646766169
0.3345771144278607
0.3333333333333333
0.21952736318407962
0.36442786069651734
0.25995024875621886
0.20584577114427863
0.4558457711442786
0.19402985074626866
0.3258706467661692
0.21703980099502487
0.1859452736318408
0.24129353233830844
0.2941542288557214
0.27922885572139305
0.30348258706467657
0.24813432835820892
0.359452736318408
0.5360696517412935
0.17101990049751248
0.3383084577114428
0.3289800995024876
0.19154228855721392
0.2630597014925373
0.13619402985074627
0.24129353233830844
0.22139303482587064
0.3582089552238806
0.2021144278606965
0.16231343283582086
0.33395522388059706
0.03482587064676617
0.35385572139303484
0.23507462686567163
0.20833333333333331
0.29664179104477617
0.2947761194029851
0.10634328358208955
0.3463930348258707
0.4098258706467661
0.3513681592039801
0.4919154228855721
0.35447761194029853
0.2848258706467662
0.2468905472636816
0.2916666666666667
0.26243781094527363
0.15609452736318408
0.35012437810945274
0.09639303482587065
0.3781094527363184
0.22014925373134328
0.14614427860696516
0.12126865671641791
0.3594527363184079
0.320273631840796
0.3439054726368159
0.2356965174129353
0.20335820895522388
0.33582089552238803
0.2257462686567164
0.24813432835820895
0.17786069651741293
0.40982587064676623
0.40858208955223885
0.31840796019900497
0.11753731343283581
0.3327114427860696
0.24564676616915423
0.3246268656716418
0.22201492537313433
0.20398009950248752
0.3072139303482587
0.27674129353233834
0.22263681592039797
0.25497512437810943
0.1685323383084577
0.09141791044776118
0.2568407960199005
0.15547263681592038
0.23507462686567165
0.09950248756218906
0.34888059701492535
0.23072139303482586
0.2935323383084577
0.1822139303482587
0.3812189054726368
0.06840796019900497
0.10572139303482588
0.15796019900497513
0.2095771144278607
0.3781094527363184
0.2885572139303483
0.3451492537313433
0.2294776119402985
0.19465174129353235
0.35074626865671643
0.3731343283582089
0.42350746268656714
0.26554726368159204
0.27363184079601993
0.44154228855721395
0.27985074626865675
0.1492537313432836
0.39738805970149255
0.2854477611940298
0.222636815920398
0.31840796019900497
0.26243781094527363
0.22139303482587064
0.2661691542288557
0.0404228855721393
0.23756218905472634
0.2630597014925373
0.1828358208955224
0.21579601990049752
0.1287313432835821
0.23569651741293532
0.5820895522388059
0.21144278606965175
0.2431592039800995
0.3513681592039801
0.31094527363184077
0.3003731343283582
0.18159203980099503
0.19838308457711445
0.21641791044776118
0.3383084577114428
0.3009950248756219
0.17661691542288557
0.12686567164179102
0.31654228855721395
0.32338308457711445
0.13432835820895522
0.23569651741293532
0.24004975124378108
0.31218905472636815
0.17537313432835822
0.10572139303482588
0.19900497512437812
0.3737562189054726
0.38681592039800994
0.292910447761194
0.14925373134328357
0.22823383084577115
0.27798507462686567
0.4546019900497512
0.1766169154228856
0.47388059701492535
0.22388059701492538
0.12375621890547264
0.3009950248756219
0.37499999999999994
0.18967661691542287
0.25808457711442784
0.3638059701492537
0.19900497512437812
0.23818407960199003
0.26119402985074625
0.1791044776119403
0.060945273631840796
0.3669154228855721
0.20211442786069653
0.13992537313432835
0.277363184079602
0.15422885572139305
0.1921641791044776
0.2562189054726368
0.3215174129353234
0.3967661691542288
0.21019900497512436
0.12748756218905472
0.2941542288557214
0.39490049751243783
0.26492537313432835
0.21455223880597016
0.15422885572139305
0.24502487562189051
0.18967661691542287
0.18407960199004975
0.06840796019900497
0.10385572139303482
0.2157960199004975
0.20087064676616917
0.12748756218905472
0.44029850746268656
0.3488805970149254
0.2717661691542289
0.24378109452736318
0.3439054726368159
0.30286069651741293
0.22761194029850745
0.14676616915422885
0.15609452736318408
0.30659203980099503
0.10634328358208954
0.39552238805970147
0.34701492537313433
0.1573383084577114
0.26679104477611937
0.3233830845771144
0.25808457711442784
0.31592039800995025
0.31529850746268656
0.2562189054726368
0.07898009950248755
0.08395522388059701
0.36504975124378103
0.24378109452736318
0.15422885572139303
0.19402985074626866
0.11069651741293533
0.15422885572139303
0.21082089552238806
0.3706467661691542
0.3893034825870647
0.1355721393034826
0.17412935323383083
0.1050995024875622
0.27611940298507465
0.2425373134328358
0.2873134328358209
0.31529850746268656
0.14116915422885573
0.30845771144278605
0.16044776119402987
0.3283582089552239
0.2095771144278607
0.2307213930348259
0.17972636815920395
0.22450248756218905
0.07587064676616916
0.20646766169154232
0.23818407960199006
0.3544776119402985
0.15485074626865672
0.3364427860696517
0.33395522388059706
0.14116915422885573
0.2599502487562189
0.3445273631840796
0.4123134328358209
0.27238805970149255
0.21641791044776118
0.34577114427860695
0.19402985074626866
0.27798507462686567
0.1324626865671642
0.2456467661691542
0.26181592039800994
0.10883084577114427
0.375
0.17164179104477614
0.20895522388059704
0.30970149253731344
0.1784825870646766
0.35883084577114427
0.09888059701492538
0.3103233830845771
0.19838308457711443
0.029228855721393034
0.2599502487562189
0.3034825870646766
0.17226368159203978
0.2705223880597015
0.16044776119402987
0.4185323383084577
0.26803482587064675
0.2848258706467662
0.31467661691542287
0.1828358208955224
0.402363184079602
0.31592039800995025
0.40174129353233834
0.3830845771144279
0.3488805970149254
0.22823383084577115
0.19216417910447758
0.35820895522388063
0.4496268656716418
0.4191542288557214
0.13059701492537312
0.22636815920398012
0.3351990049751244
0.2842039800995025
0.3638059701492537
0.06965174129353234
0.3407960199004975
0.1187810945273632
0.31965174129353235
0.15733830845771143
0.2810945273631841
0.2823383084577114
0.20335820895522388
0.1747512437810945
0.3364427860696517
0.14427860696517414
0.13681592039800997
0.32649253731343286
0.20273631840796022
0.3420398009950249
0.37002487562189057
0.14676616915422885
0.17537313432835822
0.18718905472636815
0.26865671641791045
0.19340796019900497
0.46579601990049746
0.11442786069651742
0.3103233830845771
0.2195273631840796
0.14365671641791045
0.1424129353233831
0.08333333333333334
0.2201492537313433
0.47450248756218905
0.08955223880597016
0.39925373134328357
0.2593283582089553
0.4172885572139304
0.12997512437810946
0.1921641791044776
0.40547263681592033
0.3003731343283582
0.3009950248756219
0.17101990049751245
0.12375621890547264
0.2425373134328358
0.34328358208955223
0.4626865671641791
0.1921641791044776
0.37189054726368154
0.10012437810945274
0.166044776119403
0.18532338308457713
0.18843283582089548
0.30286069651741293
0.18345771144278605
0.34452736318407956
0.09950248756218906
0.16417910447761191
0.27052238805970147
0.542910447761194
0.4614427860696517
0.15609452736318408
0.14427860696517414
0.3246268656716418
0.24129353233830847
0.2456467661691542
0.4247512437810945
0.2537313432835821
0.21890547263681592
0.34888059701492535
0.4701492537313433
0.3003731343283582
0.32027363184079605
0.2064676616915423
0.1449004975124378
0.333955223880597
0.22761194029850748
0.23694029850746268
0.20833333333333334
0.3986318407960199
0.2941542288557214
0.2531094527363184
0.21455223880597016
0.181592039800995
0.21455223880597013
0.15982587064676618
0.22823383084577115
0.27922885572139305
0.24378109452736318
0.39925373134328357
0.1455223880597015
0.2810945273631841
0.2431592039800995
0.13992537313432835
0.20087064676616917
0.2736318407960199
0.24004975124378108
0.24253731343283583
0.3034825870646766
0.4328358208955224
0.3843283582089552
0.3675373134328358
0.33519900497512434
0.5024875621890548
0.22512437810945274
0.2667910447761194
0.25995024875621886
0.3407960199004975
0.2176616915422886
0.2630597014925373
0.4253731343283582
0.42972636815920395
0.35074626865671643
0.39179104477611937
0.263681592039801
0.35074626865671643
0.1927860696517413
0.20024875621890548
0.10261194029850745
0.28171641791044777
0.3781094527363184
0.302860696517413
0.18407960199004975
0.2126865671641791
0.20833333333333334
0.13743781094527363
0.35883084577114427
0.2568407960199005
0.21144278606965175
0.13930348258706468
0.28233830845771146
0.25995024875621886
0.14925373134328357
0.22761194029850745
0.3084577114427861
0.5093283582089552
0.39925373134328357
0.10012437810945274
0.38184079601990045
0.3364427860696517
0.37997512437810943
0.27674129353233834
0.3451492537313433
0.35696517412935325
0.46766169154228854
0.24378109452736318
0.27736318407960203
0.4228855721393035
0.1256218905472637
0.5174129353233831
0.25808457711442784
0.18034825870646765
0.43843283582089554
0.2997512437810945
0.15982587064676615
0.20024875621890545
0.14427860696517414
0.1890547263681592
0.24378109452736318
0.3370646766169154
0.13557213930348258
0.23383084577114427
0.277363184079602
0.23507462686567163
0.27114427860696516
0.2953980099502488
0.27549751243781095
0.1119402985074627
0.48818407960199006
0.19838308457711443
0.12313432835820895
0.14863184079601988
0.20149253731343283
0.23507462686567165
0.19838308457711443
0.1685323383084577
0.3606965174129353
0.15671641791044777
0.26057213930348255
0.23072139303482586
0.1044776119402985
0.14738805970149255
0.42288557213930345
0.24067164179104478
0.3097014925373134
0.4247512437810945
0.3364427860696517
0.23880597014925373
0.2767412935323383
0.2966417910447761
0.2021144278606965
0.07711442786069651
0.1554726368159204
0.35945273631840796
0.5379353233830846
0.32151741293532343
0.24129353233830847
0.19776119402985076
0.27549751243781095
0.16169154228855723
0.1958955223880597
0.373134328358209
0.2643034825870647
0.37002487562189057
0.17101990049751245
0.292910447761194
0.3532338308457712
0.22636815920398007
0.14365671641791045
0.35447761194029853
0.28171641791044777
0.15049751243781095
0.05970149253731343
0.3743781094527363
0.1318407960199005
0.13246268656716417
0.2058457711442786
0.4185323383084577
0.46082089552238803
0.23507462686567163
0.27798507462686567
0.24253731343283583
0.3003731343283582
0.3706467661691542
0.390547263681592
0.24937810945273634
0.16355721393034828
0.15609452736318408
0.20335820895522388
0.18781094527363182
0.3364427860696517
0.19465174129353233
0.29664179104477617
0.4427860696517413
0.22077114427860695
0.1449004975124378
0.31218905472636815
0.19900497512437812
0.2873134328358209
0.08333333333333333
0.2873134328358209
0.2953980099502488
0.2562189054726368
0.1623134328358209
0.3656716417910448
0.29912935323383083
0.4129353233830846
0.17599502487562188
0.23880597014925373
0.26492537313432835
0.125
0.14987562189054726
0.19092039800995025
0.18345771144278608
0.5093283582089552
0.17039800995024876
0.26741293532338306
0.2493781094527363
0.08830845771144279
0.04415422885572139
0.2095771144278607
0.3470149253731344
0.3737562189054726
0.3837064676616916
0.39614427860696516
0.19340796019900497
0.3737562189054726
0.1585820895522388
0.2854477611940298
0.27674129353233834
0.24440298507462688
0.1517412935323383
0.22388059701492535
0.3980099502487562
0.1722636815920398
0.34079601990049746
0.15111940298507465
0.3432835820895523
0.3743781094527363
0.20087064676616914
0.3606965174129353
0.2518656716417911
0.37935323383084585
0.4210199004975124
0.3090796019900498
0.417910447761194
0.32649253731343286
0.3718905472636816
0.5988805970149254
0.24751243781094526
0.25870646766169153
0.2599502487562189
0.41604477611940294
0.23383084577114427
0.22574626865671643
0.4079601990049751
0.1585820895522388
0.10199004975124379
0.2257462686567164
0.18718905472636815
0.37064676616915426
0.1623134328358209
0.24751243781094526
0.4322139303482587
0.18345771144278608
0.1417910447761194
0.3880597014925373
0.37748756218905477
0.2798507462686567
0.09266169154228855
0.10385572139303481
0.3034825870646766
0.13619402985074627
0.2052238805970149
0.33830845771144274
0.2842039800995025
0.17723880597014927
0.2835820895522388
0.2985074626865672
0.19838308457711445
0.23445273631840796
0.10696517412935323
0.17910447761194032
0.27363184079601993
0.27425373134328357
0.13308457711442787
0.3606965174129353
0.291044776119403
0.36442786069651745
0.24004975124378108
0.20273631840796022
0.18470149253731344
0.6834577114427861
0.3376865671641791
0.23320895522388058
0.38930348258706465
NaN
NaN
NaN
NaN
NaN
NaN
NaN
NaN
NaN
NaN
NaN
NaN
NaN
NaN
NaN
NaN
NaN
NaN
NaN
NaN
NaN
NaN
NaN
NaN
NaN
NaN
NaN
NaN
NaN
NaN
NaN
NaN
NaN
NaN
NaN
NaN
NaN
NaN
NaN
NaN
NaN
NaN
NaN
NaN
NaN
NaN
NaN
NaN
NaN
NaN
NaN
NaN
NaN
NaN
NaN
NaN
NaN
NaN
NaN
NaN
NaN
NaN
NaN
NaN
NaN
NaN
NaN
NaN
NaN
NaN
NaN
NaN
NaN
NaN
NaN
NaN
NaN
NaN
NaN
NaN
NaN
NaN
NaN
NaN
NaN
NaN
NaN
NaN
NaN
NaN
NaN
NaN
NaN
NaN
NaN
NaN
NaN
NaN
NaN
NaN
NaN
NaN
NaN
NaN
NaN
NaN
NaN
NaN
NaN
NaN
NaN
NaN
NaN
NaN
NaN
NaN
NaN
NaN
NaN
NaN
NaN
NaN
NaN
NaN
NaN
NaN
NaN
NaN
NaN
NaN
NaN
NaN
NaN
NaN
NaN
NaN
NaN
NaN
NaN
NaN
NaN
NaN
NaN
NaN
NaN
NaN
NaN
NaN
NaN
NaN
NaN
NaN
NaN
NaN
NaN
NaN
NaN
NaN
NaN
NaN
NaN
NaN
NaN
NaN
NaN
NaN
NaN
NaN
NaN
NaN
NaN
NaN
NaN
NaN
NaN
NaN
NaN
NaN
NaN
NaN
NaN
NaN
NaN
NaN
NaN
NaN
NaN
NaN
NaN
NaN
NaN
NaN
NaN
NaN
NaN
NaN
NaN
NaN
NaN
NaN
NaN
NaN
NaN
NaN
NaN
NaN
NaN
NaN
NaN
NaN
NaN
NaN
NaN
NaN
NaN
NaN
NaN
NaN
NaN
NaN
NaN
NaN
NaN
NaN
NaN
NaN
NaN
NaN
NaN
NaN
NaN
NaN
NaN
NaN
NaN
NaN
NaN
NaN
NaN
NaN
NaN
NaN
NaN
NaN
NaN
NaN
NaN
NaN
NaN
NaN
NaN
NaN
NaN
NaN
NaN
NaN
NaN
NaN
NaN
NaN
NaN
NaN
NaN
NaN
NaN
NaN
NaN
NaN
NaN
NaN
NaN
NaN
NaN
NaN
NaN
NaN
NaN
NaN
NaN
NaN
NaN
NaN
NaN
NaN
NaN
NaN
NaN
NaN
NaN
NaN
NaN
NaN
NaN
NaN
NaN
NaN
NaN
NaN
NaN
NaN
NaN
NaN
NaN
NaN
NaN
NaN
NaN
NaN
NaN
NaN
NaN
NaN
NaN
NaN
NaN
NaN
NaN
NaN
NaN
NaN
NaN
NaN
NaN
NaN
NaN
NaN
NaN
NaN
NaN
NaN
NaN
NaN
NaN
NaN
NaN
NaN
NaN
NaN
NaN
NaN
NaN
NaN
NaN
NaN
NaN
NaN
NaN
NaN
NaN
NaN
NaN
NaN
NaN
NaN
NaN
NaN
NaN
NaN
NaN
NaN
NaN
NaN
NaN
NaN
NaN
NaN
NaN
NaN
NaN
NaN
NaN
NaN
NaN
NaN
NaN
NaN
NaN
NaN
NaN
NaN
NaN
NaN
NaN
NaN
NaN
NaN
NaN
NaN
NaN
NaN
NaN
NaN
NaN
NaN
NaN
NaN
NaN
NaN
NaN
NaN
NaN
NaN
NaN
NaN
NaN
NaN
NaN
NaN
NaN
NaN
NaN
NaN
NaN
NaN
NaN
NaN
NaN
NaN
NaN
NaN
NaN
NaN
NaN
NaN
NaN
NaN
NaN
NaN
NaN
NaN
NaN
NaN
NaN
NaN
NaN
NaN
NaN
NaN
NaN
NaN
NaN
NaN
NaN
NaN
NaN
NaN
NaN
NaN
NaN
NaN
NaN
NaN
NaN
NaN
NaN
NaN
NaN
NaN
NaN
NaN
NaN
NaN
NaN
NaN
NaN
NaN
NaN
NaN
NaN
NaN
NaN
NaN
NaN
NaN
NaN
NaN
NaN
NaN
NaN
NaN
NaN
NaN
NaN
NaN
NaN
NaN
NaN
NaN
NaN
NaN
NaN
NaN
NaN
NaN
NaN
NaN
NaN
NaN
NaN
NaN
NaN
NaN
NaN
NaN
NaN
NaN
NaN
NaN
NaN
NaN
NaN
NaN
NaN
NaN
NaN
NaN
NaN
NaN
NaN
NaN
NaN
NaN
NaN
NaN
NaN
NaN
NaN
NaN
NaN
NaN
NaN
NaN
NaN
NaN
NaN
NaN
NaN
NaN
NaN
NaN
NaN
NaN
NaN
NaN
NaN
NaN
NaN
NaN
NaN
NaN
NaN
NaN
NaN
NaN
NaN
NaN
NaN
NaN
NaN
NaN
NaN
NaN
NaN
NaN
NaN
NaN
NaN
NaN
NaN
NaN
NaN
NaN
NaN
NaN
NaN
NaN
NaN
NaN
NaN
NaN
NaN
NaN
NaN
NaN
NaN
NaN
NaN
NaN
NaN
NaN
NaN
NaN
NaN
NaN
NaN
NaN
NaN
NaN
NaN
NaN
NaN
NaN
NaN
NaN
NaN
NaN
NaN
NaN
NaN
NaN
NaN
NaN
NaN
NaN
NaN
NaN
NaN
NaN
NaN
NaN
NaN
NaN
NaN
NaN
NaN
NaN
NaN
NaN
NaN
NaN
NaN
NaN
NaN
NaN
NaN
NaN
NaN
NaN
NaN
NaN
NaN
NaN
NaN
NaN
NaN
NaN
NaN
NaN
NaN
NaN
NaN
NaN
NaN
NaN
NaN
NaN
NaN
NaN
NaN
NaN
NaN
NaN
NaN
NaN
NaN
NaN
NaN
NaN
NaN
NaN
NaN
NaN
NaN
NaN
NaN
NaN
NaN
NaN
NaN
NaN
NaN
NaN
NaN
NaN
NaN
NaN
NaN
NaN
NaN
NaN
NaN
NaN
NaN
NaN
NaN
NaN
NaN
NaN
NaN
NaN
NaN
NaN
NaN
NaN
NaN
NaN
NaN
NaN
NaN
NaN
NaN
NaN
NaN
NaN
NaN
NaN
NaN
NaN
NaN
NaN
NaN
NaN
NaN
NaN
NaN
NaN
NaN
NaN
NaN
NaN
NaN
NaN
NaN
NaN
NaN
NaN
NaN
NaN
NaN
NaN
NaN
NaN
NaN
NaN
NaN
NaN
NaN
NaN
NaN
NaN
NaN
NaN
NaN
NaN
NaN
NaN
NaN
NaN
NaN
NaN
NaN
NaN
NaN
NaN
NaN
NaN
NaN
NaN
NaN
NaN
NaN
NaN
NaN
NaN
NaN
NaN
NaN
NaN
NaN
NaN
NaN
NaN
NaN
NaN
NaN
NaN
NaN
NaN
NaN
NaN
NaN
NaN
NaN
NaN
NaN
NaN
NaN
NaN
NaN
NaN
NaN
NaN
NaN
NaN
NaN
NaN
NaN
NaN
NaN
NaN
NaN
NaN
NaN
NaN
NaN
NaN
NaN
NaN
NaN
NaN
NaN
NaN
NaN
NaN
NaN
NaN
NaN
NaN
NaN
NaN
NaN
NaN
NaN
NaN
NaN
NaN
NaN
NaN
NaN
NaN
NaN
NaN
NaN
NaN
NaN
NaN
NaN
NaN
NaN
NaN
NaN
NaN
NaN
NaN
NaN
NaN
NaN
NaN
NaN
NaN
NaN
NaN
NaN
NaN
NaN
NaN
NaN
NaN
NaN
NaN
NaN
NaN
NaN
NaN
NaN
NaN
NaN
NaN
NaN
NaN
NaN
NaN
NaN
NaN
NaN
NaN
NaN
NaN
NaN
NaN
NaN
NaN
NaN
NaN
NaN
NaN
NaN
NaN
NaN
NaN
NaN
NaN
NaN
NaN
NaN
NaN
NaN
NaN
NaN
NaN
NaN
NaN
NaN
NaN
NaN
NaN
NaN
NaN
NaN
NaN
NaN
NaN
NaN
NaN
NaN
NaN
NaN
NaN
NaN
NaN
NaN
NaN
NaN
NaN
NaN
NaN
NaN
NaN
NaN
NaN
NaN
NaN
NaN
NaN
NaN
NaN
NaN
NaN
NaN
NaN
NaN
NaN
NaN
NaN
NaN
NaN
NaN
NaN
NaN
NaN
NaN
NaN
NaN
NaN
NaN
NaN
NaN
NaN
NaN
NaN
NaN
NaN
NaN
NaN
NaN
NaN
NaN
NaN
NaN
NaN
NaN
NaN
NaN
NaN
NaN
NaN
NaN
NaN
NaN
NaN
NaN
NaN
NaN
NaN
NaN
NaN
NaN
NaN
NaN
NaN
NaN
NaN
NaN
NaN
NaN
NaN
NaN
NaN
NaN
NaN
NaN
NaN
NaN
NaN
NaN
NaN
NaN
NaN
NaN
NaN
NaN
NaN
NaN
NaN
NaN
NaN
NaN
NaN
NaN
NaN
NaN
NaN
NaN
NaN
NaN
NaN
NaN
NaN
NaN
NaN
NaN
NaN
NaN
NaN
NaN
NaN
NaN
NaN
NaN
NaN
NaN
NaN
NaN
NaN
NaN
NaN
NaN
NaN
NaN
NaN
NaN
NaN
NaN
NaN
NaN
NaN
NaN
NaN
NaN
NaN
NaN
NaN
NaN
NaN
NaN
NaN
NaN
NaN
NaN
NaN
NaN
NaN
NaN
NaN
NaN
NaN
NaN
NaN
NaN
NaN
NaN
NaN
NaN
NaN
NaN
NaN
NaN
NaN
NaN
NaN
NaN
NaN
NaN
NaN
NaN
NaN
NaN
NaN
NaN
NaN
NaN
NaN
NaN
NaN
NaN
NaN
NaN
NaN
NaN
NaN
NaN
NaN
NaN
NaN
NaN
NaN
NaN
NaN
NaN
NaN
NaN
NaN
NaN
NaN
NaN
NaN
NaN
NaN
NaN
NaN
NaN
NaN
NaN
NaN
NaN
NaN
NaN
NaN
NaN
NaN
NaN
NaN
NaN
NaN
NaN
NaN
NaN
NaN
NaN
NaN
NaN
NaN
NaN
NaN
NaN
NaN
NaN
NaN
NaN
NaN
NaN
NaN
NaN
NaN
NaN
NaN
NaN
NaN
NaN
NaN
NaN
NaN
NaN
NaN
NaN
NaN
NaN
NaN
NaN
NaN
NaN
NaN
NaN
NaN
NaN
NaN
NaN
NaN
NaN
NaN
NaN
NaN
NaN
NaN
NaN
NaN
NaN
NaN
NaN
NaN
NaN
NaN
NaN
NaN
NaN
NaN
NaN
NaN
NaN
NaN
NaN
NaN
NaN
NaN
NaN
NaN
NaN
NaN
NaN
NaN
NaN
NaN
NaN
NaN
NaN
NaN
NaN
NaN
NaN
NaN
NaN
NaN
NaN
NaN
NaN
NaN
NaN
NaN
NaN
NaN
NaN
NaN
NaN
NaN
NaN
NaN
NaN
NaN
NaN
NaN
NaN
NaN
NaN
NaN
NaN
NaN
NaN
NaN
NaN
NaN
NaN
NaN
NaN
NaN
NaN
NaN
NaN
NaN
NaN
NaN
NaN
NaN
NaN
NaN
NaN
NaN
NaN
NaN
NaN
NaN
NaN
NaN
NaN
NaN
NaN
NaN
NaN
NaN
NaN
NaN
NaN
NaN
NaN
NaN
NaN
NaN
NaN
NaN
NaN
NaN
NaN
NaN
NaN
NaN
NaN
NaN
NaN
NaN
NaN
NaN
NaN
NaN
NaN
NaN
NaN
NaN
NaN
NaN
NaN
NaN
NaN
NaN
NaN
NaN
NaN
NaN
NaN
NaN
NaN
NaN
NaN
NaN
NaN
NaN
NaN
NaN
NaN
NaN
NaN
NaN
NaN
NaN
NaN
NaN
NaN
NaN
NaN
NaN
NaN
NaN
NaN
NaN
NaN
NaN
NaN
NaN
NaN
NaN
NaN
NaN
NaN
NaN
NaN
NaN
NaN
NaN
NaN
NaN
NaN
NaN
NaN
NaN
NaN
NaN
NaN
NaN
NaN
NaN
NaN
NaN
NaN
NaN
NaN
NaN
NaN
NaN
NaN
NaN
NaN
NaN
NaN
NaN
NaN
NaN
NaN
NaN
NaN
NaN
NaN
NaN
NaN
NaN
NaN
NaN
NaN
NaN
NaN
NaN
NaN
NaN
NaN
NaN
NaN
NaN
NaN
NaN
NaN
NaN
NaN
NaN
NaN
NaN
NaN
NaN
NaN
NaN
NaN
NaN
NaN
NaN
NaN
NaN
NaN
NaN
NaN
NaN
NaN
NaN
NaN
NaN
NaN
NaN
NaN
NaN
NaN
NaN
NaN
NaN
NaN
NaN
NaN
NaN
NaN
NaN
NaN
NaN
NaN
NaN
NaN
NaN
NaN
NaN
NaN
NaN
NaN
NaN
NaN
NaN
NaN
NaN
NaN
NaN
NaN
NaN
NaN
NaN
NaN
NaN
NaN
NaN
NaN
NaN
NaN
NaN
NaN
NaN
NaN
NaN
NaN
NaN
NaN
NaN
NaN
NaN
NaN
NaN
NaN
NaN
NaN
NaN
NaN
NaN
NaN
NaN
NaN
NaN
NaN
NaN
NaN
NaN
NaN
NaN
NaN
NaN
NaN
NaN
NaN
NaN
NaN
NaN
NaN
NaN
NaN
NaN
NaN
NaN
NaN
NaN
NaN
NaN
NaN
NaN
NaN
NaN
NaN
NaN
NaN
NaN
NaN
NaN
NaN
NaN
NaN
NaN
NaN
NaN
NaN
NaN
NaN
NaN
NaN
NaN
NaN
NaN
NaN
NaN
NaN
NaN
NaN
NaN
NaN
NaN
NaN
NaN
NaN
NaN
NaN
NaN
NaN
NaN
NaN
NaN
NaN
NaN
NaN
NaN
NaN
NaN
NaN
NaN
NaN
NaN
NaN
NaN
NaN
NaN
NaN
NaN
NaN
NaN
NaN
NaN
NaN
NaN
NaN
NaN
NaN
NaN
NaN
NaN
NaN
NaN
NaN
NaN
NaN
NaN
NaN
NaN
NaN
NaN
NaN
NaN
NaN
NaN
NaN
NaN
NaN
NaN
NaN
NaN
NaN
NaN
NaN
NaN
NaN
NaN
NaN
NaN
NaN
NaN
NaN
NaN
NaN
NaN
NaN
NaN
NaN
NaN
NaN
NaN
NaN
NaN
NaN
NaN
NaN
NaN
NaN
NaN
NaN
NaN
NaN
NaN
NaN
NaN
NaN
NaN
NaN
NaN
NaN
NaN
NaN
NaN
NaN
NaN
NaN
NaN
NaN
NaN
NaN
NaN
NaN
NaN
NaN
NaN
NaN
NaN
NaN
NaN
NaN
NaN
NaN
NaN
NaN
NaN
NaN
NaN
NaN
NaN
NaN
NaN
NaN
NaN
NaN
NaN
NaN
NaN
NaN
NaN
NaN
NaN
NaN
NaN
NaN
NaN
NaN
NaN
NaN
NaN
NaN
NaN
NaN
NaN
NaN
NaN
NaN
NaN
NaN
NaN
NaN
NaN
NaN
NaN
NaN
NaN
NaN
NaN
NaN
NaN
NaN
NaN
NaN
NaN
NaN
NaN
NaN
NaN
NaN
NaN
NaN
NaN
