0.152
0.48
0.3519999999999999
0.42200000000000004
0.384
0.31599999999999995
0.248
0.39699999999999996
0.5559999999999999
0.488
0.376
0.278
0.5489999999999999
0.43000000000000005
0.32599999999999996
0.41200000000000003
0.382
0.367
0.28
0.2740000000000001
0.445
0.404
0.29
0.277
0.40599999999999997
0.516
0.32599999999999996
0.321
0.305
0.417
0.302
0.23699999999999996
0.229
0.23500000000000001
0.337
0.345
0.36199999999999993
0.307
0.44899999999999995
0.481
0.43499999999999994
0.4010000000000001
0.398
0.4800000000000001
0.538
0.43500000000000005
0.521
0.42800000000000005
0.371
0.425
0.45600000000000007
0.37199999999999994
0.54
0.4619999999999999
0.351
0.378
0.36
0.382
0.49399999999999994
0.39399999999999996
0.45499999999999996
0.383
0.493
0.42400000000000004
0.461
0.39899999999999997
0.634
0.6409999999999999
0.29500000000000004
0.22199999999999998
0.344
0.3549999999999999
0.30700000000000005
0.453
0.24699999999999997
0.454
0.433
0.388
0.499
0.347
0.41400000000000003
0.5879999999999999
0.483
0.404
0.37299999999999994
0.27299999999999996
0.5489999999999999
0.42300000000000004
0.48200000000000004
0.538
0.5349999999999999
0.43400000000000005
0.517
0.5129999999999999
0.5730000000000002
0.576
0.561
0.5339999999999999
0.418
0.31
0.531
0.656
0.449
0.34900000000000003
0.379
0.46900000000000003
0.44000000000000006
0.42799999999999994
0.45999999999999996
0.325
0.362
0.45999999999999996
0.483
0.4069999999999999
0.402
0.438
0.47000000000000003
0.43500000000000005
0.339
0.27
0.321
0.369
0.46299999999999997
0.418
0.334
0.255
0.43100000000000005
0.526
0.44399999999999995
0.371
0.314
0.22000000000000003
0.323
0.275
0.36300000000000004
0.43199999999999994
0.42000000000000004
0.322
0.288
0.45
0.4880000000000001
0.34
0.433
0.44400000000000006
0.33199999999999996
0.4779999999999999
0.551
0.506
0.442
0.5429999999999999
0.45333333333333325
0.4211111111111111
0.42999999999999994
0.4444444444444444
0.4588888888888889
0.4288888888888889
0.4166666666666667
0.3544444444444444
0.3011111111111111
0.27222222222222225
0.26222222222222225
0.29000000000000004
0.4566666666666666
0.3533333333333333
0.46111111111111114
0.3744444444444444
0.27222222222222225
0.3122222222222223
0.47111111111111115
0.5444444444444445
0.3233333333333333
0.41000000000000003
0.5
0.42444444444444446
0.4566666666666666
0.28888888888888886
0.24444444444444446
0.47777777777777775
0.2711111111111111
0.18000000000000005
0.3055555555555555
0.3966666666666667
0.42666666666666664
0.28777777777777774
0.3255555555555556
0.4744444444444444
0.4911111111111112
0.5644444444444444
0.38
0.43
0.4188888888888889
0.3588888888888889
0.30666666666666664
0.38111111111111107
0.4311111111111111
0.3455555555555556
0.5055555555555555
0.4044444444444445
0.24555555555555555
0.20555555555555555
0.3388888888888889
0.3622222222222222
0.3422222222222222
0.3766666666666667
0.43
0.4433333333333333
0.4933333333333334
0.19000000000000003
0.31222222222222223
0.3477777777777777
0.2922222222222222
0.3277777777777777
0.4066666666666667
0.28777777777777774
0.39888888888888885
0.5066666666666666
0.4288888888888889
0.3611111111111111
0.45333333333333337
0.3988888888888889
0.43666666666666676
0.4766666666666668
0.4488888888888889
0.3088888888888889
0.35
0.37444444444444447
0.4155555555555555
0.4666666666666667
0.3022222222222222
0.37222222222222223
0.34888888888888886
0.47
0.5366666666666667
0.5433333333333334
0.4744444444444444
0.33444444444444443
0.32333333333333336
0.4466666666666667
0.4
0.5866666666666667
0.6444444444444445
0.5077777777777778
0.3622222222222222
0.29666666666666663
0.26555555555555554
0.34777777777777774
0.33111111111111113
0.3188888888888889
0.39333333333333337
0.2988888888888889
0.45222222222222225
0.4655555555555555
0.4211111111111111
0.42999999999999994
0.6277777777777778
0.3755555555555556
0.44222222222222224
0.4155555555555555
0.30666666666666664
0.35111111111111115
0.38222222222222224
0.3311111111111111
0.3644444444444445
0.37888888888888883
0.4577777777777777
0.26666666666666666
0.32555555555555554
0.26
0.4088888888888889
0.48444444444444446
0.3544444444444444
0.2866666666666666
0.2288888888888889
0.32999999999999996
0.3244444444444444
0.37
0.581111111111111
0.3377777777777778
0.5822222222222222
0.57
0.5744444444444444
0.6088888888888889
0.3877777777777778
0.4344444444444444
0.37444444444444447
0.45333333333333337
0.3977777777777778
0.3933333333333333
0.42333333333333334
0.38222222222222224
0.5611111111111111
0.3466666666666667
0.45222222222222214
0.6488888888888888
0.6600000000000001
0.4244444444444444
0.43444444444444447
0.5511111111111111
0.4311111111111111
0.35777777777777775
0.4511111111111112
0.35333333333333333
0.27
0.33333333333333326
0.3844444444444445
0.5755555555555555
0.4566666666666666
0.6933333333333334
0.4933333333333334
0.37222222222222223
0.32777777777777783
0.17555555555555555
0.508888888888889
0.6022222222222221
0.36333333333333334
0.31666666666666665
0.38111111111111107
0.24888888888888885
0.2833333333333333
0.32222222222222224
0.36555555555555563
0.4366666666666667
0.3055555555555556
0.3144444444444444
0.38111111111111107
0.3988888888888889
0.2888888888888889
0.2544444444444445
0.4444444444444444
0.5066666666666666
0.5655555555555556
0.5511111111111111
0.44222222222222224
0.5333333333333333
0.64
0.5522222222222222
0.5044444444444445
0.1988888888888889
0.3233333333333333
0.39555555555555555
0.39555555555555555
0.4844444444444444
0.46222222222222226
0.4011111111111111
0.3088888888888888
0.43555555555555553
0.6211111111111111
0.5244444444444444
0.4066666666666666
0.37444444444444447
0.3433333333333333
0.42888888888888876
0.32
0.23777777777777778
0.3655555555555555
0.28444444444444444
0.3833333333333333
0.3155555555555556
0.5688888888888889
0.47333333333333333
0.2733333333333333
0.4088888888888889
0.3622222222222222
0.3788888888888889
0.45222222222222214
0.3344444444444445
0.2188888888888889
0.38999999999999996
0.4177777777777778
0.5955555555555556
0.3977777777777778
0.38333333333333336
0.4477777777777777
0.2733333333333333
0.5044444444444444
0.5644444444444444
0.25333333333333335
0.3011111111111111
0.4766666666666667
0.3411111111111111
0.33
0.40111111111111103
0.38444444444444437
0.5366666666666666
0.42
0.45000000000000007
0.42
0.37444444444444447
0.3622222222222222
0.36333333333333334
0.5077777777777778
0.30000000000000004
0.47333333333333333
0.41888888888888887
0.44222222222222224
0.29777777777777786
0.46888888888888886
0.46888888888888886
0.3833333333333333
0.5
0.25333333333333335
0.4855555555555556
0.5077777777777778
0.4366666666666667
0.4366666666666667
0.42888888888888893
0.3466666666666667
0.44555555555555554
0.36444444444444446
0.2888888888888889
0.4288888888888889
0.39444444444444443
0.36111111111111105
0.4033333333333334
0.43
0.38999999999999996
0.4788888888888889
0.581111111111111
0.33
0.19111111111111112
0.24000000000000007
0.32666666666666666
0.41000000000000003
0.42666666666666664
0.33555555555555555
0.3177777777777777
0.47111111111111104
0.2588888888888889
0.4755555555555555
0.3055555555555556
0.27666666666666667
0.4377777777777778
0.3977777777777778
0.4088888888888889
0.5211111111111111
0.62
0.4555555555555556
0.38333333333333336
0.41666666666666674
0.3933333333333333
0.39444444444444443
0.39888888888888885
0.4
0.33444444444444443
0.38666666666666666
0.40555555555555556
0.30666666666666664
0.4377777777777777
0.4677777777777777
0.3811111111111111
0.4744444444444444
0.33555555555555555
0.3411111111111111
0.3055555555555556
0.41888888888888887
0.41555555555555546
0.6022222222222223
0.5833333333333334
0.43666666666666665
0.39111111111111113
0.6044444444444445
0.3888888888888889
0.5377777777777778
0.5566666666666666
0.5088888888888888
0.44777777777777783
0.43555555555555553
0.5477777777777777
0.40222222222222226
0.37
0.42222222222222217
0.48444444444444446
0.4033333333333333
0.4466666666666667
0.5633333333333332
0.49222222222222217
0.25555555555555554
0.3422222222222222
0.30777777777777776
0.25555555555555554
0.30888888888888894
0.3211111111111111
0.28555555555555556
0.37111111111111117
0.4322222222222222
0.36777777777777776
0.30777777777777776
0.5011111111111111
0.3711111111111111
0.4444444444444444
0.461111111111111
0.33555555555555555
0.4577777777777778
0.36777777777777776
0.3277777777777778
0.19777777777777777
0.3766666666666667
0.36333333333333334
0.3655555555555556
0.3988888888888889
0.31
0.2688888888888889
0.3288888888888889
0.27444444444444444
0.33111111111111113
0.45444444444444443
0.40222222222222226
0.5455555555555556
0.44222222222222224
0.3911111111111111
0.45333333333333337
0.47000000000000003
0.41
0.6066666666666667
0.4955555555555555
0.48222222222222233
0.3377777777777778
0.6700000000000002
0.4811111111111111
0.4377777777777779
0.4811111111111111
0.3733333333333333
0.48222222222222233
0.3466666666666666
0.43
0.3566666666666667
0.4222222222222222
0.3433333333333334
0.3288888888888889
0.4033333333333333
0.5477777777777777
0.5544444444444445
0.4977777777777778
0.21555555555555556
0.3344444444444445
0.3355555555555555
0.45888888888888896
0.49444444444444446
0.5022222222222221
0.2544444444444445
0.41333333333333333
0.4488888888888889
0.5355555555555555
0.3422222222222222
0.4588888888888889
0.40111111111111103
0.41777777777777775
0.34777777777777774
0.3788888888888889
0.4044444444444444
0.3633333333333334
0.5055555555555556
0.36111111111111105
0.3666666666666667
0.3966666666666667
0.588888888888889
0.34111111111111114
0.3422222222222222
0.41444444444444445
0.44333333333333325
0.42000000000000004
0.4433333333333333
0.3988888888888889
0.4666666666666668
0.43444444444444447
0.3955555555555556
0.4355555555555556
0.5211111111111111
0.39888888888888885
0.45444444444444443
0.38555555555555554
0.38555555555555554
0.46111111111111114
0.46444444444444444
0.4544444444444443
0.3233333333333333
0.3933333333333333
0.3188888888888889
0.31777777777777777
0.3566666666666667
0.42999999999999994
0.4433333333333333
0.41888888888888887
0.3733333333333333
0.38333333333333336
0.3788888888888889
0.3088888888888889
0.3600000000000001
0.2866666666666667
0.4722222222222222
0.4955555555555555
0.4833333333333334
0.5077777777777778
0.4233333333333333
0.5966666666666666
0.5111111111111111
0.3511111111111111
0.4133333333333333
0.44777777777777783
0.41555555555555557
0.4277777777777778
0.3588888888888888
0.2988888888888889
0.4588888888888889
0.36999999999999994
0.32555555555555554
0.2733333333333333
0.33000000000000007
0.3255555555555556
0.43777777777777777
0.35888888888888887
0.36000000000000004
0.3166666666666667
0.3455555555555556
0.4166666666666667
0.41888888888888887
0.38666666666666666
0.3111111111111111
0.37111111111111117
0.36888888888888893
0.37777777777777777
0.5133333333333333
0.4288888888888889
0.42444444444444446
0.38555555555555554
0.4855555555555556
0.5477777777777778
0.43999999999999995
0.4811111111111111
0.35888888888888887
0.4655555555555555
0.6177777777777779
0.4655555555555555
0.5633333333333334
0.28
0.3477777777777778
0.2933333333333333
0.4077777777777778
0.27777777777777773
0.37333333333333335
0.37444444444444447
0.24666666666666665
0.44555555555555554
0.3344444444444445
0.31333333333333324
0.37555555555555553
0.45888888888888896
0.4011111111111111
0.3022222222222223
0.3400000000000001
0.4277777777777778
0.29777777777777775
0.5333333333333333
0.32
0.37555555555555553
0.548888888888889
0.4144444444444445
0.5544444444444445
0.5477777777777777
0.5044444444444445
0.3844444444444444
0.4166666666666667
0.31333333333333335
0.37555555555555553
0.31444444444444447
0.4766666666666667
0.2944444444444445
0.3844444444444444
0.44777777777777783
0.49444444444444446
0.31666666666666665
0.41777777777777775
0.5677777777777777
0.508888888888889
0.3711111111111111
0.4233333333333333
0.4355555555555556
0.37222222222222223
0.33666666666666667
0.418888888888889
0.3955555555555555
0.4833333333333333
0.4233333333333333
0.3777777777777778
0.46333333333333343
0.45333333333333337
0.3966666666666666
0.28222222222222215
0.38222222222222224
0.4811111111111111
0.40555555555555556
0.4799999999999999
0.4255555555555556
0.3255555555555556
0.5211111111111111
0.41000000000000003
0.448888888888889
0.41555555555555546
0.4200000000000001
0.45999999999999996
0.39777777777777784
0.40222222222222226
0.3877777777777778
0.4655555555555556
0.36888888888888893
0.3611111111111111
0.2466666666666666
0.3755555555555555
0.26
0.3422222222222222
0.29555555555555557
0.48888888888888893
0.5266666666666667
0.4755555555555555
0.4799999999999999
0.41777777777777786
0.5266666666666667
0.4377777777777778
0.44
0.5
0.34555555555555556
0.5522222222222222
0.29555555555555557
0.46666666666666656
0.5066666666666666
0.44555555555555554
0.6022222222222223
0.5344444444444444
0.5211111111111112
0.4833333333333334
0.43
0.31222222222222223
0.508888888888889
0.3177777777777778
0.41666666666666674
0.35555555555555557
0.24777777777777776
0.5211111111111112
0.3855555555555556
0.4033333333333333
0.29777777777777775
0.21777777777777776
0.3722222222222222
0.31222222222222223
0.44111111111111106
0.4477777777777777
0.47777777777777775
0.4922222222222223
0.32666666666666666
0.2988888888888889
NaN
NaN
NaN
NaN
NaN
NaN
NaN
NaN
NaN
NaN
NaN
NaN
NaN
NaN
NaN
NaN
NaN
NaN
NaN
NaN
NaN
NaN
NaN
NaN
NaN
NaN
NaN
NaN
NaN
NaN
NaN
NaN
NaN
NaN
NaN
NaN
NaN
NaN
NaN
NaN
NaN
NaN
NaN
NaN
NaN
NaN
NaN
NaN
NaN
NaN
NaN
NaN
NaN
NaN
NaN
NaN
NaN
NaN
NaN
NaN
NaN
NaN
NaN
NaN
NaN
NaN
NaN
NaN
NaN
NaN
NaN
NaN
NaN
NaN
NaN
NaN
NaN
NaN
NaN
NaN
NaN
NaN
NaN
NaN
NaN
NaN
NaN
NaN
NaN
NaN
NaN
NaN
NaN
NaN
NaN
NaN
NaN
NaN
NaN
NaN
NaN
NaN
NaN
NaN
NaN
NaN
NaN
NaN
NaN
NaN
NaN
NaN
NaN
NaN
NaN
NaN
NaN
NaN
NaN
NaN
NaN
NaN
NaN
NaN
NaN
NaN
NaN
NaN
NaN
NaN
NaN
NaN
NaN
NaN
NaN
NaN
NaN
NaN
NaN
NaN
NaN
NaN
NaN
NaN
NaN
NaN
NaN
NaN
NaN
NaN
NaN
NaN
NaN
NaN
NaN
NaN
NaN
NaN
NaN
NaN
NaN
NaN
NaN
NaN
NaN
NaN
NaN
NaN
NaN
NaN
NaN
NaN
NaN
NaN
NaN
NaN
NaN
NaN
NaN
NaN
NaN
NaN
NaN
NaN
NaN
NaN
NaN
NaN
NaN
NaN
NaN
NaN
NaN
NaN
NaN
NaN
NaN
NaN
NaN
NaN
NaN
NaN
NaN
NaN
NaN
NaN
NaN
NaN
NaN
NaN
NaN
NaN
NaN
NaN
NaN
NaN
NaN
NaN
NaN
NaN
NaN
NaN
NaN
NaN
NaN
NaN
NaN
NaN
NaN
NaN
NaN
NaN
NaN
NaN
NaN
NaN
NaN
NaN
NaN
NaN
NaN
NaN
NaN
NaN
NaN
NaN
NaN
NaN
NaN
NaN
NaN
NaN
NaN
NaN
NaN
NaN
NaN
NaN
NaN
NaN
NaN
NaN
NaN
NaN
NaN
NaN
NaN
NaN
NaN
NaN
NaN
NaN
NaN
NaN
NaN
NaN
NaN
NaN
NaN
NaN
NaN
NaN
NaN
NaN
NaN
NaN
NaN
NaN
NaN
NaN
NaN
NaN
NaN
NaN
NaN
NaN
NaN
NaN
NaN
NaN
NaN
NaN
NaN
NaN
NaN
NaN
NaN
NaN
NaN
NaN
NaN
NaN
NaN
NaN
NaN
NaN
NaN
NaN
NaN
NaN
NaN
NaN
NaN
NaN
NaN
NaN
NaN
NaN
NaN
NaN
NaN
NaN
NaN
NaN
NaN
NaN
NaN
NaN
NaN
NaN
NaN
NaN
NaN
NaN
NaN
NaN
NaN
NaN
NaN
NaN
NaN
NaN
NaN
NaN
NaN
NaN
NaN
NaN
NaN
NaN
NaN
NaN
NaN
NaN
NaN
NaN
NaN
NaN
NaN
NaN
NaN
NaN
NaN
NaN
NaN
NaN
NaN
NaN
NaN
NaN
NaN
NaN
NaN
NaN
NaN
NaN
NaN
NaN
NaN
NaN
NaN
NaN
NaN
NaN
NaN
NaN
NaN
NaN
NaN
NaN
NaN
NaN
NaN
NaN
NaN
NaN
NaN
NaN
NaN
NaN
NaN
NaN
NaN
NaN
NaN
NaN
NaN
NaN
NaN
NaN
NaN
NaN
NaN
NaN
NaN
NaN
NaN
NaN
NaN
NaN
NaN
NaN
NaN
NaN
NaN
NaN
NaN
NaN
NaN
NaN
NaN
NaN
NaN
NaN
NaN
NaN
NaN
NaN
NaN
NaN
NaN
NaN
NaN
NaN
NaN
NaN
NaN
NaN
NaN
NaN
NaN
NaN
NaN
NaN
NaN
NaN
NaN
NaN
NaN
NaN
NaN
NaN
NaN
NaN
NaN
NaN
NaN
NaN
NaN
NaN
NaN
NaN
NaN
NaN
NaN
NaN
NaN
NaN
NaN
NaN
NaN
NaN
NaN
NaN
NaN
NaN
NaN
NaN
NaN
NaN
NaN
NaN
NaN
NaN
NaN
NaN
NaN
NaN
NaN
NaN
NaN
NaN
NaN
NaN
NaN
NaN
NaN
NaN
NaN
NaN
NaN
NaN
NaN
NaN
NaN
NaN
NaN
NaN
NaN
NaN
NaN
NaN
NaN
NaN
NaN
NaN
NaN
NaN
NaN
NaN
NaN
NaN
NaN
NaN
NaN
NaN
NaN
NaN
NaN
NaN
NaN
NaN
NaN
NaN
NaN
NaN
NaN
NaN
NaN
NaN
NaN
NaN
NaN
NaN
NaN
NaN
NaN
NaN
NaN
NaN
NaN
NaN
NaN
NaN
NaN
NaN
NaN
NaN
NaN
NaN
NaN
NaN
NaN
NaN
NaN
NaN
NaN
NaN
NaN
NaN
NaN
NaN
NaN
NaN
NaN
NaN
NaN
NaN
NaN
NaN
NaN
NaN
NaN
NaN
NaN
NaN
NaN
NaN
NaN
NaN
NaN
NaN
NaN
NaN
NaN
NaN
NaN
NaN
NaN
NaN
NaN
NaN
NaN
NaN
NaN
NaN
NaN
NaN
NaN
NaN
NaN
NaN
NaN
NaN
NaN
NaN
NaN
NaN
NaN
NaN
NaN
NaN
NaN
NaN
NaN
NaN
NaN
NaN
NaN
NaN
NaN
NaN
NaN
NaN
NaN
NaN
NaN
NaN
NaN
NaN
NaN
NaN
NaN
NaN
NaN
NaN
NaN
NaN
NaN
NaN
NaN
NaN
NaN
NaN
NaN
NaN
NaN
NaN
NaN
NaN
NaN
NaN
NaN
NaN
NaN
NaN
NaN
NaN
NaN
NaN
NaN
NaN
NaN
NaN
NaN
NaN
NaN
NaN
NaN
NaN
NaN
NaN
NaN
NaN
NaN
NaN
NaN
NaN
NaN
NaN
NaN
NaN
NaN
NaN
NaN
NaN
NaN
NaN
NaN
NaN
NaN
NaN
NaN
NaN
NaN
NaN
NaN
NaN
NaN
NaN
NaN
NaN
NaN
NaN
NaN
NaN
NaN
NaN
NaN
NaN
NaN
NaN
NaN
NaN
NaN
NaN
NaN
NaN
NaN
NaN
NaN
NaN
NaN
NaN
NaN
NaN
NaN
NaN
NaN
NaN
NaN
NaN
NaN
NaN
NaN
NaN
NaN
NaN
NaN
NaN
NaN
NaN
NaN
NaN
NaN
NaN
NaN
NaN
NaN
NaN
NaN
NaN
NaN
NaN
NaN
NaN
NaN
NaN
NaN
NaN
NaN
NaN
NaN
NaN
NaN
NaN
NaN
NaN
NaN
NaN
NaN
NaN
NaN
NaN
NaN
NaN
NaN
NaN
NaN
NaN
NaN
NaN
NaN
NaN
NaN
NaN
NaN
NaN
NaN
NaN
NaN
NaN
NaN
NaN
NaN
NaN
NaN
NaN
NaN
NaN
NaN
NaN
NaN
NaN
NaN
NaN
NaN
NaN
NaN
NaN
NaN
NaN
NaN
NaN
NaN
NaN
NaN
NaN
NaN
NaN
NaN
NaN
NaN
NaN
NaN
NaN
NaN
NaN
NaN
NaN
NaN
NaN
NaN
NaN
NaN
NaN
NaN
NaN
NaN
NaN
NaN
NaN
NaN
NaN
NaN
NaN
NaN
NaN
NaN
NaN
NaN
NaN
NaN
NaN
NaN
NaN
NaN
NaN
NaN
NaN
NaN
NaN
NaN
NaN
NaN
NaN
NaN
NaN
NaN
NaN
NaN
NaN
NaN
NaN
NaN
NaN
NaN
NaN
NaN
NaN
NaN
NaN
NaN
NaN
NaN
NaN
NaN
NaN
NaN
NaN
NaN
NaN
NaN
NaN
NaN
NaN
NaN
NaN
NaN
NaN
NaN
NaN
NaN
NaN
NaN
NaN
NaN
NaN
NaN
NaN
NaN
NaN
NaN
NaN
NaN
NaN
NaN
NaN
NaN
NaN
NaN
NaN
NaN
NaN
NaN
NaN
NaN
NaN
NaN
NaN
NaN
NaN
NaN
NaN
NaN
NaN
NaN
NaN
NaN
NaN
NaN
NaN
NaN
NaN
NaN
NaN
NaN
NaN
NaN
NaN
NaN
NaN
NaN
NaN
NaN
NaN
NaN
NaN
NaN
NaN
NaN
NaN
NaN
NaN
NaN
NaN
NaN
NaN
NaN
NaN
NaN
NaN
NaN
NaN
NaN
NaN
NaN
NaN
NaN
NaN
NaN
NaN
NaN
NaN
NaN
NaN
NaN
NaN
NaN
NaN
NaN
NaN
NaN
NaN
NaN
NaN
NaN
NaN
NaN
NaN
NaN
NaN
NaN
NaN
NaN
NaN
NaN
NaN
NaN
NaN
NaN
NaN
NaN
NaN
NaN
NaN
NaN
NaN
NaN
NaN
NaN
NaN
NaN
NaN
NaN
NaN
NaN
NaN
NaN
NaN
NaN
NaN
NaN
NaN
NaN
NaN
NaN
NaN
NaN
NaN
NaN
NaN
NaN
NaN
NaN
NaN
NaN
NaN
NaN
NaN
NaN
NaN
NaN
NaN
NaN
NaN
NaN
NaN
NaN
NaN
NaN
NaN
NaN
NaN
NaN
NaN
NaN
NaN
NaN
NaN
NaN
NaN
NaN
NaN
NaN
NaN
NaN
NaN
NaN
NaN
NaN
NaN
NaN
NaN
NaN
NaN
NaN
NaN
NaN
NaN
NaN
NaN
NaN
NaN
NaN
NaN
NaN
NaN
NaN
NaN
NaN
NaN
NaN
NaN
NaN
NaN
NaN
NaN
NaN
NaN
NaN
NaN
NaN
NaN
NaN
NaN
NaN
NaN
NaN
NaN
NaN
NaN
NaN
NaN
NaN
NaN
NaN
NaN
NaN
NaN
NaN
NaN
NaN
NaN
NaN
NaN
NaN
NaN
NaN
NaN
NaN
NaN
NaN
NaN
NaN
NaN
NaN
NaN
NaN
NaN
NaN
NaN
NaN
NaN
NaN
NaN
NaN
NaN
NaN
NaN
NaN
NaN
NaN
NaN
NaN
NaN
NaN
NaN
NaN
NaN
NaN
NaN
NaN
NaN
NaN
NaN
NaN
NaN
NaN
NaN
NaN
NaN
NaN
NaN
NaN
NaN
NaN
NaN
NaN
NaN
NaN
NaN
NaN
NaN
NaN
NaN
NaN
NaN
NaN
NaN
NaN
NaN
NaN
NaN
NaN
NaN
NaN
NaN
NaN
NaN
NaN
NaN
NaN
NaN
NaN
NaN
NaN
NaN
NaN
NaN
NaN
NaN
NaN
NaN
NaN
NaN
NaN
NaN
NaN
NaN
NaN
NaN
NaN
NaN
NaN
NaN
NaN
NaN
NaN
NaN
NaN
NaN
NaN
NaN
NaN
NaN
NaN
NaN
NaN
NaN
NaN
NaN
NaN
NaN
NaN
NaN
NaN
NaN
NaN
NaN
NaN
NaN
NaN
NaN
NaN
NaN
NaN
NaN
NaN
NaN
NaN
NaN
NaN
NaN
NaN
NaN
NaN
NaN
NaN
NaN
NaN
NaN
NaN
NaN
NaN
NaN
NaN
NaN
NaN
NaN
NaN
NaN
NaN
NaN
NaN
NaN
NaN
NaN
NaN
NaN
NaN
NaN
NaN
NaN
NaN
NaN
NaN
NaN
NaN
NaN
NaN
NaN
NaN
NaN
NaN
NaN
NaN
NaN
NaN
NaN
NaN
NaN
NaN
NaN
NaN
NaN
NaN
NaN
NaN
NaN
NaN
NaN
NaN
NaN
NaN
NaN
NaN
NaN
NaN
NaN
NaN
NaN
NaN
NaN
NaN
NaN
NaN
NaN
NaN
NaN
NaN
NaN
NaN
NaN
NaN
NaN
NaN
NaN
NaN
NaN
NaN
NaN
NaN
NaN
NaN
NaN
NaN
NaN
NaN
NaN
NaN
NaN
NaN
NaN
NaN
NaN
NaN
NaN
NaN
NaN
NaN
NaN
NaN
NaN
NaN
NaN
NaN
NaN
NaN
NaN
NaN
NaN
NaN
NaN
NaN
NaN
NaN
NaN
NaN
NaN
NaN
NaN
NaN
NaN
NaN
NaN
NaN
NaN
NaN
NaN
NaN
NaN
NaN
NaN
NaN
NaN
NaN
NaN
NaN
NaN
NaN
NaN
NaN
NaN
NaN
NaN
NaN
NaN
NaN
NaN
NaN
NaN
NaN
NaN
NaN
NaN
NaN
NaN
NaN
NaN
NaN
NaN
NaN
NaN
NaN
NaN
NaN
NaN
NaN
NaN
NaN
NaN
NaN
NaN
NaN
NaN
NaN
NaN
NaN
NaN
NaN
NaN
NaN
NaN
NaN
NaN
NaN
NaN
NaN
NaN
NaN
NaN
NaN
NaN
NaN
NaN
NaN
NaN
NaN
NaN
NaN
NaN
NaN
NaN
NaN
NaN
NaN
NaN
NaN
NaN
NaN
NaN
NaN
NaN
NaN
NaN
NaN
NaN
NaN
NaN
NaN
NaN
NaN
NaN
NaN
NaN
NaN
NaN
NaN
NaN
NaN
NaN
NaN
NaN
NaN
NaN
NaN
NaN
NaN
NaN
NaN
NaN
NaN
NaN
NaN
NaN
NaN
NaN
NaN
NaN
NaN
NaN
NaN
NaN
NaN
NaN
NaN
NaN
NaN
NaN
NaN
NaN
NaN
NaN
NaN
NaN
NaN
NaN
NaN
NaN
NaN
NaN
NaN
NaN
NaN
NaN
NaN
NaN
NaN
NaN
NaN
NaN
NaN
NaN
NaN
NaN
NaN
NaN
NaN
NaN
NaN
NaN
NaN
NaN
NaN
NaN
NaN
NaN
NaN
NaN
NaN
NaN
NaN
NaN
NaN
NaN
NaN
NaN
NaN
NaN
NaN
NaN
NaN
NaN
NaN
NaN
NaN
NaN
NaN
NaN
NaN
NaN
NaN
NaN
NaN
NaN
NaN
NaN
NaN
NaN
NaN
NaN
NaN
NaN
NaN
NaN
NaN
NaN
NaN
NaN
NaN
NaN
NaN
NaN
NaN
NaN
NaN
NaN
NaN
NaN
NaN
NaN
NaN
NaN
NaN
NaN
NaN
NaN
NaN
NaN
NaN
NaN
NaN
NaN
NaN
NaN
NaN
NaN
NaN
NaN
NaN
NaN
NaN
NaN
NaN
NaN
NaN
NaN
NaN
NaN
NaN
NaN
NaN
NaN
NaN
NaN
NaN
NaN
NaN
NaN
NaN
NaN
NaN
NaN
NaN
NaN
NaN
NaN
NaN
NaN
NaN
NaN
NaN
NaN
NaN
NaN
NaN
NaN
NaN
NaN
NaN
NaN
NaN
NaN
NaN
NaN
NaN
NaN
NaN
NaN
NaN
NaN
NaN
NaN
NaN
NaN
NaN
NaN
NaN
NaN
NaN
NaN
NaN
NaN
NaN
NaN
NaN
NaN
NaN
NaN
