0.007215007215007216
0.01875901875901876
0.04184704184704185
0.05483405483405484
0.017316017316017316
0.008658008658008658
0.1212121212121212
0.09956709956709957
0.08658008658008658
0.07936507936507937
0.1645021645021645
0.18037518037518036
0.1774891774891775
0.2972582972582973
0.20634920634920634
0.2842712842712843
0.23232323232323235
0.2251082251082251
0.17316017316017313
0.227994227994228
0.3650793650793651
0.2813852813852814
0.25974025974025977
0.22655122655122656
0.2294372294372294
0.2626262626262626
0.2611832611832612
0.21645021645021645
0.2871572871572872
0.21645021645021645
0.21067821067821071
0.2958152958152958
0.4141414141414141
0.417027417027417
0.3015873015873015
0.24675324675324678
0.2871572871572872
0.33044733044733043
0.29004329004329005
0.22222222222222224
0.2510822510822511
0.24819624819624816
0.33766233766233766
0.468975468975469
0.5093795093795094
0.45310245310245306
0.4155844155844156
0.47474747474747475
0.3203463203463204
0.43001443001443
0.45454545454545453
0.36796536796536794
0.3838383838383838
0.4805194805194805
0.5382395382395383
0.5353535353535354
0.42279942279942284
0.46608946608946605
0.43001443001443007
0.3232323232323232
0.21212121212121213
0.3174603174603175
0.2366522366522367
0.3088023088023088
0.32467532467532473
0.2972582972582973
0.253968253968254
0.3838383838383838
0.19480519480519481
0.30735930735930733
0.19913419913419914
0.07647907647907648
0.05627705627705627
0.06782106782106782
0.1414141414141414
0.17748917748917745
0.13852813852813853
0.18903318903318903
0.14285714285714285
0.07359307359307359
0.13275613275613277
0.07647907647907648
0.15584415584415584
0.18903318903318903
0.19913419913419914
0.23953823953823955
0.17893217893217894
0.15295815295815296
0.24819624819624822
0.1616161616161616
0.1919191919191919
0.33189033189033185
0.2741702741702742
0.20057720057720058
0.10245310245310246
0.21212121212121213
0.3492063492063492
0.27994227994227994
0.24242424242424243
0.2756132756132756
0.2366522366522367
0.18903318903318903
0.18037518037518036
0.22510822510822512
0.29581529581529586
0.24819624819624822
0.2323232323232323
0.29437229437229434
0.2626262626262626
0.22366522366522368
0.16883116883116883
0.19047619047619047
0.18181818181818182
0.21212121212121213
0.29292929292929293
0.22510822510822512
0.2972582972582973
0.34487734487734484
0.40692640692640697
0.2683982683982684
0.30158730158730157
0.26262626262626265
0.2049062049062049
0.25396825396825395
0.38672438672438675
0.27849927849927847
0.4141414141414141
0.546897546897547
0.6002886002886003
0.47474747474747475
0.42424242424242425
0.27994227994227994
0.29004329004329005
0.2337662337662338
0.26551226551226553
0.3261183261183261
0.30014430014430016
0.27849927849927847
0.3217893217893218
0.30735930735930733
0.31890331890331897
0.3362193362193362
0.37229437229437234
0.4329004329004329
0.27705627705627706
0.354978354978355
0.4574314574314574
0.31313131313131315
0.3780663780663781
0.2972582972582973
0.1919191919191919
0.2453102453102453
0.21212121212121213
0.16305916305916307
0.031746031746031744
0.02597402597402598
0.12554112554112554
0.1544011544011544
0.12842712842712842
0.15584415584415584
0.18181818181818182
0.1414141414141414
0.1919191919191919
0.19913419913419914
0.2049062049062049
0.08513708513708514
0.14430014430014432
0.2626262626262626
0.1370851370851371
0.1601731601731602
0.21067821067821071
0.1688311688311688
0.16017316017316016
0.11976911976911976
0.19913419913419914
0.19480519480519481
0.07359307359307359
0.14285714285714285
0.07215007215007216
0.015873015873015876
0.044733044733044736
0.004329004329004329
0.08946608946608946
0.15584415584415584
0.15728715728715728
0.08513708513708515
0.08225108225108224
0.0865800865800866
0.21789321789321786
0.23953823953823955
0.12265512265512266
0.07647907647907648
0.062049062049062055
0.05916305916305916
0.19913419913419914
0.1673881673881674
0.22799422799422797
0.22077922077922077
0.15007215007215005
0.08946608946608947
0.1645021645021645
0.20490620490620493
0.05772005772005772
0.1688311688311688
0.18037518037518036
0.08802308802308802
0.09235209235209234
0.17893217893217894
0.18326118326118326
0.2828282828282828
0.3044733044733045
0.1601731601731602
0.21067821067821066
0.2207792207792208
0.14285714285714285
0.2525252525252525
0.2813852813852814
0.26695526695526695
0.29292929292929293
0.23809523809523814
0.22366522366522365
0.30158730158730157
0.14718614718614717
0.017316017316017316
0.126984126984127
0.09523809523809525
0.10678210678210678
0.16305916305916307
0.20634920634920634
0.3477633477633478
0.36363636363636365
0.19624819624819625
0.06782106782106781
0.049062049062049064
0.08946608946608947
0.10822510822510822
0.15440115440115437
0.08513708513708514
0.22077922077922077
0.11976911976911976
0.05194805194805195
0.04184704184704185
0.07359307359307359
0.0101010101010101
0.05916305916305916
0.09668109668109669
0.017316017316017316
0.08080808080808081
0.0606060606060606
0.20923520923520922
0.3968253968253968
0.30735930735930733
0.07647907647907648
0.09379509379509379
0.17604617604617603
0.15873015873015875
0.22077922077922077
0.07792207792207793
0.06204906204906206
0.12409812409812411
0.18759018759018756
0.1645021645021645
0.1370851370851371
0.15440115440115437
0.11976911976911976
0.11111111111111112
0.1544011544011544
0.08658008658008656
0.07215007215007216
0.09090909090909091
0.04761904761904762
0.10822510822510822
0.2251082251082251
0.2178932178932179
0.11544011544011545
0.11688311688311688
0.21500721500721504
0.1774891774891775
0.13564213564213565
0.1370851370851371
0.227994227994228
0.16161616161616163
0.10533910533910533
0.09812409812409813
0.10678210678210678
0.02886002886002886
0.03318903318903319
0.09379509379509379
0.03751803751803751
0.21356421356421357
0.18470418470418468
0.15728715728715728
0.31024531024531016
0.1774891774891775
0.2251082251082251
0.18470418470418473
0.13275613275613274
0.12121212121212122
0.22222222222222218
0.15584415584415584
0.15488215488215487
0.132996632996633
0.09764309764309764
0.1632996632996633
0.10942760942760943
0.052188552188552194
0.09764309764309764
0.21043771043771042
0.2138047138047138
0.21717171717171715
0.23400673400673402
0.09764309764309764
0.17340067340067342
0.10101010101010101
0.08922558922558922
0.08249158249158249
0.1818181818181818
0.20370370370370372
0.10437710437710439
0.14646464646464646
0.265993265993266
0.04208754208754209
0.07407407407407408
0.18013468013468015
0.2558922558922559
0.24915824915824922
0.2138047138047138
0.44949494949494956
0.3333333333333333
0.20202020202020202
0.2760942760942761
0.2828282828282828
0.25252525252525254
0.21885521885521886
0.3114478114478114
0.196969696969697
0.17340067340067342
0.20875420875420878
0.21212121212121215
0.2154882154882155
0.12794612794612795
0.28619528619528617
0.1717171717171717
0.30808080808080807
0.3838383838383838
0.24915824915824916
0.27272727272727276
0.132996632996633
0.2760942760942761
0.22222222222222224
0.2239057239057239
0.2424242424242424
0.37878787878787884
0.24915824915824916
0.2727272727272727
0.2205387205387205
0.3383838383838384
0.234006734006734
0.25925925925925924
0.31986531986531985
0.21043771043771042
0.21212121212121215
0.16835016835016836
0.16666666666666666
0.13804713804713806
0.1127946127946128
0.12121212121212122
0.12457912457912458
0.08754208754208755
0.10774410774410774
0.1717171717171717
0.2693602693602694
0.29292929292929293
0.18686868686868688
0.2676767676767677
0.25925925925925924
0.47474747474747475
0.4696969696969697
0.3114478114478115
0.20875420875420878
0.29797979797979796
0.23905723905723905
0.23737373737373738
0.09932659932659933
0.25252525252525254
0.39393939393939387
0.21212121212121213
0.24410774410774413
0.2626262626262626
0.18013468013468015
0.06565656565656565
0.11952861952861953
0.12962962962962962
0.23063973063973062
0.20538720538720537
0.36195286195286197
0.34848484848484845
0.3838383838383838
0.3164983164983165
0.27946127946127947
0.3292929292929293
0.21616161616161617
0.26262626262626265
0.2767676767676768
0.2848484848484848
0.3696969696969697
0.5353535353535354
0.4686868686868687
0.37575757575757573
0.3575757575757576
0.49898989898989904
0.2525252525252525
0.22828282828282828
0.33131313131313134
0.27070707070707073
0.3353535353535354
0.24848484848484848
0.35353535353535354
0.3333333333333333
0.1797979797979798
0.20808080808080803
0.20202020202020204
0.20606060606060606
0.18181818181818182
0.2868686868686869
0.3575757575757576
0.2828282828282828
0.5050505050505051
0.41818181818181815
0.5838383838383838
0.5272727272727272
0.24848484848484848
0.32727272727272727
0.29494949494949496
0.23838383838383836
0.3737373737373737
0.2404040404040404
0.23434343434343435
0.17777777777777776
0.1414141414141414
0.19797979797979798
0.1676767676767677
0.34545454545454546
0.23232323232323232
0.23838383838383842
0.05050505050505051
0.15555555555555556
0.012121212121212121
0.06464646464646465
0.18787878787878787
0.08484848484848487
0.01414141414141414
0.1292929292929293
0.3131313131313131
0.20606060606060606
0.16363636363636364
0.048484848484848485
0.15151515151515152
0.2080808080808081
0.20606060606060606
0.3070707070707071
0.18383838383838383
0.21414141414141413
0.16767676767676767
0.15353535353535355
0.20202020202020204
0.2080808080808081
0.2363636363636364
0.23232323232323232
0.23030303030303031
0.28080808080808084
0.1616161616161616
0.13131313131313133
0.08484848484848487
0.2585858585858586
0.2303030303030303
0.05252525252525253
0.05050505050505051
0.012121212121212121
0.03232323232323232
0.026262626262626265
0.01414141414141414
0.04242424242424243
0.07272727272727272
0.2
0.05252525252525253
0.1696969696969697
0.18585858585858586
0.1676767676767677
0.21616161616161617
0.1696969696969697
0.17777777777777776
0.24242424242424243
0.24848484848484848
0.18787878787878787
0.2909090909090909
0.26262626262626265
0.32727272727272727
0.3737373737373738
0.40606060606060607
0.4121212121212121
0.4141414141414142
0.3070707070707071
0.29292929292929293
0.30101010101010106
0.2121212121212121
0.2606060606060606
0.1595959595959596
0.15353535353535352
0.05858585858585859
0.38383838383838387
0.31717171717171716
0.3858585858585858
0.5696969696969697
0.4323232323232323
0.3555555555555555
0.18383838383838386
0.20606060606060606
0.1616161616161616
0.1676767676767677
0.2080808080808081
0.2545454545454545
0.19393939393939394
0.2909090909090909
0.3878787878787879
0.27070707070707073
0.29696969696969694
0.1797979797979798
0.20404040404040408
0.1393939393939394
0.12323232323232322
0.19393939393939394
0.15757575757575756
0.10505050505050506
0.15757575757575756
0.10909090909090909
0.13535353535353536
0.21010101010101012
0.15151515151515152
0.2303030303030303
0.13535353535353534
0.14949494949494951
0.23030303030303031
0.22424242424242422
0.24242424242424243
0.402020202020202
0.2181818181818182
0.22828282828282834
0.2585858585858586
0.23232323232323232
0.27070707070707073
0.30303030303030304
0.44848484848484854
0.4121212121212121
0.19393939393939394
0.4222222222222222
0.37575757575757573
0.4242424242424243
0.25656565656565655
0.3616161616161616
0.3858585858585859
0.3373737373737374
0.3898989898989899
0.34949494949494947
0.36969696969696975
0.35353535353535354
0.19393939393939394
0.21818181818181817
0.17171717171717174
0.08484848484848485
0.05858585858585859
0.10505050505050506
0.13131313131313133
0.12323232323232322
0.23434343434343435
0.17373737373737375
0.19797979797979798
0.19595959595959594
0.26464646464646463
0.13535353535353536
0.24848484848484848
0.26060606060606056
0.1575757575757576
0.11111111111111112
0.03838383838383838
0.024242424242424242
0.09090909090909091
0.05050505050505051
0.0404040404040404
0.03636363636363636
0.098989898989899
0.2686868686868687
0.12323232323232322
0.14545454545454545
0.2303030303030303
0.22828282828282828
0.28484848484848485
0.25656565656565655
0.3434343434343434
0.2767676767676768
0.1616161616161616
0.26262626262626265
0.24242424242424243
0.17373737373737375
0.1797979797979798
0.24242424242424238
0.22424242424242422
0.10505050505050503
0.11919191919191921
0.0404040404040404
0.09696969696969697
0.1616161616161616
0.14949494949494951
0.41010101010101013
0.3898989898989899
0.44848484848484843
0.509090909090909
0.3919191919191919
0.4545454545454546
0.4525252525252525
0.3232323232323232
0.2686868686868687
0.25656565656565655
0.19797979797979798
0.21818181818181817
0.14545454545454545
0.14343434343434344
0.09292929292929293
0.11515151515151514
0.18181818181818182
0.2787878787878788
0.2
0.22424242424242427
0.1292929292929293
0.06666666666666667
0.09696969696969697
0.1696969696969697
0.1393939393939394
0.23838383838383842
0.28686868686868683
0.24646464646464644
0.26464646464646463
0.1393939393939394
0.13737373737373737
0.16363636363636364
0.12525252525252525
0.2808080808080808
0.09292929292929293
0.19797979797979798
0.06262626262626261
0.07828282828282829
0.11868686868686869
0.3181818181818182
0.29040404040404044
0.34090909090909094
0.24747474747474746
0.22979797979797978
0.1388888888888889
0.08838383838383838
0.1414141414141414
0.1994949494949495
0.44696969696969696
0.3484848484848485
0.09848484848484848
0.15151515151515152
0.1893939393939394
0.1717171717171717
0.10101010101010101
0.06565656565656566
0.11363636363636365
0.09595959595959595
0.2222222222222222
0.2727272727272727
0.3383838383838384
0.34090909090909094
0.23737373737373738
0.1893939393939394
0.29292929292929293
0.33585858585858586
0.38131313131313127
0.43939393939393945
0.46969696969696967
0.3232323232323232
0.35353535353535354
0.4772727272727273
0.2828282828282829
0.3484848484848485
0.41161616161616166
0.22979797979797978
0.24242424242424243
0.20707070707070707
0.48737373737373746
0.5732323232323233
0.4924242424242424
0.5858585858585859
0.356060606060606
0.4065656565656565
0.29040404040404044
0.48484848484848486
0.4444444444444444
0.5050505050505051
0.4579124579124579
0.4444444444444445
0.5521885521885522
0.35016835016835013
0.2895622895622895
0.40740740740740744
0.3569023569023569
0.42424242424242425
0.3333333333333333
0.367003367003367
0.4006734006734007
0.4478114478114478
0.40404040404040403
0.09764309764309766
0.35353535353535354
0.531986531986532
0.5420875420875421
0.1717171717171717
0.2356902356902357
0.4511784511784511
0.4478114478114478
0.3333333333333333
0.3636363636363636
0.39730639730639733
0.5723905723905723
0.3501683501683502
0.441077441077441
0.4377104377104377
0.37373737373737376
0.43097643097643096
0.25925925925925924
0.13804713804713806
0.3265993265993266
0.35353535353535354
0.5050505050505051
0.3737373737373737
0.40404040404040403
0.5084175084175084
0.2693602693602693
0.7138047138047138
0.7239057239057239
0.6969696969696969
0.6767676767676768
0.5555555555555555
0.5723905723905723
0.5757575757575758
0.4545454545454546
0.4478114478114478
0.531986531986532
NaN
NaN
NaN
NaN
NaN
NaN
NaN
NaN
NaN
NaN
NaN
NaN
NaN
NaN
NaN
NaN
NaN
NaN
NaN
NaN
NaN
NaN
NaN
NaN
NaN
NaN
NaN
NaN
NaN
NaN
NaN
NaN
NaN
NaN
NaN
NaN
NaN
NaN
NaN
NaN
NaN
NaN
NaN
NaN
NaN
NaN
NaN
NaN
NaN
NaN
NaN
NaN
NaN
NaN
NaN
NaN
NaN
NaN
NaN
NaN
NaN
NaN
NaN
NaN
NaN
NaN
NaN
NaN
NaN
NaN
NaN
NaN
NaN
NaN
NaN
NaN
NaN
NaN
NaN
NaN
NaN
NaN
NaN
NaN
NaN
NaN
NaN
NaN
NaN
NaN
NaN
NaN
NaN
NaN
NaN
NaN
NaN
NaN
NaN
NaN
NaN
NaN
NaN
NaN
NaN
NaN
NaN
NaN
NaN
NaN
NaN
NaN
NaN
NaN
NaN
NaN
NaN
NaN
NaN
NaN
NaN
NaN
NaN
NaN
NaN
NaN
NaN
NaN
NaN
NaN
NaN
NaN
NaN
NaN
NaN
NaN
NaN
NaN
NaN
NaN
NaN
NaN
NaN
NaN
NaN
NaN
NaN
NaN
NaN
NaN
NaN
NaN
NaN
NaN
NaN
NaN
NaN
NaN
NaN
NaN
NaN
NaN
NaN
NaN
NaN
NaN
NaN
NaN
NaN
NaN
NaN
NaN
NaN
NaN
NaN
NaN
NaN
NaN
NaN
NaN
NaN
NaN
NaN
NaN
NaN
NaN
NaN
NaN
NaN
NaN
NaN
NaN
NaN
NaN
NaN
NaN
NaN
NaN
NaN
NaN
NaN
NaN
NaN
NaN
NaN
NaN
NaN
NaN
NaN
NaN
NaN
NaN
NaN
NaN
NaN
NaN
NaN
NaN
NaN
NaN
NaN
NaN
NaN
NaN
NaN
NaN
NaN
NaN
NaN
NaN
NaN
NaN
NaN
NaN
NaN
NaN
NaN
NaN
NaN
NaN
NaN
NaN
NaN
NaN
NaN
NaN
NaN
NaN
NaN
NaN
NaN
NaN
NaN
NaN
NaN
NaN
NaN
NaN
NaN
NaN
NaN
NaN
NaN
NaN
NaN
NaN
NaN
NaN
NaN
NaN
NaN
NaN
NaN
NaN
NaN
NaN
NaN
NaN
NaN
NaN
NaN
NaN
NaN
NaN
NaN
NaN
NaN
NaN
NaN
NaN
NaN
NaN
NaN
NaN
NaN
NaN
NaN
NaN
NaN
NaN
NaN
NaN
NaN
NaN
NaN
NaN
NaN
NaN
NaN
NaN
NaN
NaN
NaN
NaN
NaN
NaN
NaN
NaN
NaN
NaN
NaN
NaN
NaN
NaN
NaN
NaN
NaN
NaN
NaN
NaN
NaN
NaN
NaN
NaN
NaN
NaN
NaN
NaN
NaN
NaN
NaN
NaN
NaN
NaN
NaN
NaN
NaN
NaN
NaN
NaN
NaN
NaN
NaN
NaN
NaN
NaN
NaN
NaN
NaN
NaN
NaN
NaN
NaN
NaN
NaN
NaN
NaN
NaN
NaN
NaN
NaN
NaN
NaN
NaN
NaN
NaN
NaN
NaN
NaN
NaN
NaN
NaN
NaN
NaN
NaN
NaN
NaN
NaN
NaN
NaN
NaN
NaN
NaN
NaN
NaN
NaN
NaN
NaN
NaN
NaN
NaN
NaN
NaN
NaN
NaN
NaN
NaN
NaN
NaN
NaN
NaN
NaN
NaN
NaN
NaN
NaN
NaN
NaN
NaN
NaN
NaN
NaN
NaN
NaN
NaN
NaN
NaN
NaN
NaN
NaN
NaN
NaN
NaN
NaN
NaN
NaN
NaN
NaN
NaN
NaN
NaN
NaN
NaN
NaN
NaN
NaN
NaN
NaN
NaN
NaN
NaN
NaN
NaN
NaN
NaN
NaN
NaN
NaN
NaN
NaN
NaN
NaN
NaN
NaN
NaN
NaN
NaN
NaN
NaN
NaN
NaN
NaN
NaN
NaN
NaN
NaN
NaN
NaN
NaN
NaN
NaN
NaN
NaN
NaN
NaN
NaN
NaN
NaN
NaN
NaN
NaN
NaN
NaN
NaN
NaN
NaN
NaN
NaN
NaN
NaN
NaN
NaN
NaN
NaN
NaN
NaN
NaN
NaN
NaN
NaN
NaN
NaN
NaN
NaN
NaN
NaN
NaN
NaN
NaN
NaN
NaN
NaN
NaN
NaN
NaN
NaN
NaN
NaN
NaN
NaN
NaN
NaN
NaN
NaN
NaN
NaN
NaN
NaN
NaN
NaN
NaN
NaN
NaN
NaN
NaN
NaN
NaN
NaN
NaN
NaN
NaN
NaN
NaN
NaN
NaN
NaN
NaN
NaN
NaN
NaN
NaN
NaN
NaN
NaN
NaN
NaN
NaN
NaN
NaN
NaN
NaN
NaN
NaN
NaN
NaN
NaN
NaN
NaN
NaN
NaN
NaN
NaN
NaN
NaN
NaN
NaN
NaN
NaN
NaN
NaN
NaN
NaN
NaN
NaN
NaN
NaN
NaN
NaN
NaN
NaN
NaN
NaN
NaN
NaN
NaN
NaN
NaN
NaN
NaN
NaN
NaN
NaN
NaN
NaN
NaN
NaN
NaN
NaN
NaN
NaN
NaN
NaN
NaN
NaN
NaN
NaN
NaN
NaN
NaN
NaN
NaN
NaN
NaN
NaN
NaN
NaN
NaN
NaN
NaN
NaN
NaN
NaN
NaN
NaN
NaN
NaN
NaN
NaN
NaN
NaN
NaN
NaN
NaN
NaN
NaN
NaN
NaN
NaN
NaN
NaN
NaN
NaN
NaN
NaN
NaN
NaN
NaN
NaN
NaN
NaN
NaN
NaN
NaN
NaN
NaN
NaN
NaN
NaN
NaN
NaN
NaN
NaN
NaN
NaN
NaN
NaN
NaN
NaN
NaN
NaN
NaN
NaN
NaN
NaN
NaN
NaN
NaN
NaN
NaN
NaN
NaN
NaN
NaN
NaN
NaN
NaN
NaN
NaN
NaN
NaN
NaN
NaN
NaN
NaN
NaN
NaN
NaN
NaN
NaN
NaN
NaN
NaN
NaN
NaN
NaN
NaN
NaN
NaN
NaN
NaN
NaN
NaN
NaN
NaN
NaN
NaN
NaN
NaN
NaN
NaN
NaN
NaN
NaN
NaN
NaN
NaN
NaN
NaN
NaN
NaN
NaN
NaN
NaN
NaN
NaN
NaN
NaN
NaN
NaN
NaN
NaN
NaN
NaN
NaN
NaN
NaN
NaN
NaN
NaN
NaN
NaN
NaN
NaN
NaN
NaN
NaN
NaN
NaN
NaN
NaN
NaN
NaN
NaN
NaN
NaN
NaN
NaN
NaN
NaN
NaN
NaN
NaN
NaN
NaN
NaN
NaN
NaN
NaN
NaN
NaN
NaN
NaN
NaN
NaN
NaN
NaN
NaN
NaN
NaN
NaN
NaN
NaN
NaN
NaN
NaN
NaN
NaN
NaN
NaN
NaN
NaN
NaN
NaN
NaN
NaN
NaN
NaN
NaN
NaN
NaN
NaN
NaN
NaN
NaN
NaN
NaN
NaN
NaN
NaN
NaN
NaN
NaN
NaN
NaN
NaN
NaN
NaN
NaN
NaN
NaN
NaN
NaN
NaN
NaN
NaN
NaN
NaN
NaN
NaN
NaN
NaN
NaN
NaN
NaN
NaN
NaN
NaN
NaN
NaN
NaN
NaN
NaN
NaN
NaN
NaN
NaN
NaN
NaN
NaN
NaN
NaN
NaN
NaN
NaN
NaN
NaN
NaN
NaN
NaN
NaN
NaN
NaN
NaN
NaN
NaN
NaN
NaN
NaN
NaN
NaN
NaN
NaN
NaN
NaN
NaN
NaN
NaN
NaN
NaN
NaN
NaN
NaN
NaN
NaN
NaN
NaN
NaN
NaN
NaN
NaN
NaN
NaN
NaN
NaN
NaN
NaN
NaN
NaN
NaN
NaN
NaN
NaN
NaN
NaN
NaN
NaN
NaN
NaN
NaN
NaN
NaN
NaN
NaN
NaN
NaN
NaN
NaN
NaN
NaN
NaN
NaN
NaN
NaN
NaN
NaN
NaN
NaN
NaN
NaN
NaN
NaN
NaN
NaN
NaN
NaN
NaN
NaN
NaN
NaN
NaN
NaN
NaN
NaN
NaN
NaN
NaN
NaN
NaN
NaN
NaN
NaN
NaN
NaN
NaN
NaN
NaN
NaN
NaN
NaN
NaN
NaN
NaN
NaN
NaN
NaN
NaN
NaN
NaN
NaN
NaN
NaN
NaN
NaN
NaN
NaN
NaN
NaN
NaN
NaN
NaN
NaN
NaN
NaN
NaN
NaN
NaN
NaN
NaN
NaN
NaN
NaN
NaN
NaN
NaN
NaN
NaN
NaN
NaN
NaN
NaN
NaN
NaN
NaN
NaN
NaN
NaN
NaN
NaN
NaN
NaN
NaN
NaN
NaN
NaN
NaN
NaN
NaN
NaN
NaN
NaN
NaN
NaN
NaN
NaN
NaN
NaN
NaN
NaN
NaN
NaN
NaN
NaN
NaN
NaN
NaN
NaN
NaN
NaN
NaN
NaN
NaN
NaN
NaN
NaN
NaN
NaN
NaN
NaN
NaN
NaN
NaN
NaN
NaN
NaN
NaN
NaN
NaN
NaN
NaN
NaN
NaN
NaN
NaN
NaN
NaN
NaN
NaN
NaN
NaN
NaN
NaN
NaN
NaN
NaN
NaN
NaN
NaN
NaN
NaN
NaN
NaN
NaN
NaN
NaN
NaN
NaN
NaN
NaN
NaN
NaN
NaN
NaN
NaN
NaN
NaN
NaN
NaN
NaN
NaN
NaN
NaN
NaN
NaN
NaN
NaN
NaN
NaN
NaN
NaN
NaN
NaN
NaN
NaN
NaN
NaN
NaN
NaN
NaN
NaN
NaN
NaN
NaN
NaN
NaN
NaN
NaN
NaN
NaN
NaN
NaN
NaN
NaN
NaN
NaN
NaN
NaN
NaN
NaN
NaN
NaN
NaN
NaN
NaN
NaN
NaN
NaN
NaN
NaN
NaN
NaN
NaN
NaN
NaN
NaN
NaN
NaN
NaN
NaN
NaN
NaN
NaN
NaN
NaN
NaN
NaN
NaN
NaN
NaN
NaN
NaN
NaN
NaN
NaN
NaN
NaN
NaN
NaN
NaN
NaN
NaN
NaN
NaN
NaN
NaN
NaN
NaN
NaN
NaN
NaN
NaN
NaN
NaN
NaN
NaN
NaN
NaN
NaN
NaN
NaN
NaN
NaN
NaN
NaN
NaN
NaN
NaN
NaN
NaN
NaN
NaN
NaN
NaN
NaN
NaN
NaN
NaN
NaN
NaN
NaN
NaN
NaN
NaN
NaN
NaN
NaN
NaN
NaN
NaN
NaN
NaN
NaN
NaN
NaN
NaN
NaN
NaN
NaN
NaN
NaN
NaN
NaN
NaN
NaN
NaN
NaN
NaN
NaN
NaN
NaN
NaN
NaN
NaN
NaN
NaN
NaN
NaN
NaN
NaN
NaN
NaN
NaN
NaN
NaN
NaN
NaN
NaN
NaN
NaN
NaN
NaN
NaN
NaN
NaN
NaN
NaN
NaN
NaN
NaN
NaN
NaN
NaN
NaN
NaN
NaN
NaN
NaN
NaN
NaN
NaN
NaN
NaN
NaN
NaN
NaN
NaN
NaN
NaN
NaN
NaN
NaN
NaN
NaN
NaN
NaN
NaN
NaN
NaN
NaN
NaN
NaN
NaN
NaN
NaN
NaN
NaN
NaN
NaN
NaN
NaN
NaN
NaN
NaN
NaN
NaN
NaN
NaN
NaN
NaN
NaN
NaN
NaN
NaN
NaN
NaN
NaN
NaN
NaN
NaN
NaN
NaN
NaN
NaN
NaN
NaN
NaN
NaN
NaN
NaN
NaN
NaN
NaN
NaN
NaN
NaN
NaN
NaN
NaN
NaN
NaN
NaN
NaN
NaN
NaN
NaN
NaN
NaN
NaN
NaN
NaN
NaN
NaN
NaN
NaN
NaN
NaN
NaN
NaN
NaN
NaN
NaN
NaN
NaN
NaN
NaN
NaN
NaN
NaN
NaN
NaN
NaN
NaN
NaN
NaN
NaN
NaN
NaN
NaN
NaN
NaN
NaN
NaN
NaN
NaN
NaN
NaN
NaN
NaN
NaN
NaN
NaN
NaN
NaN
NaN
NaN
NaN
NaN
NaN
NaN
NaN
NaN
NaN
NaN
NaN
NaN
NaN
NaN
NaN
NaN
NaN
NaN
NaN
NaN
NaN
NaN
NaN
NaN
NaN
NaN
NaN
NaN
NaN
NaN
NaN
NaN
NaN
NaN
NaN
NaN
NaN
NaN
NaN
NaN
NaN
NaN
NaN
NaN
NaN
NaN
NaN
NaN
NaN
NaN
NaN
NaN
NaN
NaN
NaN
NaN
NaN
NaN
NaN
NaN
NaN
NaN
NaN
NaN
NaN
NaN
NaN
NaN
NaN
NaN
NaN
NaN
NaN
NaN
NaN
NaN
NaN
NaN
NaN
NaN
NaN
NaN
NaN
NaN
NaN
NaN
NaN
NaN
NaN
NaN
NaN
NaN
NaN
NaN
NaN
NaN
NaN
NaN
NaN
NaN
NaN
NaN
NaN
NaN
NaN
NaN
NaN
NaN
NaN
NaN
NaN
NaN
NaN
NaN
NaN
NaN
NaN
NaN
NaN
NaN
NaN
NaN
NaN
NaN
NaN
NaN
NaN
NaN
NaN
NaN
NaN
NaN
NaN
NaN
NaN
NaN
NaN
NaN
NaN
NaN
NaN
NaN
NaN
NaN
NaN
NaN
NaN
NaN
NaN
NaN
NaN
NaN
NaN
NaN
NaN
NaN
NaN
NaN
NaN
NaN
NaN
NaN
NaN
NaN
NaN
NaN
NaN
NaN
NaN
NaN
NaN
NaN
NaN
NaN
NaN
NaN
NaN
NaN
NaN
NaN
NaN
NaN
NaN
NaN
NaN
NaN
NaN
NaN
NaN
NaN
NaN
NaN
NaN
NaN
NaN
NaN
NaN
NaN
NaN
NaN
NaN
NaN
NaN
NaN
NaN
NaN
NaN
NaN
NaN
NaN
NaN
NaN
NaN
NaN
NaN
NaN
NaN
NaN
NaN
NaN
NaN
NaN
NaN
NaN
NaN
NaN
NaN
NaN
NaN
NaN
NaN
NaN
NaN
NaN
NaN
NaN
NaN
NaN
NaN
NaN
NaN
NaN
NaN
NaN
NaN
NaN
NaN
NaN
NaN
NaN
NaN
NaN
NaN
NaN
NaN
NaN
NaN
NaN
NaN
NaN
NaN
NaN
NaN
NaN
NaN
NaN
NaN
NaN
NaN
NaN
NaN
NaN
NaN
NaN
NaN
NaN
NaN
NaN
NaN
NaN
NaN
NaN
NaN
NaN
NaN
NaN
NaN
NaN
NaN
NaN
NaN
NaN
NaN
NaN
NaN
NaN
NaN
NaN
NaN
NaN
NaN
NaN
NaN
NaN
NaN
NaN
NaN
NaN
