0.13277777777777777
0.27055555555555555
0.5277777777777778
0.5244444444444445
0.45499999999999996
0.4955555555555555
0.591111111111111
0.5033333333333334
0.6316666666666667
0.4749999999999999
0.45944444444444443
0.4188888888888889
0.6877777777777777
0.6483333333333334
0.5233333333333334
0.4844444444444444
0.49944444444444447
0.49
0.5005555555555555
0.5311111111111111
0.5449999999999999
0.6211111111111111
0.6277777777777778
0.525
0.7272222222222222
0.7055555555555555
0.5966666666666668
0.665
0.6533333333333334
0.54
0.3861111111111112
0.4855555555555556
0.5272222222222221
0.536111111111111
0.5999999999999999
0.45944444444444443
0.3894444444444445
0.23666666666666666
0.4361111111111111
0.5533333333333332
0.5016666666666666
0.4772222222222222
0.4749999999999999
0.45999999999999996
0.4744444444444444
0.5644444444444445
0.6733333333333333
0.5988888888888889
0.45722222222222225
0.6205555555555555
0.5499999999999999
0.5377777777777778
0.5550000000000002
0.4883333333333334
0.39055555555555554
0.41833333333333333
0.39722222222222225
0.586111111111111
0.5422222222222222
0.4838888888888888
0.4683333333333333
0.6355555555555554
0.6538888888888889
0.5394444444444445
0.5100000000000001
0.5222222222222224
0.6472222222222221
0.6833333333333333
0.61
0.5438888888888889
0.6105555555555555
0.7388888888888887
0.666111111111111
0.6166666666666667
0.6127777777777779
0.4516666666666666
0.40111111111111114
0.36833333333333335
0.5244444444444445
0.6072222222222222
0.6855555555555556
0.45499999999999996
0.45611111111111113
0.5177777777777778
0.5877777777777777
0.6455555555555555
0.518888888888889
0.5061111111111111
0.5161111111111111
0.5011111111111111
0.5505555555555556
0.6644444444444445
0.6416666666666666
0.4838888888888889
0.548888888888889
0.6561111111111111
0.6977777777777778
0.4861111111111111
0.5677777777777778
0.6172222222222222
0.4244444444444444
0.3733333333333333
0.5227777777777778
0.44111111111111106
0.4977777777777778
0.4233333333333333
0.3827777777777778
0.4144444444444444
0.40166666666666667
0.36000000000000004
0.32333333333333336
0.3355555555555555
0.47555555555555556
0.4683333333333333
0.4838888888888889
0.5599999999999999
0.6288888888888889
0.5611111111111111
0.5455555555555556
0.3877777777777778
0.5338888888888887
0.5744444444444444
0.4150000000000001
0.3516666666666667
0.6311111111111111
0.5877777777777778
0.5433333333333333
0.4083333333333334
0.5605555555555557
0.5366666666666666
0.64
0.5727777777777777
0.49166666666666664
0.49222222222222217
0.42500000000000004
0.5577777777777778
0.4277777777777778
0.4961111111111111
0.5477777777777777
0.46166666666666667
0.49222222222222217
0.69
0.6644444444444445
0.53
0.42777777777777776
0.3661111111111111
0.41333333333333333
0.45888888888888896
0.5955555555555555
0.47500000000000003
0.4583333333333333
0.4466666666666667
0.46388888888888896
0.551111111111111
0.5866666666666667
0.461111111111111
0.6277777777777778
0.5611111111111112
0.6744444444444445
0.6111111111111112
0.5583333333333332
0.5561111111111111
0.5472222222222223
0.45722222222222225
0.5716666666666667
0.4972222222222222
0.5155555555555557
0.4655555555555556
0.461111111111111
0.6205555555555555
0.6300000000000001
0.5222222222222223
0.3866666666666667
0.365
0.4561111111111111
0.5016666666666666
0.5283333333333334
0.5594444444444444
0.5183333333333333
0.47111111111111115
0.5355555555555556
0.3838888888888889
0.3461111111111111
0.5088888888888888
0.5494444444444445
0.5705555555555555
0.5444444444444444
0.5611111111111111
0.5299999999999999
0.5166666666666666
0.5361111111111111
0.6305555555555555
0.5138888888888888
0.4861111111111111
0.5244444444444443
0.42000000000000004
0.435
0.6094444444444445
0.5011111111111112
0.5683333333333334
0.5933333333333333
0.5055555555555555
0.6738888888888889
0.7933333333333334
0.5961111111111111
0.528888888888889
0.6522222222222221
0.4772222222222222
0.5494444444444445
0.5255555555555556
0.40166666666666667
0.5216666666666666
0.48444444444444446
0.49555555555555547
0.5838888888888889
0.5444444444444445
0.5394444444444445
0.5438888888888889
0.5716666666666667
0.36444444444444435
0.3538888888888889
0.6333333333333333
0.6255555555555555
0.5627777777777778
0.5850000000000001
0.6177777777777779
0.5349999999999999
0.4355555555555556
0.42944444444444446
0.43944444444444447
0.5755555555555556
0.5433333333333333
0.5972222222222222
0.5344444444444445
0.545
0.546111111111111
0.3944444444444445
0.365
0.42333333333333323
0.3522222222222222
0.4272222222222222
0.3433333333333333
0.5477777777777777
0.6749999999999999
0.5133333333333333
0.5694444444444444
0.4650000000000001
0.43555555555555564
0.46833333333333343
0.41722222222222227
0.3827777777777778
0.5255555555555556
0.5344444444444445
0.5027777777777778
0.4655555555555555
0.43333333333333335
0.345
0.4033333333333333
0.6216666666666667
0.5688888888888889
0.6188888888888889
0.4261111111111111
0.4511111111111111
0.6094444444444445
0.5811111111111111
0.5405555555555555
0.625
0.6033333333333333
0.7083333333333333
0.7027777777777777
0.6877777777777779
0.6016666666666666
0.538888888888889
0.5044444444444444
0.4650000000000001
0.36333333333333334
0.5
0.575
0.5766666666666667
0.5894444444444445
0.5627777777777777
0.4666666666666667
0.3955555555555556
0.45055555555555554
0.4605555555555555
0.4466666666666666
0.47000000000000003
0.34444444444444444
0.4305555555555556
0.3777777777777778
0.47777777777777775
0.4650000000000001
0.4516666666666666
0.47388888888888897
0.4905555555555556
0.5538888888888889
0.5616666666666666
0.5083333333333333
0.5888888888888889
0.49833333333333335
0.4872222222222222
0.39499999999999996
0.3961111111111111
0.33944444444444444
0.4677777777777778
0.40111111111111114
0.4933333333333333
0.3605555555555556
0.3455555555555556
0.4955555555555555
0.565
0.3877777777777778
0.29777777777777775
0.3905555555555556
0.35444444444444445
0.41944444444444445
0.49
0.4033333333333334
0.4972222222222222
0.505
0.6938888888888888
0.5788888888888888
0.6755555555555556
0.7616666666666666
0.5894444444444444
0.6222222222222221
0.5027777777777778
0.5227777777777777
0.3266666666666667
0.5138888888888888
0.6377777777777778
0.5227777777777778
0.5577777777777777
0.5172222222222221
0.4811111111111111
0.5588888888888889
0.5061111111111111
0.44333333333333325
0.605
0.6433333333333334
0.5661111111111111
0.44055555555555553
0.6166666666666667
0.49666666666666665
0.6244444444444446
0.6483333333333334
0.5477777777777777
0.4999999999999999
0.4794444444444444
0.611111111111111
0.6127777777777779
0.675
0.5844444444444444
0.5688888888888889
0.5111111111111112
0.513888888888889
0.6183333333333333
0.5727777777777778
0.7177777777777778
0.6833333333333332
0.5483333333333333
0.3894444444444445
0.4905555555555556
0.5211111111111112
0.5855555555555555
0.4794444444444444
0.6177777777777779
0.5594444444444444
0.4472222222222222
0.4744444444444445
0.44999999999999996
0.43388888888888894
0.5861111111111111
0.6611111111111111
0.6216666666666667
0.4605555555555555
0.5916666666666667
0.5822222222222222
0.6094444444444445
0.5450000000000002
0.6838888888888889
0.54
0.5111111111111112
0.5511111111111111
0.48944444444444435
0.525
0.48777777777777775
0.5844444444444444
0.5477777777777777
0.6194444444444445
0.6322222222222221
0.5961111111111111
0.5455555555555556
0.5516666666666667
0.44111111111111106
0.45999999999999996
0.5355555555555556
0.48111111111111104
0.6138888888888889
0.6105555555555555
0.75
0.6481250000000001
0.541875
0.5912499999999999
0.5249999999999999
0.5618749999999999
0.510625
0.383125
0.485625
0.39437500000000003
0.38937499999999997
0.45124999999999993
0.35437499999999994
0.43875000000000003
0.6456249999999999
0.6293750000000001
0.57
0.44
0.50375
0.54125
0.455625
0.5268750000000001
0.593125
0.5593750000000001
0.6343750000000001
0.6206250000000001
0.484375
0.47437500000000005
0.55875
0.49499999999999994
0.5575
0.49875
0.500625
0.50875
0.525625
0.5331250000000001
0.5362500000000001
0.5887500000000001
0.476875
0.45562499999999995
0.24125000000000002
0.330625
0.4925
0.37687499999999996
0.41437499999999994
0.346875
0.479375
0.524375
0.5131249999999999
0.649375
0.541875
0.516875
0.47312499999999996
0.464375
0.38
0.461875
0.556875
0.6300000000000001
0.621875
0.45125000000000004
0.5725
0.428125
0.478125
0.47625
0.5906250000000001
0.5831250000000001
0.589375
0.69875
0.6468750000000001
0.6268750000000001
0.5081249999999999
0.5437500000000001
0.521875
0.42125000000000007
0.4275
0.411875
0.526875
0.538125
0.46625
0.44812500000000005
0.5075000000000001
0.51375
0.771875
0.5968749999999999
0.676875
0.763125
0.605
0.6
0.436875
0.505625
0.42312500000000003
0.47875
0.58875
0.564375
0.545625
0.585
0.43625
0.47375
0.525
0.5256250000000001
0.529375
0.5175000000000001
0.485
0.47937500000000005
0.464375
0.42000000000000004
0.40062499999999995
0.4
0.505
0.40437500000000004
0.415625
0.46625
0.62375
0.6024999999999999
0.60375
0.54125
0.5775
0.40375
0.595
0.5818749999999999
0.50875
0.40125
0.49375
0.409375
0.42437499999999995
0.5706249999999999
0.463125
0.37
0.53625
0.5375000000000001
0.49375
0.495625
0.43687499999999996
0.401875
0.5818750000000001
0.44187499999999996
0.6
0.686875
0.574375
0.518125
0.515625
0.49187499999999995
0.590625
0.5162500000000001
0.343125
0.324375
0.446875
0.56625
0.51625
0.6287499999999999
0.62375
0.71
0.61
0.4775
0.34625
0.38687499999999997
0.301875
0.465625
0.47
0.575625
0.568125
0.7068749999999999
0.6281249999999999
0.64
0.428125
0.440625
0.42187500000000006
0.5
0.6412500000000001
0.40687500000000004
0.565
0.5443749999999999
0.4225
0.468125
0.464375
0.45375
0.351875
0.48562500000000003
0.546875
0.4337500000000001
0.540625
0.37625000000000003
0.44749999999999995
0.4362499999999999
0.47500000000000003
0.56625
0.518125
0.48750000000000004
0.525
0.48687499999999995
0.39749999999999996
0.46812499999999996
0.441875
0.443125
0.46062499999999995
0.51375
0.624375
0.519375
0.4925
0.45
0.59375
0.62375
0.50625
0.580625
0.49749999999999994
0.5162500000000001
0.37312500000000004
0.46624999999999994
0.40875
0.436875
0.66125
0.6525
0.463125
0.45000000000000007
0.378125
0.48312499999999997
0.481875
0.59
0.73875
0.6481250000000001
0.5537500000000001
0.510625
0.524375
0.525625
0.6556249999999999
0.55125
0.45875
0.453125
0.495625
0.41750000000000004
0.445625
0.4674999999999999
0.36812500000000004
0.43500000000000005
0.506875
0.36
0.46749999999999997
0.5131249999999999
0.42
0.5349999999999999
0.470625
0.401875
0.55625
0.565625
0.5231250000000001
0.44375
0.4225
0.519375
0.61375
0.6331249999999999
0.476875
0.564375
0.5275
0.49125
0.44
0.299375
0.33375000000000005
0.47875
0.436875
0.30937499999999996
0.298125
0.345625
0.4131250000000001
0.36624999999999996
0.41375
0.504375
0.434375
0.540625
0.5362499999999999
0.56875
0.629375
0.34375
0.3350000000000001
0.523125
0.596875
0.573125
0.464375
0.5231250000000001
0.6737500000000001
0.6681250000000001
0.684375
0.51
0.33687500000000004
0.486875
0.529375
0.489375
0.585625
0.668125
0.5943750000000001
0.468125
0.393125
0.45812499999999995
0.5574999999999999
0.47187500000000004
0.6612499999999999
0.4325
0.50125
0.44812500000000005
0.4525
0.5125000000000001
0.6500000000000001
0.8428571428571427
0.7192857142857143
0.6385714285714287
0.44285714285714295
0.505
0.4414285714285714
0.4450000000000001
0.5871428571428572
0.6021428571428571
0.6021428571428571
0.5142857142857143
0.5685714285714286
0.505
0.5435714285714285
0.4635714285714286
0.6264285714285714
0.4228571428571429
0.5721428571428573
0.6492857142857142
0.49142857142857144
0.53
0.4778571428571428
0.5250000000000001
0.4228571428571429
0.3878571428571429
0.4257142857142857
0.39285714285714285
0.45928571428571424
0.595
0.6628571428571428
0.5457142857142857
0.71
0.7300000000000001
0.38428571428571434
0.58
0.72
0.5821428571428572
0.46642857142857147
0.5421428571428571
0.6121428571428572
0.5721428571428573
0.5157142857142858
0.562857142857143
0.65
0.7064285714285715
0.7592857142857143
0.4628571428571428
0.45499999999999996
0.5507142857142858
NaN
NaN
NaN
NaN
NaN
NaN
NaN
NaN
NaN
NaN
NaN
NaN
NaN
NaN
NaN
NaN
NaN
NaN
NaN
NaN
NaN
NaN
NaN
NaN
NaN
NaN
NaN
NaN
NaN
NaN
NaN
NaN
NaN
NaN
NaN
NaN
NaN
NaN
NaN
NaN
NaN
NaN
NaN
NaN
NaN
NaN
NaN
NaN
NaN
NaN
NaN
NaN
NaN
NaN
NaN
NaN
NaN
NaN
NaN
NaN
NaN
NaN
NaN
NaN
NaN
NaN
NaN
NaN
NaN
NaN
NaN
NaN
NaN
NaN
NaN
NaN
NaN
NaN
NaN
NaN
NaN
NaN
NaN
NaN
NaN
NaN
NaN
NaN
NaN
NaN
NaN
NaN
NaN
NaN
NaN
NaN
NaN
NaN
NaN
NaN
NaN
NaN
NaN
NaN
NaN
NaN
NaN
NaN
NaN
NaN
NaN
NaN
NaN
NaN
NaN
NaN
NaN
NaN
NaN
NaN
NaN
NaN
NaN
NaN
NaN
NaN
NaN
NaN
NaN
NaN
NaN
NaN
NaN
NaN
NaN
NaN
NaN
NaN
NaN
NaN
NaN
NaN
NaN
NaN
NaN
NaN
NaN
NaN
NaN
NaN
NaN
NaN
NaN
NaN
NaN
NaN
NaN
NaN
NaN
NaN
NaN
NaN
NaN
NaN
NaN
NaN
NaN
NaN
NaN
NaN
NaN
NaN
NaN
NaN
NaN
NaN
NaN
NaN
NaN
NaN
NaN
NaN
NaN
NaN
NaN
NaN
NaN
NaN
NaN
NaN
NaN
NaN
NaN
NaN
NaN
NaN
NaN
NaN
NaN
NaN
NaN
NaN
NaN
NaN
NaN
NaN
NaN
NaN
NaN
NaN
NaN
NaN
NaN
NaN
NaN
NaN
NaN
NaN
NaN
NaN
NaN
NaN
NaN
NaN
NaN
NaN
NaN
NaN
NaN
NaN
NaN
NaN
NaN
NaN
NaN
NaN
NaN
NaN
NaN
NaN
NaN
NaN
NaN
NaN
NaN
NaN
NaN
NaN
NaN
NaN
NaN
NaN
NaN
NaN
NaN
NaN
NaN
NaN
NaN
NaN
NaN
NaN
NaN
NaN
NaN
NaN
NaN
NaN
NaN
NaN
NaN
NaN
NaN
NaN
NaN
NaN
NaN
NaN
NaN
NaN
NaN
NaN
NaN
NaN
NaN
NaN
NaN
NaN
NaN
NaN
NaN
NaN
NaN
NaN
NaN
NaN
NaN
NaN
NaN
NaN
NaN
NaN
NaN
NaN
NaN
NaN
NaN
NaN
NaN
NaN
NaN
NaN
NaN
NaN
NaN
NaN
NaN
NaN
NaN
NaN
NaN
NaN
NaN
NaN
NaN
NaN
NaN
NaN
NaN
NaN
NaN
NaN
NaN
NaN
NaN
NaN
NaN
NaN
NaN
NaN
NaN
NaN
NaN
NaN
NaN
NaN
NaN
NaN
NaN
NaN
NaN
NaN
NaN
NaN
NaN
NaN
NaN
NaN
NaN
NaN
NaN
NaN
NaN
NaN
NaN
NaN
NaN
NaN
NaN
NaN
NaN
NaN
NaN
NaN
NaN
NaN
NaN
NaN
NaN
NaN
NaN
NaN
NaN
NaN
NaN
NaN
NaN
NaN
NaN
NaN
NaN
NaN
NaN
NaN
NaN
NaN
NaN
NaN
NaN
NaN
NaN
NaN
NaN
NaN
NaN
NaN
NaN
NaN
NaN
NaN
NaN
NaN
NaN
NaN
NaN
NaN
NaN
NaN
NaN
NaN
NaN
NaN
NaN
NaN
NaN
NaN
NaN
NaN
NaN
NaN
NaN
NaN
NaN
NaN
NaN
NaN
NaN
NaN
NaN
NaN
NaN
NaN
NaN
NaN
NaN
NaN
NaN
NaN
NaN
NaN
NaN
NaN
NaN
NaN
NaN
NaN
NaN
NaN
NaN
NaN
NaN
NaN
NaN
NaN
NaN
NaN
NaN
NaN
NaN
NaN
NaN
NaN
NaN
NaN
NaN
NaN
NaN
NaN
NaN
NaN
NaN
NaN
NaN
NaN
NaN
NaN
NaN
NaN
NaN
NaN
NaN
NaN
NaN
NaN
NaN
NaN
NaN
NaN
NaN
NaN
NaN
NaN
NaN
NaN
NaN
NaN
NaN
NaN
NaN
NaN
NaN
NaN
NaN
NaN
NaN
NaN
NaN
NaN
NaN
NaN
NaN
NaN
NaN
NaN
NaN
NaN
NaN
NaN
NaN
NaN
NaN
NaN
NaN
NaN
NaN
NaN
NaN
NaN
NaN
NaN
NaN
NaN
NaN
NaN
NaN
NaN
NaN
NaN
NaN
NaN
NaN
NaN
NaN
NaN
NaN
NaN
NaN
NaN
NaN
NaN
NaN
NaN
NaN
NaN
NaN
NaN
NaN
NaN
NaN
NaN
NaN
NaN
NaN
NaN
NaN
NaN
NaN
NaN
NaN
NaN
NaN
NaN
NaN
NaN
NaN
NaN
NaN
NaN
NaN
NaN
NaN
NaN
NaN
NaN
NaN
NaN
NaN
NaN
NaN
NaN
NaN
NaN
NaN
NaN
NaN
NaN
NaN
NaN
NaN
NaN
NaN
NaN
NaN
NaN
NaN
NaN
NaN
NaN
NaN
NaN
NaN
NaN
NaN
NaN
NaN
NaN
NaN
NaN
NaN
NaN
NaN
NaN
NaN
NaN
NaN
NaN
NaN
NaN
NaN
NaN
NaN
NaN
NaN
NaN
NaN
NaN
NaN
NaN
NaN
NaN
NaN
NaN
NaN
NaN
NaN
NaN
NaN
NaN
NaN
NaN
NaN
NaN
NaN
NaN
NaN
NaN
NaN
NaN
NaN
NaN
NaN
NaN
NaN
NaN
NaN
NaN
NaN
NaN
NaN
NaN
NaN
NaN
NaN
NaN
NaN
NaN
NaN
NaN
NaN
NaN
NaN
NaN
NaN
NaN
NaN
NaN
NaN
NaN
NaN
NaN
NaN
NaN
NaN
NaN
NaN
NaN
NaN
NaN
NaN
NaN
NaN
NaN
NaN
NaN
NaN
NaN
NaN
NaN
NaN
NaN
NaN
NaN
NaN
NaN
NaN
NaN
NaN
NaN
NaN
NaN
NaN
NaN
NaN
NaN
NaN
NaN
NaN
NaN
NaN
NaN
NaN
NaN
NaN
NaN
NaN
NaN
NaN
NaN
NaN
NaN
NaN
NaN
NaN
NaN
NaN
NaN
NaN
NaN
NaN
NaN
NaN
NaN
NaN
NaN
NaN
NaN
NaN
NaN
NaN
NaN
NaN
NaN
NaN
NaN
NaN
NaN
NaN
NaN
NaN
NaN
NaN
NaN
NaN
NaN
NaN
NaN
NaN
NaN
NaN
NaN
NaN
NaN
NaN
NaN
NaN
NaN
NaN
NaN
NaN
NaN
NaN
NaN
NaN
NaN
NaN
NaN
NaN
NaN
NaN
NaN
NaN
NaN
NaN
NaN
NaN
NaN
NaN
NaN
NaN
NaN
NaN
NaN
NaN
NaN
NaN
NaN
NaN
NaN
NaN
NaN
NaN
NaN
NaN
NaN
NaN
NaN
NaN
NaN
NaN
NaN
NaN
NaN
NaN
NaN
NaN
NaN
NaN
NaN
NaN
NaN
NaN
NaN
NaN
NaN
NaN
NaN
NaN
NaN
NaN
NaN
NaN
NaN
NaN
NaN
NaN
NaN
NaN
NaN
NaN
NaN
NaN
NaN
NaN
NaN
NaN
NaN
NaN
NaN
NaN
NaN
NaN
NaN
NaN
NaN
NaN
NaN
NaN
NaN
NaN
NaN
NaN
NaN
NaN
NaN
NaN
NaN
NaN
NaN
NaN
NaN
NaN
NaN
NaN
NaN
NaN
NaN
NaN
NaN
NaN
NaN
NaN
NaN
NaN
NaN
NaN
NaN
NaN
NaN
NaN
NaN
NaN
NaN
NaN
NaN
NaN
NaN
NaN
NaN
NaN
NaN
NaN
NaN
NaN
NaN
NaN
NaN
NaN
NaN
NaN
NaN
NaN
NaN
NaN
NaN
NaN
NaN
NaN
NaN
NaN
NaN
NaN
NaN
NaN
NaN
NaN
NaN
NaN
NaN
NaN
NaN
NaN
NaN
NaN
NaN
NaN
NaN
NaN
NaN
NaN
NaN
NaN
NaN
NaN
NaN
NaN
NaN
NaN
NaN
NaN
NaN
NaN
NaN
NaN
NaN
NaN
NaN
NaN
NaN
NaN
NaN
NaN
NaN
NaN
NaN
NaN
NaN
NaN
NaN
NaN
NaN
NaN
NaN
NaN
NaN
NaN
NaN
NaN
NaN
NaN
NaN
NaN
NaN
NaN
NaN
NaN
NaN
NaN
NaN
NaN
NaN
NaN
NaN
NaN
NaN
NaN
NaN
NaN
NaN
NaN
NaN
NaN
NaN
NaN
NaN
NaN
NaN
NaN
NaN
NaN
NaN
NaN
NaN
NaN
NaN
NaN
NaN
NaN
NaN
NaN
NaN
NaN
NaN
NaN
NaN
NaN
NaN
NaN
NaN
NaN
NaN
NaN
NaN
NaN
NaN
NaN
NaN
NaN
NaN
NaN
NaN
NaN
NaN
NaN
NaN
NaN
NaN
NaN
NaN
NaN
NaN
NaN
NaN
NaN
NaN
NaN
NaN
NaN
NaN
NaN
NaN
NaN
NaN
NaN
NaN
NaN
NaN
NaN
NaN
NaN
NaN
NaN
NaN
NaN
NaN
NaN
NaN
NaN
NaN
NaN
NaN
NaN
NaN
NaN
NaN
NaN
NaN
NaN
NaN
NaN
NaN
NaN
NaN
NaN
NaN
NaN
NaN
NaN
NaN
NaN
NaN
NaN
NaN
NaN
NaN
NaN
NaN
NaN
NaN
NaN
NaN
NaN
NaN
NaN
NaN
NaN
NaN
NaN
NaN
NaN
NaN
NaN
NaN
NaN
NaN
NaN
NaN
NaN
NaN
NaN
NaN
NaN
NaN
NaN
NaN
NaN
NaN
NaN
NaN
NaN
NaN
NaN
NaN
NaN
NaN
NaN
NaN
NaN
NaN
NaN
NaN
NaN
NaN
NaN
NaN
NaN
NaN
NaN
NaN
NaN
NaN
NaN
NaN
NaN
NaN
NaN
NaN
NaN
NaN
NaN
NaN
NaN
NaN
NaN
NaN
NaN
NaN
NaN
NaN
NaN
NaN
NaN
NaN
NaN
NaN
NaN
NaN
NaN
NaN
NaN
NaN
NaN
NaN
NaN
NaN
NaN
NaN
NaN
NaN
NaN
NaN
NaN
NaN
NaN
NaN
NaN
NaN
NaN
NaN
NaN
NaN
NaN
NaN
NaN
NaN
NaN
NaN
NaN
NaN
NaN
NaN
NaN
NaN
NaN
NaN
NaN
NaN
NaN
NaN
NaN
NaN
NaN
NaN
NaN
NaN
NaN
NaN
NaN
NaN
NaN
NaN
NaN
NaN
NaN
NaN
NaN
NaN
NaN
NaN
NaN
NaN
NaN
NaN
NaN
NaN
NaN
NaN
NaN
NaN
NaN
NaN
NaN
NaN
NaN
NaN
NaN
NaN
NaN
NaN
NaN
NaN
NaN
NaN
NaN
NaN
NaN
NaN
NaN
NaN
NaN
NaN
NaN
NaN
NaN
NaN
NaN
NaN
NaN
NaN
NaN
NaN
NaN
NaN
NaN
NaN
NaN
NaN
NaN
NaN
NaN
NaN
NaN
NaN
NaN
NaN
NaN
NaN
NaN
NaN
NaN
NaN
NaN
NaN
NaN
NaN
NaN
NaN
NaN
NaN
NaN
NaN
NaN
NaN
NaN
NaN
NaN
NaN
NaN
NaN
NaN
NaN
NaN
NaN
NaN
NaN
NaN
NaN
NaN
NaN
NaN
NaN
NaN
NaN
NaN
NaN
NaN
NaN
NaN
NaN
NaN
NaN
NaN
NaN
NaN
NaN
NaN
NaN
NaN
NaN
NaN
NaN
NaN
NaN
NaN
NaN
NaN
NaN
NaN
NaN
NaN
NaN
NaN
NaN
NaN
NaN
NaN
NaN
NaN
NaN
NaN
NaN
NaN
NaN
NaN
NaN
NaN
NaN
NaN
NaN
NaN
NaN
NaN
NaN
NaN
NaN
NaN
NaN
NaN
NaN
NaN
NaN
NaN
NaN
NaN
NaN
NaN
NaN
NaN
NaN
NaN
NaN
NaN
NaN
NaN
NaN
NaN
NaN
NaN
NaN
NaN
NaN
NaN
NaN
NaN
NaN
NaN
NaN
NaN
NaN
NaN
NaN
NaN
NaN
NaN
NaN
NaN
NaN
NaN
NaN
NaN
NaN
NaN
NaN
NaN
NaN
NaN
NaN
NaN
NaN
NaN
NaN
NaN
NaN
NaN
NaN
NaN
NaN
NaN
NaN
NaN
NaN
NaN
NaN
NaN
NaN
NaN
NaN
NaN
NaN
NaN
NaN
NaN
NaN
NaN
NaN
NaN
NaN
NaN
NaN
NaN
NaN
NaN
NaN
NaN
NaN
NaN
NaN
NaN
NaN
NaN
NaN
NaN
NaN
NaN
NaN
NaN
NaN
NaN
NaN
NaN
NaN
NaN
NaN
NaN
NaN
NaN
NaN
NaN
NaN
NaN
NaN
NaN
NaN
NaN
NaN
NaN
NaN
NaN
NaN
NaN
NaN
NaN
NaN
NaN
NaN
NaN
NaN
NaN
NaN
NaN
NaN
NaN
NaN
NaN
NaN
NaN
NaN
NaN
NaN
NaN
NaN
NaN
NaN
NaN
NaN
NaN
NaN
NaN
NaN
NaN
NaN
NaN
NaN
NaN
NaN
NaN
NaN
NaN
NaN
NaN
NaN
NaN
NaN
NaN
NaN
NaN
NaN
NaN
NaN
NaN
NaN
NaN
NaN
NaN
NaN
NaN
NaN
NaN
NaN
NaN
NaN
NaN
NaN
NaN
NaN
NaN
NaN
NaN
NaN
NaN
NaN
NaN
NaN
NaN
NaN
NaN
NaN
NaN
NaN
NaN
NaN
NaN
NaN
NaN
NaN
NaN
NaN
NaN
NaN
NaN
NaN
NaN
NaN
NaN
NaN
NaN
NaN
NaN
NaN
NaN
NaN
NaN
NaN
NaN
NaN
NaN
NaN
NaN
NaN
NaN
NaN
NaN
NaN
NaN
NaN
NaN
NaN
NaN
NaN
NaN
NaN
NaN
NaN
NaN
NaN
NaN
NaN
NaN
NaN
NaN
NaN
NaN
NaN
NaN
NaN
NaN
NaN
NaN
NaN
NaN
NaN
NaN
NaN
NaN
NaN
NaN
NaN
NaN
NaN
NaN
NaN
NaN
NaN
NaN
NaN
NaN
NaN
NaN
NaN
NaN
NaN
NaN
NaN
NaN
NaN
NaN
NaN
NaN
NaN
NaN
NaN
NaN
NaN
NaN
NaN
NaN
NaN
NaN
NaN
NaN
NaN
NaN
NaN
NaN
NaN
NaN
NaN
NaN
NaN
NaN
NaN
NaN
NaN
NaN
NaN
NaN
NaN
NaN
NaN
NaN
NaN
