0.14237855946398661
0.2219430485762144
0.1624790619765494
0.22110552763819094
0.2629815745393635
0.31825795644891125
0.32160804020100503
0.323283082077052
0.3961474036850921
0.39112227805695143
0.5443886097152429
0.6206030150753769
0.6130653266331658
0.5653266331658292
0.47152428810720265
0.5100502512562813
0.5108877721943048
0.5686767169179231
0.5812395309882746
0.654103852596315
0.7010050251256281
0.6532663316582915
0.7144053601340034
0.6298157453936349
0.748743718592965
0.7278056951423787
0.7428810720268006
0.7855946398659966
0.702680067001675
0.6700167504187605
0.7412060301507538
0.7403685092127303
0.7479061976549413
0.8165829145728644
0.814070351758794
0.7705192629815746
0.7680067001675042
0.7646566164154104
0.8199329983249583
0.8567839195979899
0.8609715242881072
0.8911222780569514
0.9036850921273031
0.8953098827470686
0.8785594639865996
0.8618090452261306
0.8525963149078727
0.8115577889447235
0.8048576214405361
0.7688442211055277
0.7906197654941374
0.780569514237856
0.7026800670016752
0.6809045226130653
0.7051926298157455
0.7127303182579565
0.7043551088777219
0.7169179229480735
0.6959798994974874
0.704355108877722
0.7311557788944724
0.7445561139028475
0.7311557788944724
0.7244556113902848
0.7587939698492462
0.7194304857621442
0.7353433835845896
0.7596314907872697
0.6524288107202679
0.7152428810720268
0.6314907872696817
0.6197654941373535
0.6691792294807369
0.637353433835846
0.5636515912897822
0.5293132328308208
0.6030150753768844
0.5845896147403685
0.5871021775544389
0.5510887772194305
0.6113902847571189
0.6331658291457286
0.7688442211055276
0.765494137353434
0.7219430485762145
0.8316582914572864
0.7479061976549413
0.7763819095477387
0.7579564489112228
0.6943048576214405
0.670854271356784
0.6901172529313233
0.583752093802345
0.6515912897822446
0.7336683417085427
0.7328308207705194
0.6792294807370184
0.7696817420435512
0.76214405360134
0.7747068676716918
0.8484087102177554
0.8417085427135679
0.8082077051926299
0.8458961474036851
0.8525963149078727
0.7747068676716918
0.6783919597989949
0.661641541038526
0.6675041876046901
0.7311557788944724
0.6507537688442211
0.7353433835845896
0.7211055276381909
0.6758793969849246
0.609715242881072
0.6139028475711893
0.6658291457286433
0.7110552763819095
0.6675041876046901
0.7118927973199329
0.6758793969849247
0.7185929648241206
0.7546063651591289
0.7897822445561139
0.7345058626465661
0.5845896147403685
0.687604690117253
0.6917922948073701
0.5787269681742043
0.6038525963149078
0.5477386934673367
0.5678391959798995
0.5134003350083752
0.5519262981574539
0.628140703517588
0.6474036850921273
0.6474036850921273
0.736180904522613
0.7345058626465661
0.7462311557788945
0.6725293132328307
0.685929648241206
0.7127303182579565
0.6725293132328308
0.6365159128978224
0.6331658291457286
0.6273031825795645
0.5226130653266332
0.5192629815745393
0.6591289782244556
0.685929648241206
0.635678391959799
0.6641541038525963
0.6164154103852596
0.5753768844221105
0.4765494137353434
0.4849246231155779
0.4195979899497487
0.43467336683417085
0.5217755443886097
0.4857621440536013
0.5318257956448912
0.6030150753768845
0.568676716917923
0.6407035175879398
0.4916247906197655
0.533500837520938
0.5577889447236181
0.6524288107202681
0.6323283082077052
0.6440536013400336
0.550251256281407
0.6063651591289781
0.5636515912897823
0.5753768844221105
0.592964824120603
0.6046901172529313
0.687604690117253
0.6465661641541037
0.5795644891122278
0.602177554438861
0.6365159128978225
0.5820770519262982
0.5686767169179229
0.5963149078726969
0.44388609715242877
0.48827470686767177
0.4363484087102178
0.4949748743718592
0.5134003350083752
0.43132328308207707
0.39782244556113905
0.47319932998324954
0.4648241206030151
0.43216080402010054
0.4840871021775544
0.4137353433835846
0.3592964824120603
0.516750418760469
0.5058626465661641
0.46901172529313234
0.47319932998324954
0.5309882747068676
0.4279731993299832
0.5150753768844222
0.5000000000000001
0.34673366834170855
0.39447236180904527
0.49916247906197647
0.46231155778894467
0.38107202680067
0.47403685092127307
0.4522613065326633
0.5083752093802345
0.5050251256281407
0.466499162479062
0.4112227805695143
0.46482412060301503
0.5234505862646566
0.4916247906197655
0.492462311557789
0.5251256281407036
0.5033500837520938
0.4840871021775544
0.49581239530988275
0.7152428810720268
0.6180904522613065
0.5728643216080401
0.5820770519262982
0.5678391959798995
0.609715242881072
0.5284757118927973
0.5025125628140704
0.5586264656616415
0.5737018425460637
0.592964824120603
0.5820770519262982
0.4899497487437186
0.611390284757119
0.5159128978224455
0.5083752093802345
0.4891122278056952
0.5351758793969849
0.6046901172529314
0.6013400335008375
0.5795644891122279
0.7328308207705193
0.7948073701842545
0.7788944723618091
0.8358458961474037
0.8567839195979898
0.8710217755443885
0.8726968174204354
0.8743718592964824
0.8023450586264658
0.8492462311557789
0.8492462311557789
0.8484087102177554
0.7981574539363484
0.7989949748743719
0.8283082077051928
0.7998324958123953
0.8283082077051925
0.8015075376884422
0.80820770519263
0.8174204355108877
0.838358458961474
0.7855946398659966
0.6993299832495813
0.8216080402010051
0.7512562814070352
0.730318257956449
0.6934673366834171
0.7370184254606365
0.7278056951423787
0.7160804020100503
0.6306532663316583
0.5552763819095478
0.5016750418760468
0.4623115577889447
0.39195979899497485
0.3659966499162479
0.4991624790619766
0.448073701842546
0.4480737018425461
0.4430485762144054
0.4907872696817421
0.6172529313232831
0.6072026800670017
0.5209380234505863
0.644891122278057
0.6767169179229481
0.6901172529313232
0.7227805695142379
0.6348408710217756
0.6850921273031826
0.7236180904522613
0.6943048576214405
0.6984924623115578
0.7487437185929648
0.7881072026800671
0.8149078726968174
0.8375209380234506
0.7922948073701842
0.782244556113903
0.7989949748743719
0.7495812395309883
0.8115577889447237
0.8073701842546064
0.836683417085427
0.8693467336683417
0.9137353433835846
0.8165829145728644
0.7906197654941374
0.8333333333333334
0.728643216080402
0.6323283082077052
0.6331658291457287
0.5938023450586264
0.541038525963149
0.561139028475712
0.5854271356783919
0.6323283082077051
0.5795644891122279
0.5971524288107203
0.7412060301507538
0.6063651591289783
0.6139028475711893
0.5477386934673366
0.6055276381909548
0.5619765494137354
0.6080402010050251
0.6222780569514238
0.6122278056951423
0.5251256281407035
0.5904522613065326
0.5636515912897823
0.5745393634840871
0.5770519262981575
0.5795644891122277
0.6038525963149078
0.6993299832495813
0.5988274706867672
0.5829145728643216
0.5134003350083752
0.5569514237855946
0.4907872696817421
0.5636515912897822
0.5770519262981574
0.5452261306532663
0.5569514237855947
0.6306532663316583
0.5695142378559463
0.535175879396985
0.5611390284757118
0.49581239530988275
0.5996649916247906
0.533500837520938
0.4288107202680067
0.4036850921273032
0.4095477386934674
0.39112227805695143
0.43551088777219427
0.4229480737018425
0.43802345058626463
0.37604690117252937
0.4011725293132329
0.35259631490787274
0.2889447236180904
0.35343383584589616
0.2989949748743718
0.43886097152428816
0.43048576214405365
0.4380234505862646
0.4581239530988275
0.6574539363484088
0.6624790619765494
0.7169179229480737
0.7269681742043551
0.7470686767169178
0.9145728643216081
0.8350083752093802
0.7738693467336683
0.6742043551088776
0.6675041876046901
0.6716917922948075
0.5820770519262982
0.6231155778894472
0.59463986599665
0.6130653266331658
0.7060301507537688
0.6658291457286433
0.7236180904522613
0.7001675041876047
0.6482412060301507
0.6666666666666666
0.6934673366834171
0.6490787269681743
0.626465661641541
0.5812395309882746
0.5787269681742044
0.6046901172529313
0.6139028475711893
0.6582914572864321
0.6515912897822446
0.6348408710217756
0.6147403685092128
0.5536013400335009
0.5871021775544389
0.6072026800670016
0.5946398659966499
0.6306532663316583
0.7144053601340032
0.7437185929648241
0.7236180904522612
0.7587939698492464
0.702680067001675
0.7814070351758794
0.8207705192629815
0.8224455611390286
0.8140703517587938
0.7269681742043551
0.7093802345058626
0.6917922948073701
0.637353433835846
0.6515912897822446
0.5938023450586265
0.5343383584589615
0.525963149078727
0.4472361809045226
0.4782244556113903
0.4363484087102178
0.3626465661641541
0.36097152428810714
0.42881072026800676
0.4782244556113904
0.5058626465661642
0.5301507537688442
0.5812395309882747
0.6582914572864321
0.721105527638191
0.6599664991624791
0.736180904522613
0.7077051926298158
0.7051926298157455
0.7487437185929648
0.8107202680067002
0.7730318257956449
0.7730318257956449
0.6775544388609717
0.6904522613065327
0.5989949748743719
0.6904522613065327
0.6613065326633165
0.7055276381909549
0.6874371859296482
0.6552763819095477
0.6251256281407035
0.6783919597989949
0.6321608040201006
0.6914572864321608
0.785929648241206
0.9105527638190957
0.9125628140703517
0.8582914572864322
0.9236180904522613
0.9115577889447237
0.9447236180904521
0.8924623115577889
0.9155778894472363
0.864321608040201
0.8060301507537687
0.7798994974874371
0.7939698492462313
0.7296482412060301
0.7366834170854271
0.8130653266331658
0.8110552763819097
0.7417085427135678
0.6733668341708542
0.7798994974874371
0.8341708542713567
0.7487437185929648
0.7728643216080401
0.7678391959798995
0.8301507537688441
0.8492462311557787
0.8331658291457288
0.8211055276381911
0.8592964824120604
0.7738693467336683
0.8010050251256281
0.8934673366834172
0.8040201005025125
0.8673366834170855
0.8683417085427136
0.8231155778894472
0.8472361809045227
0.7487437185929647
0.6281407035175879
0.6351758793969849
0.6371859296482412
0.6894472361809045
0.6020100502512562
0.5688442211055277
0.5879396984924623
0.5969849246231156
0.5507537688442211
0.5899497487437186
0.6040201005025125
0.6140703517587941
0.5708542713567839
0.6733668341708543
0.635175879396985
0.5889447236180904
0.5919597989949749
0.5929648241206029
0.6180904522613065
0.5979899497487438
0.671356783919598
0.6050251256281407
0.5527638190954773
0.4964824120603016
0.5246231155778894
0.6864321608040201
0.6190954773869347
0.4673366834170854
0.6050251256281407
0.5889447236180905
0.3919597989949749
0.3236180904522613
0.37085427135678395
0.3577889447236181
0.5678391959798994
0.614070351758794
0.6351758793969849
0.6040201005025126
0.528643216080402
0.4914572864321608
0.4673366834170854
0.5125628140703518
0.5708542713567839
0.5376884422110553
0.507537688442211
0.4984924623115578
0.43919597989949744
0.4994974874371859
0.4894472361809045
0.5929648241206029
0.5185929648241207
0.5316582914572864
0.46130653266331667
0.5447236180904522
0.5175879396984924
0.49648241206030147
0.5457286432160804
0.4633165829145728
0.46934673366834173
0.5869346733668341
0.5346733668341709
0.6030150753768845
0.5427135678391959
0.5738693467336684
0.478391959798995
0.3949748743718593
0.4412060301507538
0.42713567839195987
0.5105527638190955
0.4512562814070352
0.6341708542713568
0.5939698492462312
0.5236180904522614
0.49547738693467325
0.6110552763819095
0.6502512562814069
0.6743718592964825
0.6030150753768845
0.6804020100502512
0.7045226130653266
0.7457286432160803
0.6804020100502512
0.7226130653266332
0.7326633165829145
0.793969849246231
0.7949748743718592
0.7869346733668341
0.7527638190954774
0.7155778894472362
0.7768844221105528
0.6663316582914572
0.6180904522613064
0.577889447236181
0.6603015075376885
0.6814070351758794
0.6261306532663317
0.6010050251256281
0.5899497487437186
0.6452261306532663
0.6773869346733667
0.6311557788944724
0.6040201005025125
0.6050251256281407
0.5879396984924623
0.6271356783919598
0.6432160804020101
0.6371859296482413
0.6080402010050251
0.6190954773869347
0.6402010050251257
0.650251256281407
0.636180904522613
0.6653266331658292
0.6663316582914574
0.6211055276381909
0.6733668341708543
0.6482412060301508
0.5879396984924623
0.678391959798995
0.6412060301507537
0.6110552763819095
0.5829145728643217
0.5668341708542713
0.607035175879397
0.6070351758793969
0.5266331658291457
0.5798994974874372
0.6522613065326632
0.6130653266331658
0.6984924623115578
0.7125628140703517
0.6834170854271358
0.7206030150753768
0.6201005025125628
0.6482412060301508
0.6221105527638191
0.5537688442211055
0.46633165829145734
0.5356783919597989
0.428140703517588
0.5316582914572864
0.5648241206030151
0.6070351758793969
0.6562814070351759
0.6904522613065327
0.6814070351758794
0.6070351758793969
0.5748743718592965
0.5306532663316583
0.5447236180904522
0.563819095477387
0.6170854271356785
0.5949748743718593
0.7266331658291457
0.7346733668341708
0.8180904522613066
0.857286432160804
0.8814070351758794
0.914572864321608
0.8874371859296483
0.856281407035176
0.7979899497487437
0.857286432160804
0.8673366834170855
0.8201005025125628
0.8160804020100502
0.7246231155778895
0.749748743718593
0.7889447236180905
0.7105527638190955
0.6512562814070352
0.6492462311557788
0.6422110552763819
0.629145728643216
0.6160804020100502
0.6613065326633165
0.6371859296482412
0.7065326633165829
0.6060301507537689
0.5678391959798994
0.43819095477386927
0.4793969849246231
0.47135678391959795
0.4743718592964824
0.5939698492462311
0.5396984924623116
0.4974874371859296
0.5115577889447236
0.4532663316582914
0.4452261306532663
0.48140703517587935
0.4492462311557789
0.5135678391959798
0.5296482412060303
0.549748743718593
0.4974874371859296
0.6030150753768844
0.6341708542713567
0.6542713567839196
0.6954773869346733
0.7306532663316584
0.7557788944723619
0.7909547738693468
0.7648241206030151
0.7417085427135678
0.7155778894472362
0.7025125628140703
0.6462311557788945
0.7015075376884423
0.6040201005025125
0.685427135678392
0.6351758793969849
0.5457286432160804
0.5507537688442211
0.5949748743718593
0.6201005025125628
0.5175879396984925
0.5095477386934674
0.5879396984924623
0.591959798994975
0.4793969849246231
0.5628140703517588
0.6030150753768844
0.5306532663316583
0.47537688442211057
0.578894472361809
0.6542713567839196
0.6301507537688442
0.678391959798995
0.6592964824120603
0.592964824120603
0.6412060301507537
0.6964824120603016
0.7457286432160803
0.699497487437186
0.7376884422110553
0.7708542713567839
0.8321608040201006
0.878391959798995
0.8693467336683417
0.8954773869346735
0.8502512562814071
0.9155778894472361
0.9125628140703517
0.8733668341708544
0.8391959798994975
0.8140703517587939
0.8653266331658293
0.9246231155778896
0.8924623115577889
0.964824120603015
NaN
NaN
NaN
NaN
NaN
NaN
NaN
NaN
NaN
NaN
NaN
NaN
NaN
NaN
NaN
NaN
NaN
NaN
NaN
NaN
NaN
NaN
NaN
NaN
NaN
NaN
NaN
NaN
NaN
NaN
NaN
NaN
NaN
NaN
NaN
NaN
NaN
NaN
NaN
NaN
NaN
NaN
NaN
NaN
NaN
NaN
NaN
NaN
NaN
NaN
NaN
NaN
NaN
NaN
NaN
NaN
NaN
NaN
NaN
NaN
NaN
NaN
NaN
NaN
NaN
NaN
NaN
NaN
NaN
NaN
NaN
NaN
NaN
NaN
NaN
NaN
NaN
NaN
NaN
NaN
NaN
NaN
NaN
NaN
NaN
NaN
NaN
NaN
NaN
NaN
NaN
NaN
NaN
NaN
NaN
NaN
NaN
NaN
NaN
NaN
NaN
NaN
NaN
NaN
NaN
NaN
NaN
NaN
NaN
NaN
NaN
NaN
NaN
NaN
NaN
NaN
NaN
NaN
NaN
NaN
NaN
NaN
NaN
NaN
NaN
NaN
NaN
NaN
NaN
NaN
NaN
NaN
NaN
NaN
NaN
NaN
NaN
NaN
NaN
NaN
NaN
NaN
NaN
NaN
NaN
NaN
NaN
NaN
NaN
NaN
NaN
NaN
NaN
NaN
NaN
NaN
NaN
NaN
NaN
NaN
NaN
NaN
NaN
NaN
NaN
NaN
NaN
NaN
NaN
NaN
NaN
NaN
NaN
NaN
NaN
NaN
NaN
NaN
NaN
NaN
NaN
NaN
NaN
NaN
NaN
NaN
NaN
NaN
NaN
NaN
NaN
NaN
NaN
NaN
NaN
NaN
NaN
NaN
NaN
NaN
NaN
NaN
NaN
NaN
NaN
NaN
NaN
NaN
NaN
NaN
NaN
NaN
NaN
NaN
NaN
NaN
NaN
NaN
NaN
NaN
NaN
NaN
NaN
NaN
NaN
NaN
NaN
NaN
NaN
NaN
NaN
NaN
NaN
NaN
NaN
NaN
NaN
NaN
NaN
NaN
NaN
NaN
NaN
NaN
NaN
NaN
NaN
NaN
NaN
NaN
NaN
NaN
NaN
NaN
NaN
NaN
NaN
NaN
NaN
NaN
NaN
NaN
NaN
NaN
NaN
NaN
NaN
NaN
NaN
NaN
NaN
NaN
NaN
NaN
NaN
NaN
NaN
NaN
NaN
NaN
NaN
NaN
NaN
NaN
NaN
NaN
NaN
NaN
NaN
NaN
NaN
NaN
NaN
NaN
NaN
NaN
NaN
NaN
NaN
NaN
NaN
NaN
NaN
NaN
NaN
NaN
NaN
NaN
NaN
NaN
NaN
NaN
NaN
NaN
NaN
NaN
NaN
NaN
NaN
NaN
NaN
NaN
NaN
NaN
NaN
NaN
NaN
NaN
NaN
NaN
NaN
NaN
NaN
NaN
NaN
NaN
NaN
NaN
NaN
NaN
NaN
NaN
NaN
NaN
NaN
NaN
NaN
NaN
NaN
NaN
NaN
NaN
NaN
NaN
NaN
NaN
NaN
NaN
NaN
NaN
NaN
NaN
NaN
NaN
NaN
NaN
NaN
NaN
NaN
NaN
NaN
NaN
NaN
NaN
NaN
NaN
NaN
NaN
NaN
NaN
NaN
NaN
NaN
NaN
NaN
NaN
NaN
NaN
NaN
NaN
NaN
NaN
NaN
NaN
NaN
NaN
NaN
NaN
NaN
NaN
NaN
NaN
NaN
NaN
NaN
NaN
NaN
NaN
NaN
NaN
NaN
NaN
NaN
NaN
NaN
NaN
NaN
NaN
NaN
NaN
NaN
NaN
NaN
NaN
NaN
NaN
NaN
NaN
NaN
NaN
NaN
NaN
NaN
NaN
NaN
NaN
NaN
NaN
NaN
NaN
NaN
NaN
NaN
NaN
NaN
NaN
NaN
NaN
NaN
NaN
NaN
NaN
NaN
NaN
NaN
NaN
NaN
NaN
NaN
NaN
NaN
NaN
NaN
NaN
NaN
NaN
NaN
NaN
NaN
NaN
NaN
NaN
NaN
NaN
NaN
NaN
NaN
NaN
NaN
NaN
NaN
NaN
NaN
NaN
NaN
NaN
NaN
NaN
NaN
NaN
NaN
NaN
NaN
NaN
NaN
NaN
NaN
NaN
NaN
NaN
NaN
NaN
NaN
NaN
NaN
NaN
NaN
NaN
NaN
NaN
NaN
NaN
NaN
NaN
NaN
NaN
NaN
NaN
NaN
NaN
NaN
NaN
NaN
NaN
NaN
NaN
NaN
NaN
NaN
NaN
NaN
NaN
NaN
NaN
NaN
NaN
NaN
NaN
NaN
NaN
NaN
NaN
NaN
NaN
NaN
NaN
NaN
NaN
NaN
NaN
NaN
NaN
NaN
NaN
NaN
NaN
NaN
NaN
NaN
NaN
NaN
NaN
NaN
NaN
NaN
NaN
NaN
NaN
NaN
NaN
NaN
NaN
NaN
NaN
NaN
NaN
NaN
NaN
NaN
NaN
NaN
NaN
NaN
NaN
NaN
NaN
NaN
NaN
NaN
NaN
NaN
NaN
NaN
NaN
NaN
NaN
NaN
NaN
NaN
NaN
NaN
NaN
NaN
NaN
NaN
NaN
NaN
NaN
NaN
NaN
NaN
NaN
NaN
NaN
NaN
NaN
NaN
NaN
NaN
NaN
NaN
NaN
NaN
NaN
NaN
NaN
NaN
NaN
NaN
NaN
NaN
NaN
NaN
NaN
NaN
NaN
NaN
NaN
NaN
NaN
NaN
NaN
NaN
NaN
NaN
NaN
NaN
NaN
NaN
NaN
NaN
NaN
NaN
NaN
NaN
NaN
NaN
NaN
NaN
NaN
NaN
NaN
NaN
NaN
NaN
NaN
NaN
NaN
NaN
NaN
NaN
NaN
NaN
NaN
NaN
NaN
NaN
NaN
NaN
NaN
NaN
NaN
NaN
NaN
NaN
NaN
NaN
NaN
NaN
NaN
NaN
NaN
NaN
NaN
NaN
NaN
NaN
NaN
NaN
NaN
NaN
NaN
NaN
NaN
NaN
NaN
NaN
NaN
NaN
NaN
NaN
NaN
NaN
NaN
NaN
NaN
NaN
NaN
NaN
NaN
NaN
NaN
NaN
NaN
NaN
NaN
NaN
NaN
NaN
NaN
NaN
NaN
NaN
NaN
NaN
NaN
NaN
NaN
NaN
NaN
NaN
NaN
NaN
NaN
NaN
NaN
NaN
NaN
NaN
NaN
NaN
NaN
NaN
NaN
NaN
NaN
NaN
NaN
NaN
NaN
NaN
NaN
NaN
NaN
NaN
NaN
NaN
NaN
NaN
NaN
NaN
NaN
NaN
NaN
NaN
NaN
NaN
NaN
NaN
NaN
NaN
NaN
NaN
NaN
NaN
NaN
NaN
NaN
NaN
NaN
NaN
NaN
NaN
NaN
NaN
NaN
NaN
NaN
NaN
NaN
NaN
NaN
NaN
NaN
NaN
NaN
NaN
NaN
NaN
NaN
NaN
NaN
NaN
NaN
NaN
NaN
NaN
NaN
NaN
NaN
NaN
NaN
NaN
NaN
NaN
NaN
NaN
NaN
NaN
NaN
NaN
NaN
NaN
NaN
NaN
NaN
NaN
NaN
NaN
NaN
NaN
NaN
NaN
NaN
NaN
NaN
NaN
NaN
NaN
NaN
NaN
NaN
NaN
NaN
NaN
NaN
NaN
NaN
NaN
NaN
NaN
NaN
NaN
NaN
NaN
NaN
NaN
NaN
NaN
NaN
NaN
NaN
NaN
NaN
NaN
NaN
NaN
NaN
NaN
NaN
NaN
NaN
NaN
NaN
NaN
NaN
NaN
NaN
NaN
NaN
NaN
NaN
NaN
NaN
NaN
NaN
NaN
NaN
NaN
NaN
NaN
NaN
NaN
NaN
NaN
NaN
NaN
NaN
NaN
NaN
NaN
NaN
NaN
NaN
NaN
NaN
NaN
NaN
NaN
NaN
NaN
NaN
NaN
NaN
NaN
NaN
NaN
NaN
NaN
NaN
NaN
NaN
NaN
NaN
NaN
NaN
NaN
NaN
NaN
NaN
NaN
NaN
NaN
NaN
NaN
NaN
NaN
NaN
NaN
NaN
NaN
NaN
NaN
NaN
NaN
NaN
NaN
NaN
NaN
NaN
NaN
NaN
NaN
NaN
NaN
NaN
NaN
NaN
NaN
NaN
NaN
NaN
NaN
NaN
NaN
NaN
NaN
NaN
NaN
NaN
NaN
NaN
NaN
NaN
NaN
NaN
NaN
NaN
NaN
NaN
NaN
NaN
NaN
NaN
NaN
NaN
NaN
NaN
NaN
NaN
NaN
NaN
NaN
NaN
NaN
NaN
NaN
NaN
NaN
NaN
NaN
NaN
NaN
NaN
NaN
NaN
NaN
NaN
NaN
NaN
NaN
NaN
NaN
NaN
NaN
NaN
NaN
NaN
NaN
NaN
NaN
NaN
NaN
NaN
NaN
NaN
NaN
NaN
NaN
NaN
NaN
NaN
NaN
NaN
NaN
NaN
NaN
NaN
NaN
NaN
NaN
NaN
NaN
NaN
NaN
NaN
NaN
NaN
NaN
NaN
NaN
NaN
NaN
NaN
NaN
NaN
NaN
NaN
NaN
NaN
NaN
NaN
NaN
NaN
NaN
NaN
NaN
NaN
NaN
NaN
NaN
NaN
NaN
NaN
NaN
NaN
NaN
NaN
NaN
NaN
NaN
NaN
NaN
NaN
NaN
NaN
NaN
NaN
NaN
NaN
NaN
NaN
NaN
NaN
NaN
NaN
NaN
NaN
NaN
NaN
NaN
NaN
NaN
NaN
NaN
NaN
NaN
NaN
NaN
NaN
NaN
NaN
NaN
NaN
NaN
NaN
NaN
NaN
NaN
NaN
NaN
NaN
NaN
NaN
NaN
NaN
NaN
NaN
NaN
NaN
NaN
NaN
NaN
NaN
NaN
NaN
NaN
NaN
NaN
NaN
NaN
NaN
NaN
NaN
NaN
NaN
NaN
NaN
NaN
NaN
NaN
NaN
NaN
NaN
NaN
NaN
NaN
NaN
NaN
NaN
NaN
NaN
NaN
NaN
NaN
NaN
NaN
NaN
NaN
NaN
NaN
NaN
NaN
NaN
NaN
NaN
NaN
NaN
NaN
NaN
NaN
NaN
NaN
NaN
NaN
NaN
NaN
NaN
NaN
NaN
NaN
NaN
NaN
NaN
NaN
NaN
NaN
NaN
NaN
NaN
NaN
NaN
NaN
NaN
NaN
NaN
NaN
NaN
NaN
NaN
NaN
NaN
NaN
NaN
NaN
NaN
NaN
NaN
NaN
NaN
NaN
NaN
NaN
NaN
NaN
NaN
NaN
NaN
NaN
NaN
NaN
NaN
NaN
NaN
NaN
NaN
NaN
NaN
NaN
NaN
NaN
NaN
NaN
NaN
NaN
NaN
NaN
NaN
NaN
NaN
NaN
NaN
NaN
NaN
NaN
NaN
NaN
NaN
NaN
NaN
NaN
NaN
NaN
NaN
NaN
NaN
NaN
NaN
NaN
NaN
NaN
NaN
NaN
NaN
NaN
NaN
NaN
NaN
NaN
NaN
NaN
NaN
NaN
NaN
NaN
NaN
NaN
NaN
NaN
NaN
NaN
NaN
NaN
NaN
NaN
NaN
NaN
NaN
NaN
NaN
NaN
NaN
NaN
NaN
NaN
NaN
NaN
NaN
NaN
NaN
NaN
NaN
NaN
NaN
NaN
NaN
NaN
NaN
NaN
NaN
NaN
NaN
NaN
NaN
NaN
NaN
NaN
NaN
NaN
NaN
NaN
NaN
NaN
NaN
NaN
NaN
NaN
NaN
NaN
NaN
NaN
NaN
NaN
NaN
NaN
NaN
NaN
NaN
NaN
NaN
NaN
NaN
NaN
NaN
NaN
NaN
NaN
NaN
NaN
NaN
NaN
NaN
NaN
NaN
NaN
NaN
NaN
NaN
NaN
NaN
NaN
NaN
NaN
NaN
NaN
NaN
NaN
NaN
NaN
NaN
NaN
NaN
NaN
NaN
NaN
NaN
NaN
NaN
NaN
NaN
NaN
NaN
NaN
NaN
NaN
NaN
NaN
NaN
NaN
NaN
NaN
NaN
NaN
NaN
NaN
NaN
NaN
NaN
NaN
NaN
NaN
NaN
NaN
NaN
NaN
NaN
NaN
NaN
NaN
NaN
NaN
NaN
NaN
NaN
NaN
NaN
NaN
NaN
NaN
NaN
NaN
NaN
NaN
NaN
NaN
NaN
NaN
NaN
NaN
NaN
NaN
NaN
NaN
NaN
NaN
NaN
NaN
NaN
NaN
NaN
NaN
NaN
NaN
NaN
NaN
NaN
NaN
NaN
NaN
NaN
NaN
NaN
NaN
NaN
NaN
NaN
NaN
NaN
NaN
NaN
NaN
NaN
NaN
NaN
NaN
NaN
NaN
NaN
NaN
NaN
NaN
NaN
NaN
NaN
NaN
NaN
NaN
NaN
NaN
NaN
NaN
NaN
NaN
NaN
NaN
NaN
NaN
NaN
NaN
NaN
NaN
NaN
NaN
NaN
NaN
NaN
NaN
NaN
NaN
NaN
NaN
NaN
NaN
NaN
NaN
NaN
NaN
NaN
NaN
NaN
NaN
NaN
NaN
NaN
NaN
NaN
NaN
NaN
NaN
NaN
NaN
NaN
NaN
NaN
NaN
NaN
NaN
NaN
NaN
NaN
NaN
NaN
NaN
NaN
NaN
NaN
NaN
NaN
NaN
NaN
NaN
NaN
NaN
NaN
NaN
NaN
NaN
NaN
NaN
NaN
NaN
NaN
NaN
NaN
NaN
NaN
NaN
NaN
NaN
NaN
NaN
NaN
NaN
NaN
NaN
NaN
NaN
NaN
NaN
NaN
NaN
NaN
NaN
NaN
NaN
NaN
NaN
NaN
NaN
NaN
NaN
NaN
NaN
NaN
NaN
NaN
NaN
NaN
NaN
NaN
NaN
NaN
NaN
NaN
NaN
NaN
NaN
NaN
NaN
NaN
NaN
NaN
NaN
NaN
NaN
NaN
NaN
NaN
NaN
NaN
NaN
NaN
NaN
NaN
NaN
NaN
NaN
NaN
NaN
NaN
NaN
NaN
NaN
NaN
NaN
NaN
NaN
NaN
NaN
NaN
NaN
NaN
NaN
NaN
NaN
NaN
NaN
NaN
NaN
NaN
NaN
NaN
NaN
NaN
NaN
NaN
NaN
NaN
NaN
NaN
NaN
NaN
NaN
NaN
NaN
NaN
NaN
NaN
NaN
NaN
NaN
NaN
NaN
NaN
NaN
NaN
NaN
NaN
NaN
NaN
NaN
NaN
NaN
NaN
NaN
NaN
NaN
NaN
NaN
NaN
NaN
NaN
NaN
NaN
NaN
NaN
NaN
NaN
NaN
NaN
NaN
NaN
NaN
NaN
NaN
NaN
NaN
NaN
NaN
NaN
NaN
NaN
NaN
NaN
NaN
NaN
NaN
NaN
NaN
NaN
NaN
NaN
NaN
NaN
NaN
NaN
NaN
NaN
NaN
NaN
NaN
NaN
NaN
NaN
NaN
NaN
NaN
NaN
NaN
NaN
