0.2118473895582329
0.6440763052208834
0.5778112449799195
0.7635542168674699
0.7951807228915663
0.7786144578313252
0.8217871485943775
0.8132530120481928
0.7565261044176707
0.5818273092369478
0.5486947791164659
0.5251004016064257
0.466867469879518
0.5160642570281124
0.553714859437751
0.5657630522088353
0.48242971887550196
0.5592369477911646
0.4784136546184739
0.5215863453815262
0.47791164658634544
0.410140562248996
0.29367469879518077
0.46184738955823296
0.464859437751004
0.5160642570281124
0.6239959839357431
0.5813253012048194
0.645582329317269
0.696285140562249
0.7098393574297188
0.7078313253012047
0.6460843373493975
0.6445783132530121
0.6234939759036144
0.575301204819277
0.539156626506024
0.3795180722891566
0.502008032128514
0.48443775100401604
0.42068273092369485
0.6521084337349398
0.6395582329317269
0.6566265060240963
0.6987951807228915
0.6897590361445782
0.6596385542168676
0.5597389558232931
0.549698795180723
0.5963855421686747
0.7023092369477912
0.6566265060240963
0.610441767068273
0.5040160642570282
0.572289156626506
0.6124497991967872
0.5592369477911647
0.5707831325301206
0.7384538152610441
0.5456827309236948
0.6265060240963856
0.6626506024096386
0.6596385542168675
0.6410642570281124
0.5245983935742972
0.46335341365461846
0.5085341365461847
0.5005020080321285
0.5030120481927711
0.5958835341365463
0.6144578313253012
0.6039156626506024
0.6927710843373494
0.7093373493975905
0.7163654618473895
0.6857429718875502
0.6475903614457832
0.6460843373493976
0.5376506024096386
0.5281124497991968
0.6295180722891566
0.5923694779116465
0.6300200803212852
0.5266064257028112
0.48042168674698793
0.6405622489959839
0.5958835341365462
0.5507028112449799
0.678714859437751
0.6270080321285141
0.6812248995983936
0.7038152610441767
0.5015060240963856
0.46335341365461846
0.47891566265060237
0.4799196787148594
0.6149598393574297
0.7013052208835341
0.5873493975903614
0.6837349397590362
0.6536144578313253
0.6546184738955824
0.664156626506024
0.7173694779116466
0.5481927710843373
0.5943775100401607
0.6335341365461847
0.6646586345381527
0.6445783132530121
0.6124497991967871
0.6054216867469879
0.5647590361445783
0.555722891566265
0.5296184738955824
0.5251004016064257
0.6802208835341367
0.4794176706827309
0.4623493975903614
0.5838353413654619
0.6214859437751004
0.6290160642570282
0.4849397590361446
0.589859437751004
0.7008032128514057
0.5813253012048192
0.6164658634538153
0.5085341365461847
0.4528112449799197
0.4748995983935743
0.4267068273092369
0.46987951807228917
0.43323293172690763
0.6219879518072289
0.6837349397590362
0.7424698795180724
0.7866465863453815
0.6726907630522088
0.6475903614457831
0.6711847389558234
0.6375502008032129
0.535140562248996
0.608433734939759
0.4974899598393575
0.6229919678714859
0.5306224899598394
0.45632530120481923
0.47339357429718876
0.45632530120481923
0.47339357429718876
0.321285140562249
0.47138554216867473
0.5326305220883534
0.48092369477911656
0.5918674698795181
0.6089357429718876
0.5893574297188755
0.37600401606425704
0.5647590361445783
0.5346385542168675
0.6912650602409638
0.595883534136546
0.5747991967871486
0.6295180722891566
0.6310240963855422
0.7474899598393574
0.6661646586345382
0.5476907630522088
0.5853413654618473
0.6009036144578314
0.6009036144578314
0.5120481927710844
0.4884538152610442
0.7469879518072289
0.732429718875502
0.555722891566265
0.48594377510040154
0.47791164658634544
0.5271084337349398
0.6169678714859438
0.5220883534136547
0.6480923694779117
0.6360441767068273
0.6114457831325301
0.7444779116465864
0.6194779116465864
0.5471887550200804
0.6034136546184738
0.6325301204819277
0.6219879518072289
0.6144578313253013
0.46937751004016065
0.4513052208835342
0.6184738955823292
0.57429718875502
0.7013052208835342
0.6937751004016064
0.5983935742971888
0.6872489959839357
0.6636546184738956
0.5306224899598394
0.38403614457831325
0.5522088353413656
0.42218875502008024
0.7048192771084338
0.6360441767068273
0.6219879518072289
0.6666666666666667
0.6345381526104419
0.6641566265060241
0.7274096385542168
0.6430722891566266
0.6365461847389557
0.7063253012048193
0.6566265060240964
0.6877510040160643
0.5923694779116465
0.5291164658634537
0.5235943775100401
0.6209839357429718
0.6877510040160643
0.7203815261044176
0.6194779116465863
0.5261044176706827
0.5481927710843373
0.6194779116465864
0.5958835341365462
0.429718875502008
0.3985943775100402
0.5893574297188756
0.6154618473895583
0.45983935742971893
0.5245983935742973
0.47891566265060237
0.5532128514056225
0.5843373493975904
0.4733935742971888
0.6536144578313253
0.5747991967871486
0.5336345381526105
0.4904618473895583
0.45331325301204817
0.5732931726907631
0.6425702811244981
0.516566265060241
0.4934738955823293
0.5642570281124498
0.4839357429718875
0.5577309236947791
0.6255020080321285
0.4774096385542169
0.5502008032128514
0.6179718875502008
0.5421686746987953
0.6511044176706827
0.6942771084337349
0.535140562248996
0.5386546184738956
0.6862449799196787
0.7078313253012049
0.6982931726907631
0.7710843373493975
0.6862449799196788
0.589859437751004
0.6059236947791165
0.6736947791164659
0.7048192771084337
0.5958835341365463
0.5823293172690763
0.6701807228915663
0.7208835341365464
0.6189759036144579
0.6340361445783133
0.6345381526104418
0.643574297188755
0.6460843373493975
0.6837349397590361
0.5968875502008033
0.5326305220883534
0.4944779116465864
0.5040160642570282
0.6385542168674698
0.7399598393574296
0.6912650602409639
0.6270080321285141
0.7615461847389557
0.6506024096385542
0.5737951807228916
0.5798192771084337
0.5230923694779116
0.48343373493975905
0.606425702811245
0.6445783132530121
0.5235943775100402
0.5948795180722891
0.517570281124498
0.46987951807228917
0.45532128514056225
0.48594377510040165
0.5476907630522089
0.5396586345381527
0.461847389558233
0.6169678714859438
0.6004016064257028
0.6676706827309237
0.7530120481927711
0.751004016064257
0.5436746987951808
0.571285140562249
0.6134538152610443
0.6591365461847389
0.6179718875502008
0.6460843373493976
0.6882530120481928
0.7083333333333333
0.7218875502008032
0.6531124497991968
0.6390562248995983
0.516566265060241
0.5843373493975904
0.6741967871485943
0.6139558232931728
0.6822289156626505
0.6310240963855422
0.6104417670682732
0.6526104417670683
0.7068273092369478
0.6214859437751004
0.6295180722891566
0.46435742971887556
0.4839357429718876
0.5150602409638554
0.5727911646586346
0.552710843373494
0.44528112449799195
0.5471887550200802
0.6104417670682731
0.6797188755020082
0.7359437751004015
0.639558232931727
0.4708835341365462
0.516566265060241
0.49146586345381527
0.5220883534136547
0.6511044176706827
0.6731927710843373
0.7193775100401606
0.6385542168674699
0.5416666666666667
0.4668674698795181
0.5672690763052209
0.5587349397590361
0.5813253012048192
0.7008032128514057
0.7233935742971888
0.6455823293172691
0.4829317269076304
0.5868473895582329
0.4538152610441767
0.6024096385542169
0.4377510040160642
0.49598393574297195
0.5366465863453814
0.5471887550200802
0.5888554216867471
0.6134538152610443
0.7715863453815262
0.6907630522088353
0.5788152610441767
0.4974899598393574
0.6445783132530121
0.6074297188755019
0.5973895582329317
0.623995983935743
0.5818273092369478
0.7008032128514057
0.6666666666666667
0.696285140562249
0.573293172690763
0.5381526104417671
0.6234939759036144
0.5140562248995983
0.5371485943775101
0.4497991967871486
0.5431726907630522
0.607429718875502
0.5878514056224899
0.5175702811244981
0.5727911646586346
0.6154618473895583
0.5853413654618473
0.5582329317269077
0.5180722891566265
0.5823293172690763
0.5351405622489961
0.5677710843373494
0.5973895582329317
0.4613453815261044
0.67570281124498
0.6009036144578314
0.620983935742972
0.6109437751004015
0.6877510040160643
0.4919678714859438
0.4789156626506024
0.5276104417670683
0.5115461847389559
0.49196787148594373
0.5572289156626506
0.6124497991967871
0.6044176706827309
0.6214859437751005
0.7188755020080322
0.6792168674698794
0.5326305220883534
0.497991967871486
0.518574297188755
0.6656626506024096
0.6039156626506024
0.48092369477911645
0.5205823293172691
0.6069277108433735
0.623995983935743
0.588855421686747
0.5763052208835342
0.7369477911646587
0.6812248995983936
0.6852409638554218
0.6049196787148594
0.6400602409638554
0.5331325301204819
0.5100401606425702
0.41817269076305225
0.40160642570281124
0.6340361445783133
0.6817269076305221
0.6636546184738956
0.6877510040160643
0.6054216867469879
0.45883534136546184
0.5808232931726908
0.549698795180723
0.6445783132530121
0.5853413654618475
0.6912650602409639
0.7580321285140563
0.664156626506024
0.7223895582329317
0.6345381526104418
0.6440763052208834
0.5988955823293173
0.6365461847389559
0.5838353413654618
0.46787148594377514
0.46837349397590367
0.5567269076305221
0.6360441767068272
0.590863453815261
0.6671686746987953
0.6852409638554217
0.6009036144578312
0.5943775100401607
0.6305220883534136
0.6069277108433735
0.7349397590361447
0.5346385542168675
0.6852409638554217
0.7133534136546185
0.7023092369477911
0.43072289156626514
0.4929718875502007
0.4613453815261044
0.5512048192771084
0.588855421686747
0.5893574297188755
0.568273092369478
0.41967871485943775
0.5095381526104418
0.5160642570281124
0.47690763052208834
0.5190763052208835
0.535140562248996
0.6079317269076305
0.6872489959839357
0.5968875502008032
0.6812248995983935
0.6566265060240963
0.6139558232931727
0.6209839357429718
0.7018072289156627
0.5747991967871485
0.6837349397590362
0.6199799196787148
0.6591365461847389
0.5050200803212852
0.6345381526104418
0.5426706827309237
0.49648594377510036
0.4994979919678715
0.4859437751004016
0.625
0.5070281124497992
0.622991967871486
0.5783132530120482
0.6119477911646587
0.5491967871485943
0.5858433734939759
0.693273092369478
0.7650602409638555
0.729417670682731
0.5768072289156626
0.5622489959839357
0.660140562248996
0.7279116465863453
0.5245983935742972
0.804718875502008
0.6029116465863454
0.6711847389558233
0.6024096385542168
0.5085341365461847
0.48443775100401604
0.5973895582329317
0.5311244979919679
0.6255020080321285
0.6696787148594378
0.5707831325301205
0.6480923694779116
0.4648594377510041
0.5466867469879518
0.6380522088353413
0.6300200803212852
0.6511044176706827
0.6305220883534137
0.5717871485943775
0.5225903614457832
0.498995983935743
0.4543172690763052
0.5030120481927711
0.6586345381526104
0.5532128514056225
0.7248995983935742
0.625
0.5502008032128514
0.5712851405622489
0.4849397590361446
0.6711847389558233
0.5813253012048193
0.5993975903614458
0.5732931726907631
0.6209839357429718
0.5436746987951808
0.4497991967871486
0.46536144578313254
0.5682730923694779
0.7043172690763053
0.6405622489959839
0.43122489959839355
0.2836345381526104
0.5471887550200802
0.6420682730923695
0.6310240963855422
0.5512048192771085
0.5677710843373494
0.7093373493975903
0.6691767068273092
0.47389558232931733
0.4347389558232932
0.643574297188755
0.5055220883534137
0.5582329317269077
0.4432730923694779
0.5055220883534136
0.5697791164658634
0.5215863453815262
0.6656626506024096
0.6802208835341366
0.6099397590361446
0.6029116465863453
0.5190763052208835
0.5321285140562249
0.6782128514056225
0.4779116465863454
0.4743975903614458
0.5396586345381527
0.6069277108433735
0.6646586345381527
0.5256024096385543
0.5170682730923695
0.4784136546184739
0.605421686746988
0.5778112449799198
0.5868473895582329
0.6370481927710843
0.7218875502008032
0.6736947791164658
0.676706827309237
0.5903614457831325
0.734437751004016
0.7088353413654618
0.6596385542168675
0.7359437751004017
0.5873493975903614
0.4738955823293172
0.5491967871485943
0.5612449799196787
0.5085341365461847
0.5943775100401606
0.5763052208835341
0.6621485943775101
0.5778112449799198
0.5441767068273091
0.553714859437751
0.533132530120482
0.6977911646586346
0.6762048192771084
0.6736947791164659
0.7098393574297189
0.643574297188755
0.6280120481927712
0.6807228915662651
0.5783132530120482
0.5050200803212852
0.6069277108433735
0.6676706827309236
0.6089357429718875
0.700301204819277
0.5562248995983936
0.5245983935742973
0.4759036144578313
0.5652610441767068
0.45933734939759036
0.4442771084337349
0.5783132530120482
0.6029116465863453
0.5542168674698794
0.6049196787148595
0.5632530120481928
0.6244979919678714
0.6460843373493975
0.570281124497992
0.45783132530120485
0.5095381526104418
0.5110441767068273
0.45180722891566266
0.5808232931726908
0.6104417670682731
0.42168674698795183
0.3157630522088353
0.2966867469879518
0.4994979919678715
0.4718875502008032
0.5838353413654619
0.6661646586345381
0.6214859437751004
0.664156626506024
0.6385542168674699
0.7259036144578312
0.7505020080321284
0.6526104417670683
0.7419678714859437
0.7153614457831325
0.7615461847389559
0.6817269076305221
0.7213855421686747
0.5798192771084337
0.5662650602409639
0.5557228915662651
0.5863453815261044
0.5993975903614458
0.6616465863453815
0.570281124497992
0.5346385542168675
0.428714859437751
0.479417670682731
0.5085341365461847
0.6480923694779117
0.5055220883534136
0.6741967871485943
0.6490963855421688
0.6716867469879517
0.6802208835341366
0.6812248995983935
0.5747991967871485
0.5697791164658634
0.48694779116465864
0.6480923694779116
0.6174698795180723
0.5632530120481928
0.6024096385542168
0.46937751004016065
0.37901606425702805
0.4774096385542168
0.6470883534136546
0.6475903614457831
0.6641566265060241
0.5281124497991967
0.5291164658634538
0.6159638554216867
0.5466867469879518
0.5883534136546185
0.6671686746987953
0.6661646586345381
0.5376506024096386
0.5135542168674698
0.5778112449799196
0.6360441767068273
0.5517068273092369
0.4492971887550201
0.5587349397590361
0.5075301204819277
0.44779116465863456
0.4598393574297188
0.5572289156626506
0.49246987951807236
0.4523092369477912
0.6772088353413654
0.4387550200803213
0.6039156626506024
0.5813253012048193
0.5431726907630522
0.5085341365461847
0.5823293172690762
0.4106425702811245
0.40612449799196787
0.446285140562249
0.47289156626506024
0.36244979919678716
0.5607429718875502
0.6199799196787149
0.6762048192771084
0.5742971887550201
0.5778112449799196
0.45331325301204817
0.5998995983935742
0.5627510040160643
0.6445783132530121
0.6716867469879517
0.5025100401606426
0.5401606425702811
0.5773092369477912
0.5080321285140562
0.5557228915662651
0.6536144578313254
0.5988955823293172
0.6375502008032129
0.6335341365461847
0.518574297188755
0.44929718875502
0.5883534136546184
0.5471887550200802
0.5376506024096386
NaN
NaN
NaN
NaN
NaN
NaN
NaN
NaN
NaN
NaN
NaN
NaN
NaN
NaN
NaN
NaN
NaN
NaN
NaN
NaN
NaN
NaN
NaN
NaN
NaN
NaN
NaN
NaN
NaN
NaN
NaN
NaN
NaN
NaN
NaN
NaN
NaN
NaN
NaN
NaN
NaN
NaN
NaN
NaN
NaN
NaN
NaN
NaN
NaN
NaN
NaN
NaN
NaN
NaN
NaN
NaN
NaN
NaN
NaN
NaN
NaN
NaN
NaN
NaN
NaN
NaN
NaN
NaN
NaN
NaN
NaN
NaN
NaN
NaN
NaN
NaN
NaN
NaN
NaN
NaN
NaN
NaN
NaN
NaN
NaN
NaN
NaN
NaN
NaN
NaN
NaN
NaN
NaN
NaN
NaN
NaN
NaN
NaN
NaN
NaN
NaN
NaN
NaN
NaN
NaN
NaN
NaN
NaN
NaN
NaN
NaN
NaN
NaN
NaN
NaN
NaN
NaN
NaN
NaN
NaN
NaN
NaN
NaN
NaN
NaN
NaN
NaN
NaN
NaN
NaN
NaN
NaN
NaN
NaN
NaN
NaN
NaN
NaN
NaN
NaN
NaN
NaN
NaN
NaN
NaN
NaN
NaN
NaN
NaN
NaN
NaN
NaN
NaN
NaN
NaN
NaN
NaN
NaN
NaN
NaN
NaN
NaN
NaN
NaN
NaN
NaN
NaN
NaN
NaN
NaN
NaN
NaN
NaN
NaN
NaN
NaN
NaN
NaN
NaN
NaN
NaN
NaN
NaN
NaN
NaN
NaN
NaN
NaN
NaN
NaN
NaN
NaN
NaN
NaN
NaN
NaN
NaN
NaN
NaN
NaN
NaN
NaN
NaN
NaN
NaN
NaN
NaN
NaN
NaN
NaN
NaN
NaN
NaN
NaN
NaN
NaN
NaN
NaN
NaN
NaN
NaN
NaN
NaN
NaN
NaN
NaN
NaN
NaN
NaN
NaN
NaN
NaN
NaN
NaN
NaN
NaN
NaN
NaN
NaN
NaN
NaN
NaN
NaN
NaN
NaN
NaN
NaN
NaN
NaN
NaN
NaN
NaN
NaN
NaN
NaN
NaN
NaN
NaN
NaN
NaN
NaN
NaN
NaN
NaN
NaN
NaN
NaN
NaN
NaN
NaN
NaN
NaN
NaN
NaN
NaN
NaN
NaN
NaN
NaN
NaN
NaN
NaN
NaN
NaN
NaN
NaN
NaN
NaN
NaN
NaN
NaN
NaN
NaN
NaN
NaN
NaN
NaN
NaN
NaN
NaN
NaN
NaN
NaN
NaN
NaN
NaN
NaN
NaN
NaN
NaN
NaN
NaN
NaN
NaN
NaN
NaN
NaN
NaN
NaN
NaN
NaN
NaN
NaN
NaN
NaN
NaN
NaN
NaN
NaN
NaN
NaN
NaN
NaN
NaN
NaN
NaN
NaN
NaN
NaN
NaN
NaN
NaN
NaN
NaN
NaN
NaN
NaN
NaN
NaN
NaN
NaN
NaN
NaN
NaN
NaN
NaN
NaN
NaN
NaN
NaN
NaN
NaN
NaN
NaN
NaN
NaN
NaN
NaN
NaN
NaN
NaN
NaN
NaN
NaN
NaN
NaN
NaN
NaN
NaN
NaN
NaN
NaN
NaN
NaN
NaN
NaN
NaN
NaN
NaN
NaN
NaN
NaN
NaN
NaN
NaN
NaN
NaN
NaN
NaN
NaN
NaN
NaN
NaN
NaN
NaN
NaN
NaN
NaN
NaN
NaN
NaN
NaN
NaN
NaN
NaN
NaN
NaN
NaN
NaN
NaN
NaN
NaN
NaN
NaN
NaN
NaN
NaN
NaN
NaN
NaN
NaN
NaN
NaN
NaN
NaN
NaN
NaN
NaN
NaN
NaN
NaN
NaN
NaN
NaN
NaN
NaN
NaN
NaN
NaN
NaN
NaN
NaN
NaN
NaN
NaN
NaN
NaN
NaN
NaN
NaN
NaN
NaN
NaN
NaN
NaN
NaN
NaN
NaN
NaN
NaN
NaN
NaN
NaN
NaN
NaN
NaN
NaN
NaN
NaN
NaN
NaN
NaN
NaN
NaN
NaN
NaN
NaN
NaN
NaN
NaN
NaN
NaN
NaN
NaN
NaN
NaN
NaN
NaN
NaN
NaN
NaN
NaN
NaN
NaN
NaN
NaN
NaN
NaN
NaN
NaN
NaN
NaN
NaN
NaN
NaN
NaN
NaN
NaN
NaN
NaN
NaN
NaN
NaN
NaN
NaN
NaN
NaN
NaN
NaN
NaN
NaN
NaN
NaN
NaN
NaN
NaN
NaN
NaN
NaN
NaN
NaN
NaN
NaN
NaN
NaN
NaN
NaN
NaN
NaN
NaN
NaN
NaN
NaN
NaN
NaN
NaN
NaN
NaN
NaN
NaN
NaN
NaN
NaN
NaN
NaN
NaN
NaN
NaN
NaN
NaN
NaN
NaN
NaN
NaN
NaN
NaN
NaN
NaN
NaN
NaN
NaN
NaN
NaN
NaN
NaN
NaN
NaN
NaN
NaN
NaN
NaN
NaN
NaN
NaN
NaN
NaN
NaN
NaN
NaN
NaN
NaN
NaN
NaN
NaN
NaN
NaN
NaN
NaN
NaN
NaN
NaN
NaN
NaN
NaN
NaN
NaN
NaN
NaN
NaN
NaN
NaN
NaN
NaN
NaN
NaN
NaN
NaN
NaN
NaN
NaN
NaN
NaN
NaN
NaN
NaN
NaN
NaN
NaN
NaN
NaN
NaN
NaN
NaN
NaN
NaN
NaN
NaN
NaN
NaN
NaN
NaN
NaN
NaN
NaN
NaN
NaN
NaN
NaN
NaN
NaN
NaN
NaN
NaN
NaN
NaN
NaN
NaN
NaN
NaN
NaN
NaN
NaN
NaN
NaN
NaN
NaN
NaN
NaN
NaN
NaN
NaN
NaN
NaN
NaN
NaN
NaN
NaN
NaN
NaN
NaN
NaN
NaN
NaN
NaN
NaN
NaN
NaN
NaN
NaN
NaN
NaN
NaN
NaN
NaN
NaN
NaN
NaN
NaN
NaN
NaN
NaN
NaN
NaN
NaN
NaN
NaN
NaN
NaN
NaN
NaN
NaN
NaN
NaN
NaN
NaN
NaN
NaN
NaN
NaN
NaN
NaN
NaN
NaN
NaN
NaN
NaN
NaN
NaN
NaN
NaN
NaN
NaN
NaN
NaN
NaN
NaN
NaN
NaN
NaN
NaN
NaN
NaN
NaN
NaN
NaN
NaN
NaN
NaN
NaN
NaN
NaN
NaN
NaN
NaN
NaN
NaN
NaN
NaN
NaN
NaN
NaN
NaN
NaN
NaN
NaN
NaN
NaN
NaN
NaN
NaN
NaN
NaN
NaN
NaN
NaN
NaN
NaN
NaN
NaN
NaN
NaN
NaN
NaN
NaN
NaN
NaN
NaN
NaN
NaN
NaN
NaN
NaN
NaN
NaN
NaN
NaN
NaN
NaN
NaN
NaN
NaN
NaN
NaN
NaN
NaN
NaN
NaN
NaN
NaN
NaN
NaN
NaN
NaN
NaN
NaN
NaN
NaN
NaN
NaN
NaN
NaN
NaN
NaN
NaN
NaN
NaN
NaN
NaN
NaN
NaN
NaN
NaN
NaN
NaN
NaN
NaN
NaN
NaN
NaN
NaN
NaN
NaN
NaN
NaN
NaN
NaN
NaN
NaN
NaN
NaN
NaN
NaN
NaN
NaN
NaN
NaN
NaN
NaN
NaN
NaN
NaN
NaN
NaN
NaN
NaN
NaN
NaN
NaN
NaN
NaN
NaN
NaN
NaN
NaN
NaN
NaN
NaN
NaN
NaN
NaN
NaN
NaN
NaN
NaN
NaN
NaN
NaN
NaN
NaN
NaN
NaN
NaN
NaN
NaN
NaN
NaN
NaN
NaN
NaN
NaN
NaN
NaN
NaN
NaN
NaN
NaN
NaN
NaN
NaN
NaN
NaN
NaN
NaN
NaN
NaN
NaN
NaN
NaN
NaN
NaN
NaN
NaN
NaN
NaN
NaN
NaN
NaN
NaN
NaN
NaN
NaN
NaN
NaN
NaN
NaN
NaN
NaN
NaN
NaN
NaN
NaN
NaN
NaN
NaN
NaN
NaN
NaN
NaN
NaN
NaN
NaN
NaN
NaN
NaN
NaN
NaN
NaN
NaN
NaN
NaN
NaN
NaN
NaN
NaN
NaN
NaN
NaN
NaN
NaN
NaN
NaN
NaN
NaN
NaN
NaN
NaN
NaN
NaN
NaN
NaN
NaN
NaN
NaN
NaN
NaN
NaN
NaN
NaN
NaN
NaN
NaN
NaN
NaN
NaN
NaN
NaN
NaN
NaN
NaN
NaN
NaN
NaN
NaN
NaN
NaN
NaN
NaN
NaN
NaN
NaN
NaN
NaN
NaN
NaN
NaN
NaN
NaN
NaN
NaN
NaN
NaN
NaN
NaN
NaN
NaN
NaN
NaN
NaN
NaN
NaN
NaN
NaN
NaN
NaN
NaN
NaN
NaN
NaN
NaN
NaN
NaN
NaN
NaN
NaN
NaN
NaN
NaN
NaN
NaN
NaN
NaN
NaN
NaN
NaN
NaN
NaN
NaN
NaN
NaN
NaN
NaN
NaN
NaN
NaN
NaN
NaN
NaN
NaN
NaN
NaN
NaN
NaN
NaN
NaN
NaN
NaN
NaN
NaN
NaN
NaN
NaN
NaN
NaN
NaN
NaN
NaN
NaN
NaN
NaN
NaN
NaN
NaN
NaN
NaN
NaN
NaN
NaN
NaN
NaN
NaN
NaN
NaN
NaN
NaN
NaN
NaN
NaN
NaN
NaN
NaN
NaN
NaN
NaN
NaN
NaN
NaN
NaN
NaN
NaN
NaN
NaN
NaN
NaN
NaN
NaN
NaN
NaN
NaN
NaN
NaN
NaN
NaN
NaN
NaN
NaN
NaN
NaN
NaN
NaN
NaN
NaN
NaN
NaN
NaN
NaN
NaN
NaN
NaN
NaN
NaN
NaN
NaN
NaN
NaN
NaN
NaN
NaN
NaN
NaN
NaN
NaN
NaN
NaN
NaN
NaN
NaN
NaN
NaN
NaN
NaN
NaN
NaN
NaN
NaN
NaN
NaN
NaN
NaN
NaN
NaN
NaN
NaN
NaN
NaN
NaN
NaN
NaN
NaN
NaN
NaN
NaN
NaN
NaN
NaN
NaN
NaN
NaN
NaN
NaN
NaN
NaN
NaN
NaN
NaN
NaN
NaN
NaN
NaN
NaN
NaN
NaN
NaN
NaN
NaN
NaN
NaN
NaN
NaN
NaN
NaN
NaN
NaN
NaN
NaN
NaN
NaN
NaN
NaN
NaN
NaN
NaN
NaN
NaN
NaN
NaN
NaN
NaN
NaN
NaN
NaN
NaN
NaN
NaN
NaN
NaN
NaN
NaN
NaN
NaN
NaN
NaN
NaN
NaN
NaN
NaN
NaN
NaN
NaN
NaN
NaN
NaN
NaN
NaN
NaN
NaN
NaN
NaN
NaN
NaN
NaN
NaN
NaN
NaN
NaN
NaN
NaN
NaN
NaN
NaN
NaN
NaN
NaN
NaN
NaN
NaN
NaN
NaN
NaN
NaN
NaN
NaN
NaN
NaN
NaN
NaN
NaN
NaN
NaN
NaN
NaN
NaN
NaN
NaN
NaN
NaN
NaN
NaN
NaN
NaN
NaN
NaN
NaN
NaN
NaN
NaN
NaN
NaN
NaN
NaN
NaN
NaN
NaN
NaN
NaN
NaN
NaN
NaN
NaN
NaN
NaN
NaN
NaN
NaN
NaN
NaN
NaN
NaN
NaN
NaN
NaN
NaN
NaN
NaN
NaN
NaN
NaN
NaN
NaN
NaN
NaN
NaN
NaN
NaN
NaN
NaN
NaN
NaN
NaN
NaN
NaN
NaN
NaN
NaN
NaN
NaN
NaN
NaN
NaN
NaN
NaN
NaN
NaN
NaN
NaN
NaN
NaN
NaN
NaN
NaN
NaN
NaN
NaN
NaN
NaN
NaN
NaN
NaN
NaN
NaN
NaN
NaN
NaN
NaN
NaN
NaN
NaN
NaN
NaN
NaN
NaN
NaN
NaN
NaN
NaN
NaN
NaN
NaN
NaN
NaN
NaN
NaN
NaN
NaN
NaN
NaN
NaN
NaN
NaN
NaN
NaN
NaN
NaN
NaN
NaN
NaN
NaN
NaN
NaN
NaN
NaN
NaN
NaN
NaN
NaN
NaN
NaN
NaN
NaN
NaN
NaN
NaN
NaN
NaN
NaN
NaN
NaN
NaN
NaN
NaN
NaN
NaN
NaN
NaN
NaN
NaN
NaN
NaN
NaN
NaN
NaN
NaN
NaN
NaN
NaN
NaN
NaN
NaN
NaN
NaN
NaN
NaN
NaN
NaN
NaN
NaN
NaN
NaN
NaN
NaN
NaN
NaN
NaN
NaN
NaN
NaN
NaN
NaN
NaN
NaN
NaN
NaN
NaN
NaN
NaN
NaN
NaN
NaN
NaN
NaN
NaN
NaN
NaN
NaN
NaN
NaN
NaN
NaN
NaN
NaN
NaN
NaN
NaN
NaN
NaN
NaN
NaN
NaN
NaN
NaN
NaN
NaN
NaN
NaN
NaN
NaN
NaN
NaN
NaN
NaN
NaN
NaN
NaN
NaN
NaN
NaN
NaN
NaN
NaN
NaN
NaN
NaN
NaN
NaN
NaN
NaN
NaN
NaN
NaN
NaN
NaN
NaN
NaN
NaN
NaN
NaN
NaN
NaN
NaN
NaN
NaN
NaN
NaN
NaN
NaN
NaN
NaN
NaN
NaN
NaN
NaN
NaN
NaN
NaN
NaN
NaN
NaN
NaN
NaN
NaN
NaN
NaN
NaN
NaN
NaN
NaN
NaN
NaN
NaN
NaN
NaN
NaN
NaN
NaN
NaN
NaN
NaN
NaN
NaN
NaN
NaN
NaN
NaN
NaN
NaN
NaN
NaN
NaN
NaN
NaN
NaN
NaN
NaN
NaN
NaN
NaN
NaN
NaN
NaN
NaN
NaN
NaN
NaN
NaN
NaN
NaN
NaN
NaN
NaN
NaN
NaN
NaN
NaN
NaN
NaN
NaN
NaN
NaN
NaN
NaN
NaN
NaN
NaN
NaN
NaN
NaN
NaN
NaN
NaN
NaN
NaN
NaN
NaN
NaN
NaN
NaN
NaN
NaN
NaN
NaN
NaN
NaN
NaN
NaN
NaN
NaN
NaN
NaN
NaN
NaN
NaN
NaN
NaN
NaN
NaN
NaN
NaN
NaN
NaN
NaN
NaN
NaN
NaN
NaN
NaN
NaN
NaN
NaN
NaN
NaN
NaN
NaN
NaN
NaN
NaN
NaN
NaN
NaN
NaN
NaN
NaN
NaN
NaN
NaN
NaN
NaN
NaN
NaN
NaN
NaN
NaN
NaN
NaN
NaN
NaN
NaN
NaN
NaN
NaN
NaN
NaN
NaN
NaN
NaN
NaN
NaN
NaN
NaN
NaN
NaN
NaN
NaN
NaN
NaN
NaN
NaN
NaN
NaN
NaN
NaN
NaN
