0.04180602006688963
0.1616499442586399
0.20847268673355626
0.39910813823857305
0.46655518394648826
0.5072463768115941
0.5646599777034559
0.669453734671126
0.6204013377926422
0.6538461538461539
0.7787068004459309
0.8651059085841695
0.9202898550724639
0.9264214046822744
0.9264214046822743
0.8896321070234113
0.9169453734671126
0.9347826086956522
0.8561872909698997
0.8639910813823857
0.8450390189520625
0.826644370122631
0.8244147157190636
0.7842809364548495
0.7647714604236343
0.8416945373467112
0.8400222965440357
0.8394648829431436
0.8784838350055741
0.8690078037904124
0.8361204013377926
0.8606465997770344
0.8600891861761427
0.8701226309921962
0.8416945373467114
0.8879598662207359
0.7775919732441472
0.7870680044593089
0.8121516164994426
0.8483835005574137
0.7848383500557414
0.7954292084726867
0.7943143812709031
0.7965440356744704
0.7474916387959866
0.7012263099219621
0.7363433667781493
0.7597547380156077
0.7346711259754738
0.7157190635451505
0.7430323299888517
0.7887402452619844
0.7190635451505017
0.6794871794871794
0.6493868450390189
0.6599777034559643
0.6516164994425865
0.6627647714604236
0.6845039018952063
0.6638795986622074
0.6376811594202899
0.7274247491638796
0.7463768115942028
0.761984392419175
0.7023411371237459
0.6989966555183947
0.6989966555183947
0.7430323299888517
0.7318840579710145
0.6610925306577481
0.60479375696767
0.5919732441471572
0.6014492753623188
0.5975473801560758
0.7023411371237458
0.6560758082497212
0.6789297658862877
0.6594202898550724
0.6304347826086957
0.6861761426978817
0.6560758082497213
0.6365663322185061
0.6978818283166109
0.7474916387959866
0.7564102564102564
0.7168338907469343
0.7073578595317725
0.70958751393534
0.7279821627647715
0.7630992196209588
0.7931995540691194
0.7619843924191749
0.6231884057971014
0.6521739130434784
0.7129319955406911
0.6705685618729097
0.6962095875139354
0.6282051282051282
0.6376811594202899
0.6426978818283166
0.6711259754738016
0.6811594202898551
0.677257525083612
0.632664437012263
0.6995540691192866
0.6783723522853956
0.669453734671126
0.7302118171683388
0.6828316610925307
0.6856187290969901
0.7547380156075808
0.7541806020066889
0.7848383500557414
0.8327759197324415
0.7748049052396878
0.7329988851727981
0.697324414715719
0.7430323299888517
0.7664437012263098
0.7642140468227425
0.7329988851727981
0.693422519509476
0.6488294314381271
0.693422519509476
0.7302118171683389
0.806577480490524
0.834448160535117
0.8272017837235227
0.8606465997770346
0.9119286510590858
0.8835005574136009
0.8929765886287626
0.8099219620958751
0.7870680044593089
0.8835005574136009
0.8238573021181718
0.8567447045707914
0.8171683389074693
0.8283166109253065
0.7670011148272019
0.7558528428093646
0.7324414715719064
0.7748049052396878
0.8344481605351172
0.770345596432553
0.8166109253065774
0.8444816053511706
0.8823857302118173
0.818840579710145
0.7976588628762542
0.8422519509476031
0.8835005574136009
0.8695652173913043
0.911371237458194
0.9147157190635452
0.8929765886287626
0.8283166109253067
0.7809364548494985
0.6900780379041248
0.7842809364548495
0.70958751393534
0.70958751393534
0.7447045707915273
0.8049052396878484
0.76644370122631
0.7229654403567447
0.681159420289855
0.6956521739130435
0.6516164994425864
0.6042363433667781
0.6739130434782609
0.7017837235228539
0.6911928651059086
0.6800445930880715
0.6488294314381271
0.6471571906354515
0.5791527313266444
0.5830546265328874
0.5785953177257526
0.6443701226309921
0.7129319955406913
0.6700111482720179
0.7508361204013378
0.7101449275362319
0.7569676700111483
0.7123745819397994
0.8517279821627648
0.7803790412486064
0.8377926421404682
0.8550724637681159
0.7965440356744704
0.7697881828316611
0.7692307692307692
0.8021181716833891
0.7469342251950949
0.7586399108138239
0.741360089186176
0.7084726867335563
0.7274247491638796
0.7391304347826088
0.7586399108138239
0.7447045707915273
0.6967670011148273
0.7006688963210702
0.6761426978818283
0.6739130434782609
0.6555183946488294
0.6220735785953176
0.6298773690078038
0.6661092530657747
0.7040133779264215
0.6477146042363433
0.7073578595317725
0.7541806020066889
0.8099219620958751
0.7028985507246377
0.7274247491638796
0.7028985507246377
0.7251950947603122
0.6962095875139354
0.7068004459308806
0.7218506131549609
0.7268673355629877
0.664994425863991
0.6092530657748049
0.6610925306577481
0.7452619843924192
0.7408026755852842
0.8071348940914159
0.8322185061315496
0.8060200668896321
0.7023411371237458
0.572463768115942
0.5981047937569678
0.6103678929765886
0.6917502787068005
0.6800445930880712
0.7162764771460424
0.7045707915273133
0.6365663322185061
0.6053511705685618
0.5189520624303233
0.6276477146042364
0.6192865105908585
0.5992196209587514
0.5891861761426979
0.6449275362318841
0.6510590858416946
0.6399108138238573
0.5819397993311036
0.649386845039019
0.5986622073578595
0.6622073578595318
0.7346711259754738
0.7023411371237458
0.6956521739130435
0.729654403567447
0.7190635451505017
0.7068004459308806
0.6661092530657747
0.7012263099219621
0.7157190635451506
0.7274247491638796
0.7257525083612041
0.7090301003344481
0.7430323299888517
0.729654403567447
0.6945373467112598
0.7859531772575252
0.7697881828316611
0.8093645484949833
0.8455964325529542
0.8160535117056856
0.8539576365663324
0.8762541806020065
0.7809364548494985
0.7469342251950947
0.8088071348940913
0.7257525083612041
0.8115942028985508
0.7959866220735786
0.76644370122631
0.6811594202898551
0.7369007803790413
0.7079152731326644
0.7274247491638796
0.717948717948718
0.7240802675585284
0.7597547380156077
0.79041248606466
0.7803790412486064
0.8099219620958752
0.8037904124860646
0.8355629877369007
0.7803790412486066
0.8701226309921962
0.875696767001115
0.8450390189520623
0.8773690078037903
0.7519509476031216
0.9041248606465997
0.8472686733556299
0.8054626532887402
0.8115942028985508
0.7842809364548495
0.7229654403567447
0.79041248606466
0.7469342251950947
0.7123745819397994
0.7525083612040134
0.6889632107023411
0.6677814938684504
0.693422519509476
0.8455964325529544
0.7870680044593089
0.7519509476031215
0.7681159420289855
0.7474916387959866
0.738573021181717
0.7937569676700112
0.6911928651059086
0.7040133779264214
0.6845039018952063
0.7051282051282052
0.7090301003344481
0.7714604236343368
0.8210702341137125
0.7530657748049053
0.7402452619843926
0.8166109253065774
0.8182831661092531
0.7748049052396878
0.7731326644370123
0.850613154960981
0.7742474916387959
0.8037904124860646
0.8450390189520625
0.8361204013377926
0.8812709030100335
0.9481605351170569
0.9147157190635452
0.9035674470457079
0.8288740245261984
0.826644370122631
0.793756967670011
0.7614269788182834
0.8010033444816053
0.8472686733556299
0.8433667781493869
0.8372352285395764
0.8321070234113712
0.8113712374581941
0.7779264214046823
0.814046822742475
0.7518394648829432
0.8040133779264215
0.8441471571906355
0.854180602006689
0.8515050167224081
0.7678929765886288
0.8341137123745819
0.8147157190635452
0.7852842809364547
0.7665551839464882
0.8528428093645484
0.820066889632107
0.8662207357859533
0.8809364548494983
0.7612040133779264
0.7919732441471573
0.7765886287625419
0.7618729096989967
0.8006688963210703
0.6956521739130436
0.6956521739130436
0.7063545150501673
0.6996655518394649
0.6842809364548494
0.6354515050167224
0.688963210702341
0.694314381270903
0.7123745819397993
0.6675585284280936
0.705685618729097
0.6715719063545151
0.7290969899665553
0.74314381270903
0.6133779264214048
0.6187290969899666
0.6421404682274247
0.6327759197324415
0.6755852842809364
0.7678929765886288
0.8073578595317725
0.7866220735785954
0.6889632107023411
0.7123745819397993
0.7645484949832777
0.8448160535117057
0.8401337792642141
0.9224080267558529
0.9605351170568562
0.9076923076923077
0.945819397993311
0.9418060200668895
0.9190635451505017
0.9505016722408026
0.8809364548494983
0.7765886287625419
0.7665551839464884
0.7645484949832776
0.8381270903010034
0.842809364548495
0.7618729096989967
0.8240802675585284
0.5966555183946488
0.6361204013377926
0.6006688963210702
0.5953177257525083
0.6488294314381271
0.6120401337792643
0.7264214046822743
0.6454849498327759
0.7304347826086957
0.7250836120401338
0.7585284280936455
0.7123745819397993
0.7096989966555184
0.774581939799331
0.731772575250836
0.7290969899665551
0.808026755852843
0.82876254180602
0.9076923076923077
0.8782608695652174
0.9083612040133779
0.8080267558528428
0.8234113712374583
0.7491638795986624
0.7525083612040134
0.7585284280936454
0.8234113712374583
0.8387959866220737
0.8682274247491639
0.8387959866220737
0.7926421404682275
0.7725752508361203
0.7585284280936455
0.7331103678929766
0.7612040133779264
0.7792642140468227
0.7785953177257525
0.7551839464882943
0.7224080267558529
0.6294314381270902
0.6983277591973244
0.648160535117057
0.5946488294314382
0.45083612040133775
0.44280936454849495
0.40535117056856185
0.37525083612040133
0.4668896321070234
0.505685618729097
0.4167224080267558
0.4729096989966555
0.44147157190635455
0.47625418060200675
0.42541806020066886
0.45953177257525085
0.5391304347826086
0.4528428093645485
0.5337792642140469
0.41003344481605347
0.44882943143812704
0.40066889632107017
0.4321070234113712
0.534448160535117
0.6648829431438127
0.7250836120401338
0.6829431438127089
0.7177257525083612
0.6903010033444816
0.6889632107023411
0.6006688963210702
0.6267558528428093
0.5444816053511705
0.49297658862876254
0.4535117056856187
0.44214046822742475
0.3745819397993311
0.45083612040133775
0.3986622073578595
0.494314381270903
0.5090301003344482
0.49565217391304345
0.6073578595317726
0.694314381270903
0.6949832775919733
0.739799331103679
0.7752508361204014
0.8066889632107024
0.7177257525083613
0.8160535117056856
0.814046822742475
0.8214046822742475
0.9217391304347826
0.9257525083612042
0.9491638795986622
0.894314381270903
0.8515050167224082
0.7839464882943143
0.748494983277592
0.7177257525083611
0.773913043478261
0.7739130434782608
0.7953177257525084
0.7879598662207358
0.7759197324414716
0.777257525083612
0.7892976588628763
0.7411371237458194
0.7177257525083613
0.6896321070234114
0.7692307692307692
0.8595317725752508
0.8963210702341138
0.9290969899665551
0.9096989966555185
0.8742474916387961
0.8648829431438128
0.8615384615384617
0.8528428093645484
0.826086956521739
0.8595317725752508
0.8508361204013379
0.8602006688963211
0.8361204013377928
0.7678929765886288
0.8387959866220737
0.8100334448160534
0.8381270903010034
0.8347826086956521
0.7665551839464884
0.8608695652173912
0.8220735785953177
0.8642140468227424
0.8535117056856187
0.8515050167224081
0.8755852842809364
0.8501672240802677
0.8334448160535117
0.8521739130434781
0.8702341137123746
0.8501672240802677
0.7745819397993311
0.7698996655518395
0.7418060200668897
0.6247491638795986
0.5759197324414715
0.5056856187290971
0.5538461538461539
0.5157190635451505
0.651505016722408
0.6608695652173913
0.6775919732441471
0.7237458193979933
0.7498327759197324
0.7926421404682275
0.7665551839464884
0.791304347826087
0.8066889632107024
0.8040133779264215
0.8795986622073579
0.8093645484949832
0.8474916387959865
0.8020066889632107
0.8642140468227424
0.865551839464883
0.8501672240802677
0.8889632107023413
0.9779264214046822
0.9538461538461538
0.9050167224080268
0.8729096989966555
0.8314381270903011
0.8441471571906355
0.7331103678929767
0.6802675585284281
0.7103678929765886
0.7304347826086957
0.6234113712374583
0.7123745819397993
0.6622073578595318
0.5638795986622075
0.5645484949832775
0.5384615384615385
0.5157190635451505
0.6020066889632107
0.7096989966555185
0.6595317725752509
0.6709030100334449
0.7525083612040134
0.6481605351170568
0.6294314381270903
0.631438127090301
0.6260869565217392
0.5933110367892978
0.5919732441471572
0.6026755852842809
0.5719063545150501
0.6220735785953176
0.5391304347826087
0.6321070234113713
0.5926421404682275
0.6334448160535118
0.694314381270903
0.7819397993311036
0.8006688963210703
0.8214046822742475
0.7719063545150501
0.7852842809364549
0.7612040133779264
0.739799331103679
0.7043478260869567
0.7719063545150501
0.7237458193979933
0.7719063545150502
0.7505016722408027
0.7779264214046824
0.7230769230769231
0.7177257525083612
0.7357859531772576
0.7257525083612041
0.6260869565217392
0.699665551839465
0.6635451505016723
0.5498327759197325
0.49632107023411376
0.5872909698996656
0.648160535117057
0.6448160535117057
0.6494983277591972
0.719732441471572
0.745819397993311
0.7404682274247492
0.6742474916387959
0.7237458193979933
0.7016722408026757
0.7244147157190636
0.7451505016722408
0.7431438127090301
0.8354515050167224
0.8020066889632108
0.854180602006689
0.8394648829431437
0.8836120401337793
0.8588628762541806
0.8595317725752508
0.8535117056856187
0.8802675585284281
0.8
0.7585284280936456
0.7498327759197323
0.8107023411371237
0.8107023411371237
0.8107023411371237
0.8742474916387961
0.8929765886287626
0.9351170568561873
0.9183946488294314
0.9585284280936456
0.8869565217391304
0.876923076923077
0.9464882943143813
0.9605351170568562
0.9217391304347826
0.9030100334448161
0.8836120401337793
0.8508361204013379
0.7879598662207359
0.8675585284280934
0.854180602006689
0.8923076923076924
0.8494983277591974
0.8468227424749163
0.7906354515050167
0.7458193979933111
0.7578595317725754
0.737123745819398
0.7050167224080266
0.688294314381271
0.6535117056856187
0.6535117056856187
0.7558528428093647
0.65752508361204
0.6013377926421406
0.5491638795986622
0.5618729096989966
0.557190635451505
0.4775919732441472
0.3933110367892977
0.4735785953177258
0.4809364548494983
0.5846153846153845
0.5331103678929766
0.41404682274247495
0.44280936454849495
0.568561872909699
0.6648829431438126
0.6421404682274248
0.7096989966555184
0.6709030100334448
0.7538461538461538
0.6622073578595318
0.6668896321070235
0.6862876254180602
0.6976588628762541
0.5859531772575252
0.5979933110367893
0.574581939799331
0.6127090301003344
0.5605351170568562
0.48762541806020077
0.5986622073578596
0.5210702341137123
0.49966555183946487
0.4575250836120401
0.5204013377926422
0.4809364548494983
0.45618729096989963
0.48361204013377923
0.48762541806020065
0.4441471571906354
0.43411371237458196
0.38060200668896316
0.4816053511705686
0.5030100334448161
0.49096989966555177
0.6301003344481605
0.6983277591973245
0.7070234113712375
0.7404682274247492
0.6327759197324414
0.6675585284280936
0.44147157190635455
0.49565217391304356
0.4294314381270903
0.5652173913043478
0.5719063545150502
NaN
NaN
NaN
NaN
NaN
NaN
NaN
NaN
NaN
NaN
NaN
NaN
NaN
NaN
NaN
NaN
NaN
NaN
NaN
NaN
NaN
NaN
NaN
NaN
NaN
NaN
NaN
NaN
NaN
NaN
NaN
NaN
NaN
NaN
NaN
NaN
NaN
NaN
NaN
NaN
NaN
NaN
NaN
NaN
NaN
NaN
NaN
NaN
NaN
NaN
NaN
NaN
NaN
NaN
NaN
NaN
NaN
NaN
NaN
NaN
NaN
NaN
NaN
NaN
NaN
NaN
NaN
NaN
NaN
NaN
NaN
NaN
NaN
NaN
NaN
NaN
NaN
NaN
NaN
NaN
NaN
NaN
NaN
NaN
NaN
NaN
NaN
NaN
NaN
NaN
NaN
NaN
NaN
NaN
NaN
NaN
NaN
NaN
NaN
NaN
NaN
NaN
NaN
NaN
NaN
NaN
NaN
NaN
NaN
NaN
NaN
NaN
NaN
NaN
NaN
NaN
NaN
NaN
NaN
NaN
NaN
NaN
NaN
NaN
NaN
NaN
NaN
NaN
NaN
NaN
NaN
NaN
NaN
NaN
NaN
NaN
NaN
NaN
NaN
NaN
NaN
NaN
NaN
NaN
NaN
NaN
NaN
NaN
NaN
NaN
NaN
NaN
NaN
NaN
NaN
NaN
NaN
NaN
NaN
NaN
NaN
NaN
NaN
NaN
NaN
NaN
NaN
NaN
NaN
NaN
NaN
NaN
NaN
NaN
NaN
NaN
NaN
NaN
NaN
NaN
NaN
NaN
NaN
NaN
NaN
NaN
NaN
NaN
NaN
NaN
NaN
NaN
NaN
NaN
NaN
NaN
NaN
NaN
NaN
NaN
NaN
NaN
NaN
NaN
NaN
NaN
NaN
NaN
NaN
NaN
NaN
NaN
NaN
NaN
NaN
NaN
NaN
NaN
NaN
NaN
NaN
NaN
NaN
NaN
NaN
NaN
NaN
NaN
NaN
NaN
NaN
NaN
NaN
NaN
NaN
NaN
NaN
NaN
NaN
NaN
NaN
NaN
NaN
NaN
NaN
NaN
NaN
NaN
NaN
NaN
NaN
NaN
NaN
NaN
NaN
NaN
NaN
NaN
NaN
NaN
NaN
NaN
NaN
NaN
NaN
NaN
NaN
NaN
NaN
NaN
NaN
NaN
NaN
NaN
NaN
NaN
NaN
NaN
NaN
NaN
NaN
NaN
NaN
NaN
NaN
NaN
NaN
NaN
NaN
NaN
NaN
NaN
NaN
NaN
NaN
NaN
NaN
NaN
NaN
NaN
NaN
NaN
NaN
NaN
NaN
NaN
NaN
NaN
NaN
NaN
NaN
NaN
NaN
NaN
NaN
NaN
NaN
NaN
NaN
NaN
NaN
NaN
NaN
NaN
NaN
NaN
NaN
NaN
NaN
NaN
NaN
NaN
NaN
NaN
NaN
NaN
NaN
NaN
NaN
NaN
NaN
NaN
NaN
NaN
NaN
NaN
NaN
NaN
NaN
NaN
NaN
NaN
NaN
NaN
NaN
NaN
NaN
NaN
NaN
NaN
NaN
NaN
NaN
NaN
NaN
NaN
NaN
NaN
NaN
NaN
NaN
NaN
NaN
NaN
NaN
NaN
NaN
NaN
NaN
NaN
NaN
NaN
NaN
NaN
NaN
NaN
NaN
NaN
NaN
NaN
NaN
NaN
NaN
NaN
NaN
NaN
NaN
NaN
NaN
NaN
NaN
NaN
NaN
NaN
NaN
NaN
NaN
NaN
NaN
NaN
NaN
NaN
NaN
NaN
NaN
NaN
NaN
NaN
NaN
NaN
NaN
NaN
NaN
NaN
NaN
NaN
NaN
NaN
NaN
NaN
NaN
NaN
NaN
NaN
NaN
NaN
NaN
NaN
NaN
NaN
NaN
NaN
NaN
NaN
NaN
NaN
NaN
NaN
NaN
NaN
NaN
NaN
NaN
NaN
NaN
NaN
NaN
NaN
NaN
NaN
NaN
NaN
NaN
NaN
NaN
NaN
NaN
NaN
NaN
NaN
NaN
NaN
NaN
NaN
NaN
NaN
NaN
NaN
NaN
NaN
NaN
NaN
NaN
NaN
NaN
NaN
NaN
NaN
NaN
NaN
NaN
NaN
NaN
NaN
NaN
NaN
NaN
NaN
NaN
NaN
NaN
NaN
NaN
NaN
NaN
NaN
NaN
NaN
NaN
NaN
NaN
NaN
NaN
NaN
NaN
NaN
NaN
NaN
NaN
NaN
NaN
NaN
NaN
NaN
NaN
NaN
NaN
NaN
NaN
NaN
NaN
NaN
NaN
NaN
NaN
NaN
NaN
NaN
NaN
NaN
NaN
NaN
NaN
NaN
NaN
NaN
NaN
NaN
NaN
NaN
NaN
NaN
NaN
NaN
NaN
NaN
NaN
NaN
NaN
NaN
NaN
NaN
NaN
NaN
NaN
NaN
NaN
NaN
NaN
NaN
NaN
NaN
NaN
NaN
NaN
NaN
NaN
NaN
NaN
NaN
NaN
NaN
NaN
NaN
NaN
NaN
NaN
NaN
NaN
NaN
NaN
NaN
NaN
NaN
NaN
NaN
NaN
NaN
NaN
NaN
NaN
NaN
NaN
NaN
NaN
NaN
NaN
NaN
NaN
NaN
NaN
NaN
NaN
NaN
NaN
NaN
NaN
NaN
NaN
NaN
NaN
NaN
NaN
NaN
NaN
NaN
NaN
NaN
NaN
NaN
NaN
NaN
NaN
NaN
NaN
NaN
NaN
NaN
NaN
NaN
NaN
NaN
NaN
NaN
NaN
NaN
NaN
NaN
NaN
NaN
NaN
NaN
NaN
NaN
NaN
NaN
NaN
NaN
NaN
NaN
NaN
NaN
NaN
NaN
NaN
NaN
NaN
NaN
NaN
NaN
NaN
NaN
NaN
NaN
NaN
NaN
NaN
NaN
NaN
NaN
NaN
NaN
NaN
NaN
NaN
NaN
NaN
NaN
NaN
NaN
NaN
NaN
NaN
NaN
NaN
NaN
NaN
NaN
NaN
NaN
NaN
NaN
NaN
NaN
NaN
NaN
NaN
NaN
NaN
NaN
NaN
NaN
NaN
NaN
NaN
NaN
NaN
NaN
NaN
NaN
NaN
NaN
NaN
NaN
NaN
NaN
NaN
NaN
NaN
NaN
NaN
NaN
NaN
NaN
NaN
NaN
NaN
NaN
NaN
NaN
NaN
NaN
NaN
NaN
NaN
NaN
NaN
NaN
NaN
NaN
NaN
NaN
NaN
NaN
NaN
NaN
NaN
NaN
NaN
NaN
NaN
NaN
NaN
NaN
NaN
NaN
NaN
NaN
NaN
NaN
NaN
NaN
NaN
NaN
NaN
NaN
NaN
NaN
NaN
NaN
NaN
NaN
NaN
NaN
NaN
NaN
NaN
NaN
NaN
NaN
NaN
NaN
NaN
NaN
NaN
NaN
NaN
NaN
NaN
NaN
NaN
NaN
NaN
NaN
NaN
NaN
NaN
NaN
NaN
NaN
NaN
NaN
NaN
NaN
NaN
NaN
NaN
NaN
NaN
NaN
NaN
NaN
NaN
NaN
NaN
NaN
NaN
NaN
NaN
NaN
NaN
NaN
NaN
NaN
NaN
NaN
NaN
NaN
NaN
NaN
NaN
NaN
NaN
NaN
NaN
NaN
NaN
NaN
NaN
NaN
NaN
NaN
NaN
NaN
NaN
NaN
NaN
NaN
NaN
NaN
NaN
NaN
NaN
NaN
NaN
NaN
NaN
NaN
NaN
NaN
NaN
NaN
NaN
NaN
NaN
NaN
NaN
NaN
NaN
NaN
NaN
NaN
NaN
NaN
NaN
NaN
NaN
NaN
NaN
NaN
NaN
NaN
NaN
NaN
NaN
NaN
NaN
NaN
NaN
NaN
NaN
NaN
NaN
NaN
NaN
NaN
NaN
NaN
NaN
NaN
NaN
NaN
NaN
NaN
NaN
NaN
NaN
NaN
NaN
NaN
NaN
NaN
NaN
NaN
NaN
NaN
NaN
NaN
NaN
NaN
NaN
NaN
NaN
NaN
NaN
NaN
NaN
NaN
NaN
NaN
NaN
NaN
NaN
NaN
NaN
NaN
NaN
NaN
NaN
NaN
NaN
NaN
NaN
NaN
NaN
NaN
NaN
NaN
NaN
NaN
NaN
NaN
NaN
NaN
NaN
NaN
NaN
NaN
NaN
NaN
NaN
NaN
NaN
NaN
NaN
NaN
NaN
NaN
NaN
NaN
NaN
NaN
NaN
NaN
NaN
NaN
NaN
NaN
NaN
NaN
NaN
NaN
NaN
NaN
NaN
NaN
NaN
NaN
NaN
NaN
NaN
NaN
NaN
NaN
NaN
NaN
NaN
NaN
NaN
NaN
NaN
NaN
NaN
NaN
NaN
NaN
NaN
NaN
NaN
NaN
NaN
NaN
NaN
NaN
NaN
NaN
NaN
NaN
NaN
NaN
NaN
NaN
NaN
NaN
NaN
NaN
NaN
NaN
NaN
NaN
NaN
NaN
NaN
NaN
NaN
NaN
NaN
NaN
NaN
NaN
NaN
NaN
NaN
NaN
NaN
NaN
NaN
NaN
NaN
NaN
NaN
NaN
NaN
NaN
NaN
NaN
NaN
NaN
NaN
NaN
NaN
NaN
NaN
NaN
NaN
NaN
NaN
NaN
NaN
NaN
NaN
NaN
NaN
NaN
NaN
NaN
NaN
NaN
NaN
NaN
NaN
NaN
NaN
NaN
NaN
NaN
NaN
NaN
NaN
NaN
NaN
NaN
NaN
NaN
NaN
NaN
NaN
NaN
NaN
NaN
NaN
NaN
NaN
NaN
NaN
NaN
NaN
NaN
NaN
NaN
NaN
NaN
NaN
NaN
NaN
NaN
NaN
NaN
NaN
NaN
NaN
NaN
NaN
NaN
NaN
NaN
NaN
NaN
NaN
NaN
NaN
NaN
NaN
NaN
NaN
NaN
NaN
NaN
NaN
NaN
NaN
NaN
NaN
NaN
NaN
NaN
NaN
NaN
NaN
NaN
NaN
NaN
NaN
NaN
NaN
NaN
NaN
NaN
NaN
NaN
NaN
NaN
NaN
NaN
NaN
NaN
NaN
NaN
NaN
NaN
NaN
NaN
NaN
NaN
NaN
NaN
NaN
NaN
NaN
NaN
NaN
NaN
NaN
NaN
NaN
NaN
NaN
NaN
NaN
NaN
NaN
NaN
NaN
NaN
NaN
NaN
NaN
NaN
NaN
NaN
NaN
NaN
NaN
NaN
NaN
NaN
NaN
NaN
NaN
NaN
NaN
NaN
NaN
NaN
NaN
NaN
NaN
NaN
NaN
NaN
NaN
NaN
NaN
NaN
NaN
NaN
NaN
NaN
NaN
NaN
NaN
NaN
NaN
NaN
NaN
NaN
NaN
NaN
NaN
NaN
NaN
NaN
NaN
NaN
NaN
NaN
NaN
NaN
NaN
NaN
NaN
NaN
NaN
NaN
NaN
NaN
NaN
NaN
NaN
NaN
NaN
NaN
NaN
NaN
NaN
NaN
NaN
NaN
NaN
NaN
NaN
NaN
NaN
NaN
NaN
NaN
NaN
NaN
NaN
NaN
NaN
NaN
NaN
NaN
NaN
NaN
NaN
NaN
NaN
NaN
NaN
NaN
NaN
NaN
NaN
NaN
NaN
NaN
NaN
NaN
NaN
NaN
NaN
NaN
NaN
NaN
NaN
NaN
NaN
NaN
NaN
NaN
NaN
NaN
NaN
NaN
NaN
NaN
NaN
NaN
NaN
NaN
NaN
NaN
NaN
NaN
NaN
NaN
NaN
NaN
NaN
NaN
NaN
NaN
NaN
NaN
NaN
NaN
NaN
NaN
NaN
NaN
NaN
NaN
NaN
NaN
NaN
NaN
NaN
NaN
NaN
NaN
NaN
NaN
NaN
NaN
NaN
NaN
NaN
NaN
NaN
NaN
NaN
NaN
NaN
NaN
NaN
NaN
NaN
NaN
NaN
NaN
NaN
NaN
NaN
NaN
NaN
NaN
NaN
NaN
NaN
NaN
NaN
NaN
NaN
NaN
NaN
NaN
NaN
NaN
NaN
NaN
NaN
NaN
NaN
NaN
NaN
NaN
NaN
NaN
NaN
NaN
NaN
NaN
NaN
NaN
NaN
NaN
NaN
NaN
NaN
NaN
NaN
NaN
NaN
NaN
NaN
NaN
NaN
NaN
NaN
NaN
NaN
NaN
NaN
NaN
NaN
NaN
NaN
NaN
NaN
NaN
NaN
NaN
NaN
NaN
NaN
NaN
NaN
NaN
NaN
NaN
NaN
NaN
NaN
NaN
NaN
NaN
NaN
NaN
NaN
NaN
NaN
NaN
NaN
NaN
NaN
NaN
NaN
NaN
NaN
NaN
NaN
NaN
NaN
NaN
NaN
NaN
NaN
NaN
NaN
NaN
NaN
NaN
NaN
NaN
NaN
NaN
NaN
NaN
NaN
NaN
NaN
NaN
NaN
NaN
NaN
NaN
NaN
NaN
NaN
NaN
NaN
NaN
NaN
NaN
NaN
NaN
NaN
NaN
NaN
NaN
NaN
NaN
NaN
NaN
NaN
NaN
NaN
NaN
NaN
NaN
NaN
NaN
NaN
NaN
NaN
NaN
NaN
NaN
NaN
NaN
NaN
NaN
NaN
NaN
NaN
NaN
NaN
NaN
NaN
NaN
NaN
NaN
NaN
NaN
NaN
NaN
NaN
NaN
NaN
NaN
NaN
NaN
NaN
NaN
NaN
NaN
NaN
NaN
NaN
NaN
NaN
NaN
NaN
NaN
NaN
NaN
NaN
NaN
NaN
NaN
NaN
NaN
NaN
NaN
NaN
NaN
NaN
NaN
NaN
NaN
NaN
NaN
NaN
NaN
NaN
NaN
NaN
NaN
NaN
NaN
NaN
NaN
NaN
NaN
NaN
NaN
NaN
NaN
NaN
NaN
NaN
NaN
NaN
NaN
NaN
NaN
NaN
NaN
NaN
NaN
NaN
NaN
NaN
NaN
NaN
NaN
NaN
NaN
NaN
NaN
NaN
NaN
NaN
NaN
NaN
NaN
NaN
NaN
NaN
NaN
NaN
NaN
NaN
NaN
NaN
NaN
NaN
NaN
NaN
NaN
NaN
NaN
NaN
NaN
NaN
NaN
NaN
NaN
NaN
NaN
NaN
NaN
NaN
NaN
NaN
NaN
NaN
NaN
NaN
NaN
NaN
NaN
NaN
NaN
NaN
NaN
NaN
NaN
NaN
NaN
NaN
NaN
NaN
NaN
NaN
NaN
NaN
NaN
NaN
NaN
NaN
NaN
NaN
NaN
NaN
NaN
NaN
NaN
NaN
NaN
NaN
NaN
NaN
NaN
NaN
NaN
NaN
NaN
NaN
NaN
NaN
NaN
NaN
NaN
NaN
NaN
NaN
NaN
NaN
NaN
NaN
NaN
NaN
NaN
NaN
NaN
NaN
NaN
NaN
NaN
NaN
NaN
NaN
NaN
NaN
NaN
NaN
NaN
NaN
NaN
NaN
NaN
NaN
NaN
NaN
NaN
NaN
NaN
NaN
NaN
NaN
NaN
NaN
NaN
NaN
NaN
NaN
NaN
