0.148112756808409
0.5919732441471571
0.6602962255136167
0.6521739130434783
0.7510750119445772
0.7429526994744385
0.7596751075011944
0.6923076923076924
0.592451027233636
0.5403726708074534
0.4949832775919732
0.6387959866220737
0.6368848542761586
0.612517916865743
0.6435738174868609
0.5074056378404205
0.5919732441471571
0.5828953655040612
0.6301958910654563
0.6129956999522216
0.5327281414237937
0.6703296703296704
0.7854753941710463
0.6650740563784042
0.6650740563784042
0.6674629718107978
0.6201624462494028
0.5752508361204013
0.5580506450071667
0.44338270425226944
0.5346392737697085
0.6956521739130436
0.5819397993311036
0.6024844720496895
0.5594839942666029
0.6005733397037745
0.7955088389870999
0.7907310081223126
0.8198757763975155
0.765886287625418
0.8213091256569517
0.7267080745341615
0.6139512661251791
0.6244624940277115
0.592451027233636
0.6330625895843287
0.577639751552795
0.5570950788342092
0.5938843764930722
0.6488294314381271
0.4768275203057812
0.49450549450549447
0.555661729574773
0.5666507405637841
0.7085523172479694
0.646918299092212
0.6569517439082658
0.6923076923076924
0.6650740563784042
0.6383182035355948
0.7161968466316292
0.6134734830387004
0.6789297658862877
0.7185857620640229
0.7697085523172481
0.6889632107023411
0.6134734830387005
0.6903965599617773
0.63258480649785
0.5728619206880078
0.4830387004300048
0.4973721930243669
0.6373626373626374
0.6020066889632106
0.603440038222647
0.6043956043956044
0.6765408504538939
0.5551839464882943
0.6072623029144769
0.6789297658862877
0.5298614429049212
0.5871954132823698
0.8308647873865266
0.7983755375059723
0.7396082178690875
0.7582417582417582
0.6641184902054468
0.7042522694696608
0.6206402293358816
0.5518394648829431
0.4916387959866221
0.5580506450071667
0.5585284280936456
0.557572861920688
0.5762064022933588
0.6531294792164358
0.5637840420449116
0.6158623984710941
0.6794075489727665
0.7161968466316292
0.6321070234113713
0.7090301003344481
0.6561872909698997
0.7277591973244146
0.7451505016722408
0.785953177257525
0.6381270903010032
0.6749163879598662
0.6635451505016723
0.7632107023411371
0.7505016722408027
0.8227424749163879
0.608695652173913
0.7270903010033445
0.6046822742474915
0.37926421404682276
0.5224080267558529
0.574581939799331
0.6334448160535116
0.6829431438127089
0.711705685618729
0.7899665551839465
0.7351170568561873
0.5591973244147158
0.7411371237458194
0.7016722408026757
0.8046822742474916
0.8093645484949834
0.8394648829431437
0.7839464882943143
0.7424749163879598
0.779933110367893
0.7491638795986622
0.6822742474916388
0.7418060200668896
0.7725752508361204
0.6020066889632107
0.6789297658862876
0.5652173913043478
0.445484949832776
0.545819397993311
0.5999999999999999
0.7618729096989967
0.676923076923077
0.6107023411371237
0.6976588628762542
0.5672240802675586
0.6535117056856187
0.6193979933110368
0.745819397993311
0.5946488294314382
0.6374581939799332
0.6274247491638796
0.6040133779264215
0.6923076923076923
0.631438127090301
0.7438127090301003
0.45418060200668897
0.5377926421404682
0.62876254180602
0.6936454849498328
0.7431438127090301
0.6160535117056856
0.6234113712374583
0.4822742474916388
0.5725752508361204
0.6267558528428093
0.6949832775919733
0.5411371237458195
0.6120401337792643
0.5953177257525083
0.5210702341137123
0.43411371237458196
0.3986622073578595
0.42207357859531774
0.49966555183946487
0.5665551839464882
0.7558528428093645
0.6896321070234114
0.6662207357859531
0.6742474916387959
0.5264214046822742
0.4361204013377926
0.682943143812709
0.5324414715719064
0.41204013377926413
0.5879598662207358
0.5277591973244148
0.6729096989966555
0.7070234113712375
0.6923076923076923
0.5625418060200669
0.757190635451505
0.842809364548495
0.671571906354515
0.8555183946488295
0.7438127090301003
0.68561872909699
0.648160535117057
0.7103678929765886
0.5765886287625418
0.6528428093645484
0.6789297658862876
0.6381270903010033
0.557190635451505
0.6287625418060201
0.6193979933110368
0.6227424749163879
0.7076923076923076
0.5765886287625419
0.6555183946488294
0.7959866220735785
0.7765886287625418
0.8401337792642141
0.7377926421404682
0.662876254180602
0.5973244147157191
0.6294314381270902
0.6026755852842809
0.6541806020066889
0.8113712374581941
0.45150501672240806
0.5645484949832776
0.620066889632107
0.640133779264214
0.700334448160535
0.5505016722408026
0.5464882943143813
0.49632107023411376
0.5471571906354515
0.48695652173913045
0.5224080267558529
0.47959866220735775
0.4488294314381271
0.5384615384615384
0.574581939799331
0.6769230769230768
0.7050167224080267
0.7719063545150501
0.5645484949832775
0.6929765886287625
0.5411371237458195
0.6267558528428093
0.47892976588628766
0.5471571906354515
0.5919732441471572
0.6648829431438126
0.65685618729097
0.6983277591973244
0.6180602006688963
0.7632107023411371
0.6234113712374583
0.6160535117056856
0.42608695652173917
0.3979933110367893
0.2120401337792642
0.5150501672240803
0.5117056856187291
0.4715719063545151
0.5371237458193979
0.539799331103679
0.6107023411371237
0.6508361204013378
0.6949832775919733
0.5812709030100335
0.5658862876254181
0.7123745819397993
0.5973244147157191
0.6528428093645484
0.640133779264214
0.7331103678929766
0.7264214046822743
0.6729096989966555
0.5030100334448161
0.5538461538461539
0.6387959866220736
0.694314381270903
0.6508361204013378
0.6394648829431439
0.7157190635451505
0.640133779264214
0.534448160535117
0.5123745819397993
0.5010033444816054
0.5926421404682274
0.5163879598662209
0.4334448160535117
0.5739130434782608
0.5518394648829432
0.49030100334448157
0.6394648829431439
0.6541806020066889
0.6668896321070233
0.6655518394648829
0.7719063545150501
0.7993311036789297
0.8461538461538461
0.7872909698996656
0.757190635451505
0.7832775919732441
0.8080267558528428
0.6354515050167224
0.5565217391304348
0.6615384615384615
0.7364548494983277
0.5966555183946488
0.6829431438127089
0.8327759197324415
0.8066889632107023
0.7685618729096989
0.7852842809364547
0.574581939799331
0.5498327759197323
0.6789297658862876
0.7003344481605351
0.7070234113712375
0.5872909698996656
0.5919732441471572
0.6789297658862876
0.5565217391304348
0.5979933110367892
0.44816053511705684
0.4615384615384615
0.5578595317725753
0.676923076923077
0.694314381270903
0.8441471571906355
0.7317725752508362
0.5224080267558529
0.5224080267558529
0.6327759197324415
0.6876254180602007
0.7183946488294314
0.5866220735785953
0.6588628762541806
0.6100334448160536
0.6086956521739129
0.5658862876254181
0.648160535117057
0.7906354515050167
0.6474916387959866
0.6013377926421405
0.6321070234113713
0.5986622073578595
0.6354515050167224
0.6655518394648829
0.768561872909699
0.8100334448160534
0.6949832775919733
0.5237458193979934
0.5498327759197325
0.5886287625418061
0.6588628762541806
0.6795986622073578
0.4882943143812709
0.6876254180602007
0.5986622073578595
0.5886287625418059
0.4775919732441471
0.36120401337792635
0.37725752508361204
0.5973244147157191
0.6789297658862876
0.5418060200668896
0.7391304347826088
0.5846153846153846
0.6214046822742475
0.651505016722408
0.4809364548494983
0.6842809364548494
0.5872909698996656
0.6160535117056856
0.5123745819397993
0.4468227424749164
0.5846153846153846
0.4334448160535117
0.5899665551839466
0.4949832775919732
0.4976588628762541
0.4909698996655519
0.445484949832776
0.5016722408026755
0.7177257525083612
0.7270903010033445
0.7645484949832776
0.5872909698996656
0.6120401337792643
0.6735785953177258
0.6147157190635452
0.6749163879598663
0.6789297658862876
0.6207357859531772
0.7270903010033445
0.6682274247491639
0.4695652173913044
0.7304347826086957
0.7418060200668897
0.6468227424749164
0.6541806020066889
0.6709030100334449
0.6274247491638796
0.6782608695652174
0.5906354515050167
0.6595317725752509
0.7745819397993311
0.6715719063545149
0.5337792642140469
0.6421404682274247
0.5866220735785953
0.6508361204013378
0.5812709030100335
0.7224080267558529
0.7264214046822743
0.577257525083612
0.5137123745819399
0.6896321070234113
0.6307692307692307
0.6200668896321069
0.7511705685618729
0.68561872909699
0.38996655518394646
0.4575250836120401
0.4581939799331104
0.47558528428093644
0.6006688963210702
0.7471571906354515
0.551170568561873
0.5872909698996656
0.4936454849498328
0.5906354515050167
0.5645484949832775
0.6086956521739131
0.5491638795986622
0.6387959866220736
0.6133779264214047
0.7391304347826086
0.705685618729097
0.49899665551839456
0.6575250836120401
0.7438127090301003
0.6642140468227425
0.5973244147157191
0.5270903010033445
0.7498327759197324
0.7819397993311037
0.6976588628762541
0.5852842809364548
0.6822742474916389
0.7110367892976589
0.6668896321070235
0.5899665551839466
0.591304347826087
0.6842809364548496
0.7384615384615385
0.8602006688963211
0.8180602006688964
0.7732441471571907
0.7237458193979933
0.6508361204013379
0.7418060200668897
0.6816053511705685
0.651505016722408
0.7177257525083612
0.6909698996655519
0.6635451505016722
0.7551839464882943
0.7672240802675585
0.7652173913043478
0.6187290969899666
0.5605351170568562
0.6040133779264214
0.5183946488294314
0.559866220735786
0.6555183946488293
0.6147157190635452
0.6374581939799331
0.6020066889632106
0.4334448160535117
0.5705685618729097
0.5946488294314383
0.6073578595317726
0.5270903010033444
0.68561872909699
0.5123745819397993
0.6046822742474915
0.65685618729097
0.6882943143812709
0.8280936454849499
0.7826086956521738
0.7698996655518394
0.7625418060200669
0.5759197324414715
0.45618729096989963
0.5150501672240801
0.5612040133779264
0.5959866220735786
0.5478260869565217
0.5906354515050166
0.39665551839464885
0.5993311036789298
0.5036789297658864
0.5939799331103679
0.6722408026755853
0.6702341137123746
0.6013377926421405
0.49632107023411365
0.7311036789297659
0.6909698996655518
0.5652173913043479
0.6080267558528428
0.6120401337792643
0.6140468227424749
0.5785953177257526
0.5190635451505017
0.4809364548494983
0.7090301003344481
0.668227424749164
0.7096989966555184
0.6709030100334449
0.7337792642140468
0.6949832775919733
0.662876254180602
0.6408026755852843
0.7819397993311037
0.7384615384615385
0.7070234113712376
0.725752508361204
0.6896321070234114
0.6234113712374583
0.6521739130434783
0.6414715719063545
0.6963210702341137
0.802675585284281
0.8735785953177256
0.8441471571906355
0.6802675585284281
0.7163879598662207
0.694314381270903
0.5765886287625419
0.5919732441471572
0.5712374581939799
0.565886287625418
0.7672240802675585
0.8073578595317725
0.725752508361204
0.6327759197324414
0.7357859531772574
0.7692307692307694
0.6923076923076923
0.68561872909699
0.6147157190635452
0.4414715719063545
0.43143812709030094
0.6160535117056856
0.6327759197324415
0.5899665551839465
0.3745819397993311
0.5123745819397993
0.6749163879598662
0.6842809364548494
0.7491638795986622
0.711705685618729
0.6668896321070233
0.7397993311036789
0.6321070234113713
0.5311036789297658
0.3531772575250836
0.3431438127090301
0.3471571906354515
0.7331103678929767
0.7304347826086957
0.7424749163879599
0.7591973244147157
0.6334448160535118
0.7645484949832776
0.7953177257525084
0.5197324414715718
0.7297658862876254
0.5839464882943144
0.5832775919732442
0.5337792642140469
0.6849498327759197
0.38795986622073575
0.6441471571906355
0.6020066889632106
0.5779264214046823
0.5331103678929765
0.7063545150501672
0.5311036789297658
0.5953177257525083
0.6735785953177258
0.6829431438127089
0.5993311036789298
0.6361204013377926
0.719732441471572
0.751839464882943
0.4722408026755852
0.5719063545150501
0.6628762541806019
0.6307692307692307
0.7150501672240803
0.6200668896321071
0.5739130434782609
0.5003344481605351
0.5297658862876254
0.7337792642140468
0.7926421404682275
0.676923076923077
0.779933110367893
0.7518394648829433
0.7946488294314381
0.7324414715719063
0.8474916387959865
0.7618729096989967
0.6822742474916389
0.5010033444816053
0.6494983277591972
0.5866220735785954
0.6053511705685619
0.6260869565217392
0.5397993311036788
0.5632107023411371
0.3792642140468227
0.6140468227424749
0.7404682274247492
0.773913043478261
0.7719063545150501
0.7431438127090301
0.7906354515050167
0.5973244147157191
0.5852842809364549
0.5846153846153845
0.6327759197324415
0.5431438127090301
0.5618729096989966
0.579933110367893
0.6822742474916389
0.7625418060200668
0.6167224080267558
0.5585284280936456
0.5551839464882944
0.6127090301003344
0.46220735785953176
0.3939799331103679
0.4882943143812709
0.4361204013377926
0.5230769230769231
0.545819397993311
0.4882943143812709
0.5725752508361205
0.4334448160535117
0.5759197324414715
0.7010033444816053
0.7163879598662207
0.6528428093645485
0.5732441471571906
0.44013377926421404
0.5103678929765886
0.565886287625418
0.6200668896321071
0.5337792642140468
0.6608695652173913
0.6521739130434783
0.8247491638795987
0.7719063545150502
0.6381270903010033
0.7270903010033445
0.5698996655518396
0.41739130434782606
0.4896321070234114
0.6280936454849497
0.6488294314381271
0.662876254180602
0.5806020066889632
0.7157190635451506
0.5377926421404682
0.5096989966555185
0.42274247491638794
0.47491638795986624
0.5177257525083613
0.6046822742474915
0.5284280936454849
0.6454849498327759
0.6361204013377926
0.7725752508361204
0.8227424749163879
0.7451505016722408
0.6535117056856187
0.6080267558528428
0.5411371237458193
0.6782608695652174
0.700334448160535
0.7391304347826088
0.7538461538461538
0.7076923076923076
0.7652173913043478
0.5792642140468228
0.6782608695652174
0.6668896321070233
0.7003344481605351
0.6948160535117057
0.6797658862876254
0.6086956521739131
0.4013377926421404
0.6998327759197325
0.8202341137123745
0.7842809364548495
0.7759197324414715
0.689799331103679
0.5752508361204013
0.5484949832775919
0.479933110367893
0.5752508361204013
0.6923076923076923
0.725752508361204
0.5275919732441472
0.7416387959866221
0.6780936454849498
0.4874581939799332
0.6295986622073578
0.5468227424749164
0.6881270903010034
0.7023411371237459
0.802675585284281
0.8210702341137124
0.8202341137123746
0.637123745819398
0.6337792642140467
0.5994983277591973
0.7926421404682275
0.8135451505016723
0.7617056856187291
0.7140468227424749
0.790133779264214
0.8453177257525084
0.7583612040133779
0.6822742474916388
0.5568561872909699
0.6421404682274248
0.5844481605351171
0.5317725752508361
0.46153846153846156
0.4130434782608695
0.5903010033444815
0.5852842809364549
0.6287625418060201
0.7182274247491638
0.5033444816053512
0.6655518394648829
0.701505016722408
NaN
NaN
NaN
NaN
NaN
NaN
NaN
NaN
NaN
NaN
NaN
NaN
NaN
NaN
NaN
NaN
NaN
NaN
NaN
NaN
NaN
NaN
NaN
NaN
NaN
NaN
NaN
NaN
NaN
NaN
NaN
NaN
NaN
NaN
NaN
NaN
NaN
NaN
NaN
NaN
NaN
NaN
NaN
NaN
NaN
NaN
NaN
NaN
NaN
NaN
NaN
NaN
NaN
NaN
NaN
NaN
NaN
NaN
NaN
NaN
NaN
NaN
NaN
NaN
NaN
NaN
NaN
NaN
NaN
NaN
NaN
NaN
NaN
NaN
NaN
NaN
NaN
NaN
NaN
NaN
NaN
NaN
NaN
NaN
NaN
NaN
NaN
NaN
NaN
NaN
NaN
NaN
NaN
NaN
NaN
NaN
NaN
NaN
NaN
NaN
NaN
NaN
NaN
NaN
NaN
NaN
NaN
NaN
NaN
NaN
NaN
NaN
NaN
NaN
NaN
NaN
NaN
NaN
NaN
NaN
NaN
NaN
NaN
NaN
NaN
NaN
NaN
NaN
NaN
NaN
NaN
NaN
NaN
NaN
NaN
NaN
NaN
NaN
NaN
NaN
NaN
NaN
NaN
NaN
NaN
NaN
NaN
NaN
NaN
NaN
NaN
NaN
NaN
NaN
NaN
NaN
NaN
NaN
NaN
NaN
NaN
NaN
NaN
NaN
NaN
NaN
NaN
NaN
NaN
NaN
NaN
NaN
NaN
NaN
NaN
NaN
NaN
NaN
NaN
NaN
NaN
NaN
NaN
NaN
NaN
NaN
NaN
NaN
NaN
NaN
NaN
NaN
NaN
NaN
NaN
NaN
NaN
NaN
NaN
NaN
NaN
NaN
NaN
NaN
NaN
NaN
NaN
NaN
NaN
NaN
NaN
NaN
NaN
NaN
NaN
NaN
NaN
NaN
NaN
NaN
NaN
NaN
NaN
NaN
NaN
NaN
NaN
NaN
NaN
NaN
NaN
NaN
NaN
NaN
NaN
NaN
NaN
NaN
NaN
NaN
NaN
NaN
NaN
NaN
NaN
NaN
NaN
NaN
NaN
NaN
NaN
NaN
NaN
NaN
NaN
NaN
NaN
NaN
NaN
NaN
NaN
NaN
NaN
NaN
NaN
NaN
NaN
NaN
NaN
NaN
NaN
NaN
NaN
NaN
NaN
NaN
NaN
NaN
NaN
NaN
NaN
NaN
NaN
NaN
NaN
NaN
NaN
NaN
NaN
NaN
NaN
NaN
NaN
NaN
NaN
NaN
NaN
NaN
NaN
NaN
NaN
NaN
NaN
NaN
NaN
NaN
NaN
NaN
NaN
NaN
NaN
NaN
NaN
NaN
NaN
NaN
NaN
NaN
NaN
NaN
NaN
NaN
NaN
NaN
NaN
NaN
NaN
NaN
NaN
NaN
NaN
NaN
NaN
NaN
NaN
NaN
NaN
NaN
NaN
NaN
NaN
NaN
NaN
NaN
NaN
NaN
NaN
NaN
NaN
NaN
NaN
NaN
NaN
NaN
NaN
NaN
NaN
NaN
NaN
NaN
NaN
NaN
NaN
NaN
NaN
NaN
NaN
NaN
NaN
NaN
NaN
NaN
NaN
NaN
NaN
NaN
NaN
NaN
NaN
NaN
NaN
NaN
NaN
NaN
NaN
NaN
NaN
NaN
NaN
NaN
NaN
NaN
NaN
NaN
NaN
NaN
NaN
NaN
NaN
NaN
NaN
NaN
NaN
NaN
NaN
NaN
NaN
NaN
NaN
NaN
NaN
NaN
NaN
NaN
NaN
NaN
NaN
NaN
NaN
NaN
NaN
NaN
NaN
NaN
NaN
NaN
NaN
NaN
NaN
NaN
NaN
NaN
NaN
NaN
NaN
NaN
NaN
NaN
NaN
NaN
NaN
NaN
NaN
NaN
NaN
NaN
NaN
NaN
NaN
NaN
NaN
NaN
NaN
NaN
NaN
NaN
NaN
NaN
NaN
NaN
NaN
NaN
NaN
NaN
NaN
NaN
NaN
NaN
NaN
NaN
NaN
NaN
NaN
NaN
NaN
NaN
NaN
NaN
NaN
NaN
NaN
NaN
NaN
NaN
NaN
NaN
NaN
NaN
NaN
NaN
NaN
NaN
NaN
NaN
NaN
NaN
NaN
NaN
NaN
NaN
NaN
NaN
NaN
NaN
NaN
NaN
NaN
NaN
NaN
NaN
NaN
NaN
NaN
NaN
NaN
NaN
NaN
NaN
NaN
NaN
NaN
NaN
NaN
NaN
NaN
NaN
NaN
NaN
NaN
NaN
NaN
NaN
NaN
NaN
NaN
NaN
NaN
NaN
NaN
NaN
NaN
NaN
NaN
NaN
NaN
NaN
NaN
NaN
NaN
NaN
NaN
NaN
NaN
NaN
NaN
NaN
NaN
NaN
NaN
NaN
NaN
NaN
NaN
NaN
NaN
NaN
NaN
NaN
NaN
NaN
NaN
NaN
NaN
NaN
NaN
NaN
NaN
NaN
NaN
NaN
NaN
NaN
NaN
NaN
NaN
NaN
NaN
NaN
NaN
NaN
NaN
NaN
NaN
NaN
NaN
NaN
NaN
NaN
NaN
NaN
NaN
NaN
NaN
NaN
NaN
NaN
NaN
NaN
NaN
NaN
NaN
NaN
NaN
NaN
NaN
NaN
NaN
NaN
NaN
NaN
NaN
NaN
NaN
NaN
NaN
NaN
NaN
NaN
NaN
NaN
NaN
NaN
NaN
NaN
NaN
NaN
NaN
NaN
NaN
NaN
NaN
NaN
NaN
NaN
NaN
NaN
NaN
NaN
NaN
NaN
NaN
NaN
NaN
NaN
NaN
NaN
NaN
NaN
NaN
NaN
NaN
NaN
NaN
NaN
NaN
NaN
NaN
NaN
NaN
NaN
NaN
NaN
NaN
NaN
NaN
NaN
NaN
NaN
NaN
NaN
NaN
NaN
NaN
NaN
NaN
NaN
NaN
NaN
NaN
NaN
NaN
NaN
NaN
NaN
NaN
NaN
NaN
NaN
NaN
NaN
NaN
NaN
NaN
NaN
NaN
NaN
NaN
NaN
NaN
NaN
NaN
NaN
NaN
NaN
NaN
NaN
NaN
NaN
NaN
NaN
NaN
NaN
NaN
NaN
NaN
NaN
NaN
NaN
NaN
NaN
NaN
NaN
NaN
NaN
NaN
NaN
NaN
NaN
NaN
NaN
NaN
NaN
NaN
NaN
NaN
NaN
NaN
NaN
NaN
NaN
NaN
NaN
NaN
NaN
NaN
NaN
NaN
NaN
NaN
NaN
NaN
NaN
NaN
NaN
NaN
NaN
NaN
NaN
NaN
NaN
NaN
NaN
NaN
NaN
NaN
NaN
NaN
NaN
NaN
NaN
NaN
NaN
NaN
NaN
NaN
NaN
NaN
NaN
NaN
NaN
NaN
NaN
NaN
NaN
NaN
NaN
NaN
NaN
NaN
NaN
NaN
NaN
NaN
NaN
NaN
NaN
NaN
NaN
NaN
NaN
NaN
NaN
NaN
NaN
NaN
NaN
NaN
NaN
NaN
NaN
NaN
NaN
NaN
NaN
NaN
NaN
NaN
NaN
NaN
NaN
NaN
NaN
NaN
NaN
NaN
NaN
NaN
NaN
NaN
NaN
NaN
NaN
NaN
NaN
NaN
NaN
NaN
NaN
NaN
NaN
NaN
NaN
NaN
NaN
NaN
NaN
NaN
NaN
NaN
NaN
NaN
NaN
NaN
NaN
NaN
NaN
NaN
NaN
NaN
NaN
NaN
NaN
NaN
NaN
NaN
NaN
NaN
NaN
NaN
NaN
NaN
NaN
NaN
NaN
NaN
NaN
NaN
NaN
NaN
NaN
NaN
NaN
NaN
NaN
NaN
NaN
NaN
NaN
NaN
NaN
NaN
NaN
NaN
NaN
NaN
NaN
NaN
NaN
NaN
NaN
NaN
NaN
NaN
NaN
NaN
NaN
NaN
NaN
NaN
NaN
NaN
NaN
NaN
NaN
NaN
NaN
NaN
NaN
NaN
NaN
NaN
NaN
NaN
NaN
NaN
NaN
NaN
NaN
NaN
NaN
NaN
NaN
NaN
NaN
NaN
NaN
NaN
NaN
NaN
NaN
NaN
NaN
NaN
NaN
NaN
NaN
NaN
NaN
NaN
NaN
NaN
NaN
NaN
NaN
NaN
NaN
NaN
NaN
NaN
NaN
NaN
NaN
NaN
NaN
NaN
NaN
NaN
NaN
NaN
NaN
NaN
NaN
NaN
NaN
NaN
NaN
NaN
NaN
NaN
NaN
NaN
NaN
NaN
NaN
NaN
NaN
NaN
NaN
NaN
NaN
NaN
NaN
NaN
NaN
NaN
NaN
NaN
NaN
NaN
NaN
NaN
NaN
NaN
NaN
NaN
NaN
NaN
NaN
NaN
NaN
NaN
NaN
NaN
NaN
NaN
NaN
NaN
NaN
NaN
NaN
NaN
NaN
NaN
NaN
NaN
NaN
NaN
NaN
NaN
NaN
NaN
NaN
NaN
NaN
NaN
NaN
NaN
NaN
NaN
NaN
NaN
NaN
NaN
NaN
NaN
NaN
NaN
NaN
NaN
NaN
NaN
NaN
NaN
NaN
NaN
NaN
NaN
NaN
NaN
NaN
NaN
NaN
NaN
NaN
NaN
NaN
NaN
NaN
NaN
NaN
NaN
NaN
NaN
NaN
NaN
NaN
NaN
NaN
NaN
NaN
NaN
NaN
NaN
NaN
NaN
NaN
NaN
NaN
NaN
NaN
NaN
NaN
NaN
NaN
NaN
NaN
NaN
NaN
NaN
NaN
NaN
NaN
NaN
NaN
NaN
NaN
NaN
NaN
NaN
NaN
NaN
NaN
NaN
NaN
NaN
NaN
NaN
NaN
NaN
NaN
NaN
NaN
NaN
NaN
NaN
NaN
NaN
NaN
NaN
NaN
NaN
NaN
NaN
NaN
NaN
NaN
NaN
NaN
NaN
NaN
NaN
NaN
NaN
NaN
NaN
NaN
NaN
NaN
NaN
NaN
NaN
NaN
NaN
NaN
NaN
NaN
NaN
NaN
NaN
NaN
NaN
NaN
NaN
NaN
NaN
NaN
NaN
NaN
NaN
NaN
NaN
NaN
NaN
NaN
NaN
NaN
NaN
NaN
NaN
NaN
NaN
NaN
NaN
NaN
NaN
NaN
NaN
NaN
NaN
NaN
NaN
NaN
NaN
NaN
NaN
NaN
NaN
NaN
NaN
NaN
NaN
NaN
NaN
NaN
NaN
NaN
NaN
NaN
NaN
NaN
NaN
NaN
NaN
NaN
NaN
NaN
NaN
NaN
NaN
NaN
NaN
NaN
NaN
NaN
NaN
NaN
NaN
NaN
NaN
NaN
NaN
NaN
NaN
NaN
NaN
NaN
NaN
NaN
NaN
NaN
NaN
NaN
NaN
NaN
NaN
NaN
NaN
NaN
NaN
NaN
NaN
NaN
NaN
NaN
NaN
NaN
NaN
NaN
NaN
NaN
NaN
NaN
NaN
NaN
NaN
NaN
NaN
NaN
NaN
NaN
NaN
NaN
NaN
NaN
NaN
NaN
NaN
NaN
NaN
NaN
NaN
NaN
NaN
NaN
NaN
NaN
NaN
NaN
NaN
NaN
NaN
NaN
NaN
NaN
NaN
NaN
NaN
NaN
NaN
NaN
NaN
NaN
NaN
NaN
NaN
NaN
NaN
NaN
NaN
NaN
NaN
NaN
NaN
NaN
NaN
NaN
NaN
NaN
NaN
NaN
NaN
NaN
NaN
NaN
NaN
NaN
NaN
NaN
NaN
NaN
NaN
NaN
NaN
NaN
NaN
NaN
NaN
NaN
NaN
NaN
NaN
NaN
NaN
NaN
NaN
NaN
NaN
NaN
NaN
NaN
NaN
NaN
NaN
NaN
NaN
NaN
NaN
NaN
NaN
NaN
NaN
NaN
NaN
NaN
NaN
NaN
NaN
NaN
NaN
NaN
NaN
NaN
NaN
NaN
NaN
NaN
NaN
NaN
NaN
NaN
NaN
NaN
NaN
NaN
NaN
NaN
NaN
NaN
NaN
NaN
NaN
NaN
NaN
NaN
NaN
NaN
NaN
NaN
NaN
NaN
NaN
NaN
NaN
NaN
NaN
NaN
NaN
NaN
NaN
NaN
NaN
NaN
NaN
NaN
NaN
NaN
NaN
NaN
NaN
NaN
NaN
NaN
NaN
NaN
NaN
NaN
NaN
NaN
NaN
NaN
NaN
NaN
NaN
NaN
NaN
NaN
NaN
NaN
NaN
NaN
NaN
NaN
NaN
NaN
NaN
NaN
NaN
NaN
NaN
NaN
NaN
NaN
NaN
NaN
NaN
NaN
NaN
NaN
NaN
NaN
NaN
NaN
NaN
NaN
NaN
NaN
NaN
NaN
NaN
NaN
NaN
NaN
NaN
NaN
NaN
NaN
NaN
NaN
NaN
NaN
NaN
NaN
NaN
NaN
NaN
NaN
NaN
NaN
NaN
NaN
NaN
NaN
NaN
NaN
NaN
NaN
NaN
NaN
NaN
NaN
NaN
NaN
NaN
NaN
NaN
NaN
NaN
NaN
NaN
NaN
NaN
NaN
NaN
NaN
NaN
NaN
NaN
NaN
NaN
NaN
NaN
NaN
NaN
NaN
NaN
NaN
NaN
NaN
NaN
NaN
NaN
NaN
NaN
NaN
NaN
NaN
NaN
NaN
NaN
NaN
NaN
NaN
NaN
NaN
NaN
NaN
NaN
NaN
NaN
NaN
NaN
NaN
NaN
NaN
NaN
NaN
NaN
NaN
NaN
NaN
NaN
NaN
NaN
NaN
NaN
NaN
NaN
NaN
NaN
NaN
NaN
NaN
NaN
NaN
NaN
NaN
NaN
NaN
NaN
NaN
NaN
NaN
NaN
NaN
NaN
NaN
NaN
NaN
NaN
NaN
NaN
NaN
NaN
NaN
NaN
NaN
NaN
NaN
NaN
NaN
NaN
NaN
NaN
NaN
NaN
NaN
NaN
NaN
NaN
NaN
NaN
NaN
NaN
NaN
NaN
NaN
NaN
NaN
NaN
NaN
NaN
NaN
NaN
NaN
NaN
NaN
NaN
NaN
NaN
NaN
NaN
NaN
NaN
NaN
NaN
NaN
NaN
NaN
NaN
NaN
NaN
NaN
NaN
NaN
NaN
NaN
NaN
NaN
NaN
NaN
NaN
NaN
NaN
NaN
NaN
NaN
NaN
NaN
NaN
NaN
NaN
NaN
NaN
NaN
NaN
NaN
NaN
NaN
NaN
NaN
NaN
NaN
NaN
NaN
NaN
NaN
NaN
NaN
NaN
NaN
NaN
NaN
NaN
NaN
NaN
NaN
NaN
NaN
NaN
NaN
NaN
NaN
NaN
NaN
NaN
NaN
NaN
NaN
NaN
NaN
NaN
NaN
NaN
NaN
NaN
NaN
NaN
NaN
NaN
NaN
NaN
NaN
NaN
NaN
NaN
NaN
NaN
NaN
NaN
NaN
NaN
NaN
NaN
NaN
NaN
NaN
NaN
NaN
NaN
NaN
NaN
NaN
NaN
NaN
NaN
NaN
NaN
NaN
NaN
NaN
