0.060847880299251866
0.1226932668329177
0.23142144638403989
0.30324189526184536
0.3880299251870324
0.4364089775561097
0.4678304239401497
0.5341645885286783
0.5790523690773067
0.7396508728179552
0.7566084788029925
0.8299251870324189
0.883790523690773
0.9226932668329176
0.8942643391521198
0.8967581047381546
0.912219451371571
0.8389027431421446
0.8194513715710723
0.8798004987531172
0.9351620947630923
0.858354114713217
0.8264339152119702
0.883790523690773
0.8588528678304238
0.8688279301745634
0.8109725685785536
0.8214463840399002
0.8493765586034913
0.8882793017456357
0.9256857855361595
0.913216957605985
0.8543640897755612
0.885286783042394
0.883790523690773
0.8773067331670823
0.8493765586034913
0.8613466334164588
0.800498753117207
0.8174563591022445
0.8493765586034913
0.8399002493765586
0.912718204488778
0.8972568578553617
0.9241895261845385
0.8374064837905237
0.8718204488778054
0.8364089775561098
0.8034912718204488
0.7800498753117207
0.7670822942643392
0.8059850374064836
0.8798004987531172
0.9197007481296758
0.8897755610972569
0.882294264339152
0.8448877805486286
0.8927680798004987
0.912219451371571
0.8503740648379052
0.8568578553615961
0.9027431421446384
0.9251870324189527
0.853366583541147
0.9241895261845388
0.9192019950124688
0.9182044887780549
0.8503740648379052
0.8907730673316708
0.9157107231920198
0.9052369077306732
0.9027431421446384
0.8877805486284289
0.883790523690773
0.796508728179551
0.8339152119700749
0.9012468827930175
0.9032418952618455
0.8982543640897755
0.8538653366583541
0.917206982543641
0.828927680798005
0.8728179551122194
0.8448877805486283
0.7635910224438902
0.830423940149626
0.824438902743142
0.8169576059850374
0.8443890274314215
0.8748129675810474
0.8763092269326684
0.9216957605985037
0.9147132169576061
0.912219451371571
0.9032418952618453
0.9012468827930175
0.917206982543641
0.798503740648379
0.8827930174563591
0.9067331670822941
0.8768079800498754
0.8778054862842893
0.8149625935162096
0.7890274314214463
0.7975062344139652
0.8139650872817954
0.830423940149626
0.8663341645885287
0.8433915211970076
0.8394014962593515
0.8219451371571072
0.8503740648379052
0.828927680798005
0.828927680798005
0.8508728179551122
0.916209476309227
0.9017456359102244
0.853366583541147
0.8902743142144638
0.8603491271820449
0.8763092269326684
0.8359102244389028
0.8723192019950124
0.8763092269326684
0.8798004987531172
0.8902743142144638
0.8917705735660848
0.917206982543641
0.8852867830423939
0.8119700748129677
0.8513715710723192
0.8364089775561098
0.8428927680798004
0.8827930174563591
0.8418952618453865
0.7990024937655861
0.8493765586034913
0.828428927680798
0.8089775561097257
0.8169576059850373
0.8384039900249377
0.883790523690773
0.8114713216957605
0.8453865336658353
0.7875311720698255
0.8259351620947631
0.8793017456359102
0.8922693266832917
0.9067331670822941
0.7401496259351621
0.7885286783042394
0.8269326683291771
0.9067331670822943
0.8763092269326684
0.8204488778054863
0.7346633416458853
0.772568578553616
0.8134663341645885
0.8423940149625935
0.8359102244389028
0.8603491271820449
0.8199501246882793
0.8802992518703242
0.8483790523690773
0.8618453865336658
0.8448877805486286
0.8349127182044889
0.8443890274314215
0.8763092269326682
0.8413965087281795
0.8613466334164588
0.8274314214463839
0.7895261845386534
0.74214463840399
0.742643391521197
0.7097256857855362
0.7027431421446384
0.7311720698254363
0.7017456359102244
0.7491271820448878
0.7187032418952619
0.6992518703241896
0.6548628428927681
0.6174563591022444
0.6778054862842893
0.682793017456359
0.7102244389027431
0.8094763092269327
0.8279301745635911
0.8698254364089776
0.9017456359102244
0.9097256857855361
0.8448877805486283
0.8324189526184538
0.8992518703241895
0.8663341645885287
0.8324189526184538
0.8483790523690773
0.8339152119700748
0.8344139650872817
0.8408977556109726
0.7496259351620947
0.8
0.7800498753117207
0.8059850374064839
0.9142144638403991
0.8967581047381546
0.8887780548628429
0.9356608478802994
0.8453865336658353
0.7820448877805487
0.773067331670823
0.8483790523690773
0.8443890274314215
0.883790523690773
0.8623441396508728
0.886284289276808
0.8339152119700749
0.8329177057356609
0.7850374064837904
0.7451371571072319
0.799501246882793
0.7162094763092269
0.7890274314214464
0.7630922693266833
0.8668329177057357
0.8354114713216957
0.8798004987531172
0.8947630922693266
0.9201995012468828
0.9017456359102244
0.9157107231920201
0.8658354114713216
0.8917705735660849
0.8807980049875311
0.82643391521197
0.8329177057356608
0.8778054862842893
0.8339152119700749
0.8917705735660848
0.8723192019950124
0.8463840399002492
0.8842892768079802
0.892269326683292
0.8763092269326684
0.8817955112219451
0.8897755610972569
0.8513715710723192
0.8209476309226933
0.8972568578553617
0.8802992518703242
0.8428927680798006
0.855361596009975
0.8314214463840399
0.8623441396508728
0.9057356608478802
0.8997506234413966
0.939152119700748
0.857356608478803
0.9276807980049874
0.8733167082294264
0.8528678304239401
0.8798004987531172
0.9027431421446384
0.857356608478803
0.888279301745636
0.9182044887780549
0.8847880299251869
0.8798004987531172
0.9047381546134663
0.8897755610972569
0.8992518703241895
0.8728179551122196
0.891271820448878
0.9027431421446384
0.8623441396508728
0.9177057356608479
0.8508728179551122
0.9147132169576059
0.8513715710723193
0.8962593516209477
0.8693266832917705
0.912219451371571
0.8902743142144638
0.9326683291770573
0.8962593516209477
0.8314214463840399
0.8184538653366582
0.8927680798004987
0.8653366583541147
0.8807980049875311
0.9092269326683292
0.8967581047381545
0.8369077306733168
0.8518703241895261
0.8438902743142144
0.7805486284289277
0.8249376558603492
0.7955112219451371
0.8094763092269327
0.8184538653366584
0.8319201995012468
0.7501246882793018
0.855361596009975
0.8578553615960101
0.8498753117206983
0.8423940149625937
0.8997506234413966
0.8498753117206983
0.8798004987531172
0.8648379052369076
0.7880299251870324
0.8389027431421445
0.857356608478803
0.8768079800498754
0.9007481296758104
0.9132169576059852
0.8314214463840399
0.8638403990024937
0.7895261845386533
0.9087281795511222
0.8458852867830424
0.8329177057356608
0.7885286783042393
0.8723192019950126
0.8154613466334165
0.828927680798005
0.8493765586034913
0.8618453865336659
0.9221945137157107
0.9241895261845385
0.8728179551122194
0.825436408977556
0.9236907730673316
0.8663341645885287
0.9007481296758104
0.8972568578553617
0.8977556109725686
0.855361596009975
0.7660847880299253
0.8134663341645885
0.7216957605985037
0.7735660847880299
0.769576059850374
0.7765586034912718
0.8663341645885287
0.9167082294264339
0.9027431421446384
0.8778054862842893
0.9002493765586035
0.9012468827930175
0.8987531172069826
0.9037406483790523
0.885286783042394
0.9197007481296758
0.9017456359102244
0.858354114713217
0.8493765586034913
0.8054862842892769
0.828428927680798
0.8942643391521198
0.912219451371571
0.9251870324189525
0.8633416458852867
0.8728179551122194
0.8982543640897755
0.9117206982543642
0.8972568578553617
0.8788029925187033
0.8937655860349129
0.9206982543640898
0.9316708229426434
0.9301745635910225
0.8982543640897755
0.9341645885286785
0.8728179551122196
0.8708229426433916
0.8708229426433916
0.8493765586034913
0.8798004987531172
0.8114713216957605
0.8064837905236907
0.7845386533665837
0.8254364089775562
0.7157107231920199
0.771072319201995
0.8029925187032418
0.7880299251870324
0.8433915211970074
0.7650872817955112
0.795511221945137
0.8663341645885287
0.7790523690773068
0.6788029925187032
0.6957605985037407
0.7875311720698255
0.8423940149625935
0.7865336658354114
0.8788029925187033
0.8743142144638405
0.8478802992518704
0.8658354114713216
0.8648379052369078
0.855361596009975
0.9147132169576059
0.8847880299251871
0.8768079800498754
0.8693266832917705
0.8733167082294264
0.828927680798005
0.8014962593516209
0.8907730673316708
0.8738154613466333
0.8503740648379052
0.8428927680798004
0.915211970074813
0.7960099750623442
0.8314214463840399
0.8468827930174563
0.856359102244389
0.8139650872817954
0.7655860349127181
0.8403990024937655
0.8488778054862843
0.8718204488778054
0.856359102244389
0.7875311720698256
0.7007481296758105
0.7102244389027431
0.7152119700748129
0.7955112219451372
0.7770573566084789
0.6822942643391522
0.7635910224438902
0.7446384039900249
0.7321695760598503
0.6907730673316709
0.6503740648379053
0.7341645885286783
0.7271820448877806
0.7336658354114712
0.6957605985037406
0.8064837905236907
0.8588528678304239
0.8389027431421446
0.7665835411471321
0.7925187032418952
0.9002493765586035
0.8872817955112218
0.8768079800498754
0.8753117206982545
0.8518703241895261
0.856359102244389
0.8613466334164588
0.8982543640897755
0.9157107231920201
0.8708229426433916
0.8967581047381546
0.857356608478803
0.8917705735660848
0.9177057356608478
0.7785536159600996
0.796508728179551
0.7630922693266833
0.858354114713217
0.8653366583541147
0.856359102244389
0.8932668329177058
0.8798004987531172
0.8543640897755612
0.8374064837905237
0.8568578553615961
0.883790523690773
0.9356608478802991
0.8902743142144638
0.9022443890274314
0.9331670822942645
0.9177057356608479
0.858354114713217
0.8264339152119702
0.8249376558603491
0.799501246882793
0.8738154613466333
0.8064837905236908
0.7730673316708231
0.7880299251870324
0.771072319201995
0.8364089775561098
0.8139650872817954
0.8264339152119702
0.854862842892768
0.8214463840399002
0.8653366583541148
0.8578553615960101
0.8314214463840399
0.8798004987531172
0.8683291770573565
0.8698254364089776
0.8743142144638405
0.7750623441396508
0.8538653366583542
0.8663341645885285
0.912718204488778
0.8488778054862843
0.8683291770573567
0.8857855361596009
0.8364089775561098
0.8877805486284289
0.8508728179551122
0.8538653366583541
0.8738154613466333
0.8807980049875311
0.8364089775561098
0.8463840399002495
0.8937655860349129
0.9197007481296758
0.9067331670822941
0.9067331670822943
0.8638403990024937
0.9107231920199501
0.8982543640897755
0.8618453865336658
0.8394014962593517
0.8688279301745636
0.8578553615960101
0.83142144638404
0.8917705735660848
0.8518703241895261
0.8329177057356608
0.8748129675810474
0.8623441396508728
0.9082294264339152
0.9042394014962595
0.9366583541147133
0.888279301745636
0.800498753117207
0.858354114713217
0.8553615960099752
0.8239401496259351
0.8997506234413966
0.9067331670822943
0.8917705735660848
0.8962593516209477
0.9211970074812967
0.9002493765586035
0.9137157107231919
0.859351620947631
0.8009975062344139
0.7645885286783043
0.800498753117207
0.7785536159600998
0.740648379052369
0.741645885286783
0.7690773067331671
0.743640897755611
0.7725685785536159
0.7750623441396508
0.8134663341645885
0.7865336658354115
0.8184538653366584
0.7870324189526186
0.7556109725685786
0.7950124688279302
0.8154613466334164
0.6917705735660847
0.6987531172069825
0.7461346633416458
0.7471321695760599
0.7451371571072318
0.7516209476309227
0.771072319201995
0.8952618453865335
0.9017456359102244
0.9002493765586035
0.8738154613466333
0.8483790523690773
0.8354114713216958
0.8623441396508728
0.8179551122194514
0.8069825436408978
0.8433915211970074
0.8124688279301745
0.7670822942643392
0.7940149625935161
0.8728179551122194
0.8942643391521198
0.8733167082294265
0.9197007481296758
0.8972568578553617
0.8683291770573567
0.8598503740648379
0.915211970074813
0.8453865336658353
0.8972568578553617
0.9022443890274315
0.8733167082294264
0.8488778054862843
0.7885286783042393
0.7177057356608478
0.7062344139650872
0.715211970074813
0.6937655860349127
0.6603491271820449
0.7157107231920199
0.8054862842892767
0.808478802992519
0.8184538653366584
0.887281795511222
0.8573566084788029
0.88428927680798
0.8528678304239401
0.8234413965087282
0.8299251870324189
0.8468827930174564
0.8937655860349126
0.8783042394014963
0.8558603491271821
0.8588528678304239
0.7381546134663342
0.8049875311720699
0.7810473815461346
0.8498753117206983
0.824438902743142
0.824438902743142
0.8463840399002492
0.8024937655860349
0.8623441396508728
0.8648379052369078
0.8279301745635911
0.9017456359102244
0.8778054862842893
0.8498753117206983
0.8802992518703242
0.8773067331670823
0.8533665835411473
0.768079800498753
0.8438902743142144
0.8384039900249377
0.8269326683291771
0.883291770573566
0.9077306733167081
0.8937655860349126
0.8693266832917705
0.8693266832917705
0.8902743142144638
0.8668329177057356
0.9142144638403991
0.8623441396508728
0.9067331670822941
0.8897755610972569
0.8683291770573565
0.7625935162094764
0.8044887780548627
0.7765586034912719
0.917206982543641
0.8982543640897755
0.8698254364089777
0.8598503740648379
0.8344139650872817
0.8578553615960101
0.9281795511221945
0.8613466334164588
0.8683291770573565
0.8758104738154614
0.8723192019950124
0.8817955112219451
0.8384039900249377
0.8683291770573565
0.9022443890274314
0.8822942643391523
0.8194513715710723
0.8219451371571072
0.8753117206982542
0.882294264339152
0.9216957605985037
0.9321695760598505
0.8897755610972569
0.8897755610972569
0.8578553615960101
0.8897755610972569
0.9102244389027432
0.9017456359102244
0.9107231920199501
0.9117206982543641
0.8778054862842893
0.8798004987531172
0.8603491271820449
0.8733167082294265
0.8977556109725686
0.9077306733167083
0.8608478802992519
0.7895261845386534
0.8384039900249377
0.8339152119700748
0.7930174563591023
0.7895261845386534
0.7690773067331671
0.8648379052369076
0.8094763092269327
0.7865336658354115
0.7481296758104737
0.7396508728179552
0.7062344139650872
0.6788029925187032
0.6628428927680798
0.6713216957605985
0.7880299251870324
0.7157107231920199
0.7655860349127181
0.7635910224438903
0.740648379052369
0.7830423940149627
0.8937655860349129
0.8209476309226933
0.7785536159600996
0.8628428927680798
0.9426433915211971
0.9067331670822941
0.883790523690773
0.9476309226932669
0.8558603491271821
0.8438902743142144
0.7960099750623442
0.799002493765586
0.6498753117206982
0.6708229426433915
0.7391521197007481
0.6453865336658355
0.7122194513715712
0.6663341645885288
0.5905236907730673
0.682793017456359
0.6638403990024937
0.6408977556109725
0.5660847880299251
0.5755610972568579
0.571072319201995
0.628428927680798
0.6428927680798006
0.7356608478802993
0.7411471321695761
0.7925187032418952
0.8259351620947631
0.8413965087281795
0.9047381546134664
0.8493765586034913
0.8314214463840399
0.7506234413965087
0.8538653366583542
0.9007481296758104
NaN
NaN
NaN
NaN
NaN
NaN
NaN
NaN
NaN
NaN
NaN
NaN
NaN
NaN
NaN
NaN
NaN
NaN
NaN
NaN
NaN
NaN
NaN
NaN
NaN
NaN
NaN
NaN
NaN
NaN
NaN
NaN
NaN
NaN
NaN
NaN
NaN
NaN
NaN
NaN
NaN
NaN
NaN
NaN
NaN
NaN
NaN
NaN
NaN
NaN
NaN
NaN
NaN
NaN
NaN
NaN
NaN
NaN
NaN
NaN
NaN
NaN
NaN
NaN
NaN
NaN
NaN
NaN
NaN
NaN
NaN
NaN
NaN
NaN
NaN
NaN
NaN
NaN
NaN
NaN
NaN
NaN
NaN
NaN
NaN
NaN
NaN
NaN
NaN
NaN
NaN
NaN
NaN
NaN
NaN
NaN
NaN
NaN
NaN
NaN
NaN
NaN
NaN
NaN
NaN
NaN
NaN
NaN
NaN
NaN
NaN
NaN
NaN
NaN
NaN
NaN
NaN
NaN
NaN
NaN
NaN
NaN
NaN
NaN
NaN
NaN
NaN
NaN
NaN
NaN
NaN
NaN
NaN
NaN
NaN
NaN
NaN
NaN
NaN
NaN
NaN
NaN
NaN
NaN
NaN
NaN
NaN
NaN
NaN
NaN
NaN
NaN
NaN
NaN
NaN
NaN
NaN
NaN
NaN
NaN
NaN
NaN
NaN
NaN
NaN
NaN
NaN
NaN
NaN
NaN
NaN
NaN
NaN
NaN
NaN
NaN
NaN
NaN
NaN
NaN
NaN
NaN
NaN
NaN
NaN
NaN
NaN
NaN
NaN
NaN
NaN
NaN
NaN
NaN
NaN
NaN
NaN
NaN
NaN
NaN
NaN
NaN
NaN
NaN
NaN
NaN
NaN
NaN
NaN
NaN
NaN
NaN
NaN
NaN
NaN
NaN
NaN
NaN
NaN
NaN
NaN
NaN
NaN
NaN
NaN
NaN
NaN
NaN
NaN
NaN
NaN
NaN
NaN
NaN
NaN
NaN
NaN
NaN
NaN
NaN
NaN
NaN
NaN
NaN
NaN
NaN
NaN
NaN
NaN
NaN
NaN
NaN
NaN
NaN
NaN
NaN
NaN
NaN
NaN
NaN
NaN
NaN
NaN
NaN
NaN
NaN
NaN
NaN
NaN
NaN
NaN
NaN
NaN
NaN
NaN
NaN
NaN
NaN
NaN
NaN
NaN
NaN
NaN
NaN
NaN
NaN
NaN
NaN
NaN
NaN
NaN
NaN
NaN
NaN
NaN
NaN
NaN
NaN
NaN
NaN
NaN
NaN
NaN
NaN
NaN
NaN
NaN
NaN
NaN
NaN
NaN
NaN
NaN
NaN
NaN
NaN
NaN
NaN
NaN
NaN
NaN
NaN
NaN
NaN
NaN
NaN
NaN
NaN
NaN
NaN
NaN
NaN
NaN
NaN
NaN
NaN
NaN
NaN
NaN
NaN
NaN
NaN
NaN
NaN
NaN
NaN
NaN
NaN
NaN
NaN
NaN
NaN
NaN
NaN
NaN
NaN
NaN
NaN
NaN
NaN
NaN
NaN
NaN
NaN
NaN
NaN
NaN
NaN
NaN
NaN
NaN
NaN
NaN
NaN
NaN
NaN
NaN
NaN
NaN
NaN
NaN
NaN
NaN
NaN
NaN
NaN
NaN
NaN
NaN
NaN
NaN
NaN
NaN
NaN
NaN
NaN
NaN
NaN
NaN
NaN
NaN
NaN
NaN
NaN
NaN
NaN
NaN
NaN
NaN
NaN
NaN
NaN
NaN
NaN
NaN
NaN
NaN
NaN
NaN
NaN
NaN
NaN
NaN
NaN
NaN
NaN
NaN
NaN
NaN
NaN
NaN
NaN
NaN
NaN
NaN
NaN
NaN
NaN
NaN
NaN
NaN
NaN
NaN
NaN
NaN
NaN
NaN
NaN
NaN
NaN
NaN
NaN
NaN
NaN
NaN
NaN
NaN
NaN
NaN
NaN
NaN
NaN
NaN
NaN
NaN
NaN
NaN
NaN
NaN
NaN
NaN
NaN
NaN
NaN
NaN
NaN
NaN
NaN
NaN
NaN
NaN
NaN
NaN
NaN
NaN
NaN
NaN
NaN
NaN
NaN
NaN
NaN
NaN
NaN
NaN
NaN
NaN
NaN
NaN
NaN
NaN
NaN
NaN
NaN
NaN
NaN
NaN
NaN
NaN
NaN
NaN
NaN
NaN
NaN
NaN
NaN
NaN
NaN
NaN
NaN
NaN
NaN
NaN
NaN
NaN
NaN
NaN
NaN
NaN
NaN
NaN
NaN
NaN
NaN
NaN
NaN
NaN
NaN
NaN
NaN
NaN
NaN
NaN
NaN
NaN
NaN
NaN
NaN
NaN
NaN
NaN
NaN
NaN
NaN
NaN
NaN
NaN
NaN
NaN
NaN
NaN
NaN
NaN
NaN
NaN
NaN
NaN
NaN
NaN
NaN
NaN
NaN
NaN
NaN
NaN
NaN
NaN
NaN
NaN
NaN
NaN
NaN
NaN
NaN
NaN
NaN
NaN
NaN
NaN
NaN
NaN
NaN
NaN
NaN
NaN
NaN
NaN
NaN
NaN
NaN
NaN
NaN
NaN
NaN
NaN
NaN
NaN
NaN
NaN
NaN
NaN
NaN
NaN
NaN
NaN
NaN
NaN
NaN
NaN
NaN
NaN
NaN
NaN
NaN
NaN
NaN
NaN
NaN
NaN
NaN
NaN
NaN
NaN
NaN
NaN
NaN
NaN
NaN
NaN
NaN
NaN
NaN
NaN
NaN
NaN
NaN
NaN
NaN
NaN
NaN
NaN
NaN
NaN
NaN
NaN
NaN
NaN
NaN
NaN
NaN
NaN
NaN
NaN
NaN
NaN
NaN
NaN
NaN
NaN
NaN
NaN
NaN
NaN
NaN
NaN
NaN
NaN
NaN
NaN
NaN
NaN
NaN
NaN
NaN
NaN
NaN
NaN
NaN
NaN
NaN
NaN
NaN
NaN
NaN
NaN
NaN
NaN
NaN
NaN
NaN
NaN
NaN
NaN
NaN
NaN
NaN
NaN
NaN
NaN
NaN
NaN
NaN
NaN
NaN
NaN
NaN
NaN
NaN
NaN
NaN
NaN
NaN
NaN
NaN
NaN
NaN
NaN
NaN
NaN
NaN
NaN
NaN
NaN
NaN
NaN
NaN
NaN
NaN
NaN
NaN
NaN
NaN
NaN
NaN
NaN
NaN
NaN
NaN
NaN
NaN
NaN
NaN
NaN
NaN
NaN
NaN
NaN
NaN
NaN
NaN
NaN
NaN
NaN
NaN
NaN
NaN
NaN
NaN
NaN
NaN
NaN
NaN
NaN
NaN
NaN
NaN
NaN
NaN
NaN
NaN
NaN
NaN
NaN
NaN
NaN
NaN
NaN
NaN
NaN
NaN
NaN
NaN
NaN
NaN
NaN
NaN
NaN
NaN
NaN
NaN
NaN
NaN
NaN
NaN
NaN
NaN
NaN
NaN
NaN
NaN
NaN
NaN
NaN
NaN
NaN
NaN
NaN
NaN
NaN
NaN
NaN
NaN
NaN
NaN
NaN
NaN
NaN
NaN
NaN
NaN
NaN
NaN
NaN
NaN
NaN
NaN
NaN
NaN
NaN
NaN
NaN
NaN
NaN
NaN
NaN
NaN
NaN
NaN
NaN
NaN
NaN
NaN
NaN
NaN
NaN
NaN
NaN
NaN
NaN
NaN
NaN
NaN
NaN
NaN
NaN
NaN
NaN
NaN
NaN
NaN
NaN
NaN
NaN
NaN
NaN
NaN
NaN
NaN
NaN
NaN
NaN
NaN
NaN
NaN
NaN
NaN
NaN
NaN
NaN
NaN
NaN
NaN
NaN
NaN
NaN
NaN
NaN
NaN
NaN
NaN
NaN
NaN
NaN
NaN
NaN
NaN
NaN
NaN
NaN
NaN
NaN
NaN
NaN
NaN
NaN
NaN
NaN
NaN
NaN
NaN
NaN
NaN
NaN
NaN
NaN
NaN
NaN
NaN
NaN
NaN
NaN
NaN
NaN
NaN
NaN
NaN
NaN
NaN
NaN
NaN
NaN
NaN
NaN
NaN
NaN
NaN
NaN
NaN
NaN
NaN
NaN
NaN
NaN
NaN
NaN
NaN
NaN
NaN
NaN
NaN
NaN
NaN
NaN
NaN
NaN
NaN
NaN
NaN
NaN
NaN
NaN
NaN
NaN
NaN
NaN
NaN
NaN
NaN
NaN
NaN
NaN
NaN
NaN
NaN
NaN
NaN
NaN
NaN
NaN
NaN
NaN
NaN
NaN
NaN
NaN
NaN
NaN
NaN
NaN
NaN
NaN
NaN
NaN
NaN
NaN
NaN
NaN
NaN
NaN
NaN
NaN
NaN
NaN
NaN
NaN
NaN
NaN
NaN
NaN
NaN
NaN
NaN
NaN
NaN
NaN
NaN
NaN
NaN
NaN
NaN
NaN
NaN
NaN
NaN
NaN
NaN
NaN
NaN
NaN
NaN
NaN
NaN
NaN
NaN
NaN
NaN
NaN
NaN
NaN
NaN
NaN
NaN
NaN
NaN
NaN
NaN
NaN
NaN
NaN
NaN
NaN
NaN
NaN
NaN
NaN
NaN
NaN
NaN
NaN
NaN
NaN
NaN
NaN
NaN
NaN
NaN
NaN
NaN
NaN
NaN
NaN
NaN
NaN
NaN
NaN
NaN
NaN
NaN
NaN
NaN
NaN
NaN
NaN
NaN
NaN
NaN
NaN
NaN
NaN
NaN
NaN
NaN
NaN
NaN
NaN
NaN
NaN
NaN
NaN
NaN
NaN
NaN
NaN
NaN
NaN
NaN
NaN
NaN
NaN
NaN
NaN
NaN
NaN
NaN
NaN
NaN
NaN
NaN
NaN
NaN
NaN
NaN
NaN
NaN
NaN
NaN
NaN
NaN
NaN
NaN
NaN
NaN
NaN
NaN
NaN
NaN
NaN
NaN
NaN
NaN
NaN
NaN
NaN
NaN
NaN
NaN
NaN
NaN
NaN
NaN
NaN
NaN
NaN
NaN
NaN
NaN
NaN
NaN
NaN
NaN
NaN
NaN
NaN
NaN
NaN
NaN
NaN
NaN
NaN
NaN
NaN
NaN
NaN
NaN
NaN
NaN
NaN
NaN
NaN
NaN
NaN
NaN
NaN
NaN
NaN
NaN
NaN
NaN
NaN
NaN
NaN
NaN
NaN
NaN
NaN
NaN
NaN
NaN
NaN
NaN
NaN
NaN
NaN
NaN
NaN
NaN
NaN
NaN
NaN
NaN
NaN
NaN
NaN
NaN
NaN
NaN
NaN
NaN
NaN
NaN
NaN
NaN
NaN
NaN
NaN
NaN
NaN
NaN
NaN
NaN
NaN
NaN
NaN
NaN
NaN
NaN
NaN
NaN
NaN
NaN
NaN
NaN
NaN
NaN
NaN
NaN
NaN
NaN
NaN
NaN
NaN
NaN
NaN
NaN
NaN
NaN
NaN
NaN
NaN
NaN
NaN
NaN
NaN
NaN
NaN
NaN
NaN
NaN
NaN
NaN
NaN
NaN
NaN
NaN
NaN
NaN
NaN
NaN
NaN
NaN
NaN
NaN
NaN
NaN
NaN
NaN
NaN
NaN
NaN
NaN
NaN
NaN
NaN
NaN
NaN
NaN
NaN
NaN
NaN
NaN
NaN
NaN
NaN
NaN
NaN
NaN
NaN
NaN
NaN
NaN
NaN
NaN
NaN
NaN
NaN
NaN
NaN
NaN
NaN
NaN
NaN
NaN
NaN
NaN
NaN
NaN
NaN
NaN
NaN
NaN
NaN
NaN
NaN
NaN
NaN
NaN
NaN
NaN
NaN
NaN
NaN
NaN
NaN
NaN
NaN
NaN
NaN
NaN
NaN
NaN
NaN
NaN
NaN
NaN
NaN
NaN
NaN
NaN
NaN
NaN
NaN
NaN
NaN
NaN
NaN
NaN
NaN
NaN
NaN
NaN
NaN
NaN
NaN
NaN
NaN
NaN
NaN
NaN
NaN
NaN
NaN
NaN
NaN
NaN
NaN
NaN
NaN
NaN
NaN
NaN
NaN
NaN
NaN
NaN
NaN
NaN
NaN
NaN
NaN
NaN
NaN
NaN
NaN
NaN
NaN
NaN
NaN
NaN
NaN
NaN
NaN
NaN
NaN
NaN
NaN
NaN
NaN
NaN
NaN
NaN
NaN
NaN
NaN
NaN
NaN
NaN
NaN
NaN
NaN
NaN
NaN
NaN
NaN
NaN
NaN
NaN
NaN
NaN
NaN
NaN
NaN
NaN
NaN
NaN
NaN
NaN
NaN
NaN
NaN
NaN
NaN
NaN
NaN
NaN
NaN
NaN
NaN
NaN
NaN
NaN
NaN
NaN
NaN
NaN
NaN
NaN
NaN
NaN
NaN
NaN
NaN
NaN
NaN
NaN
NaN
NaN
NaN
NaN
NaN
NaN
NaN
NaN
NaN
NaN
NaN
NaN
NaN
NaN
NaN
NaN
NaN
NaN
NaN
NaN
NaN
NaN
NaN
NaN
NaN
NaN
NaN
NaN
NaN
NaN
NaN
NaN
NaN
NaN
NaN
NaN
NaN
NaN
NaN
NaN
NaN
NaN
NaN
NaN
NaN
NaN
NaN
NaN
NaN
NaN
NaN
NaN
NaN
NaN
NaN
NaN
NaN
NaN
NaN
NaN
NaN
NaN
NaN
NaN
NaN
NaN
NaN
NaN
NaN
NaN
NaN
NaN
NaN
NaN
NaN
NaN
NaN
NaN
NaN
NaN
NaN
NaN
NaN
NaN
NaN
NaN
NaN
NaN
NaN
NaN
NaN
NaN
NaN
NaN
NaN
NaN
NaN
NaN
NaN
NaN
NaN
NaN
NaN
NaN
NaN
NaN
NaN
NaN
NaN
NaN
NaN
NaN
NaN
NaN
NaN
NaN
NaN
NaN
NaN
NaN
NaN
NaN
NaN
NaN
NaN
NaN
NaN
NaN
NaN
NaN
NaN
NaN
NaN
NaN
NaN
NaN
NaN
NaN
NaN
NaN
NaN
NaN
NaN
NaN
NaN
NaN
NaN
NaN
NaN
NaN
NaN
NaN
NaN
NaN
NaN
NaN
NaN
NaN
NaN
NaN
NaN
NaN
NaN
NaN
NaN
NaN
NaN
NaN
NaN
NaN
NaN
NaN
NaN
NaN
NaN
NaN
NaN
NaN
NaN
NaN
NaN
NaN
NaN
NaN
NaN
NaN
NaN
NaN
NaN
NaN
NaN
NaN
NaN
NaN
NaN
NaN
NaN
NaN
NaN
NaN
NaN
NaN
NaN
NaN
NaN
NaN
NaN
NaN
NaN
NaN
NaN
NaN
NaN
NaN
NaN
NaN
NaN
NaN
NaN
NaN
NaN
NaN
NaN
NaN
NaN
NaN
NaN
NaN
NaN
NaN
NaN
NaN
NaN
NaN
NaN
NaN
NaN
NaN
NaN
NaN
NaN
NaN
NaN
NaN
NaN
NaN
NaN
NaN
NaN
NaN
NaN
NaN
NaN
NaN
NaN
NaN
NaN
NaN
NaN
NaN
NaN
NaN
NaN
NaN
NaN
NaN
