0.8796758104738155
0.9189526184538653
0.9245635910224439
0.9320448877805486
0.9133416458852868
0.908354114713217
0.9108478802992519
0.9152119700748129
0.9152119700748129
0.93142144638404
0.9307980049875312
0.9145885286783042
0.9052369077306732
0.9420199501246883
0.9014962593516209
0.9258104738154613
0.9307980049875312
0.9270573566084788
0.9314214463840399
0.935785536159601
0.9233167082294265
0.9283042394014962
0.9108478802992519
0.9345386533665835
0.9513715710723192
0.9364089775561097
0.963216957605985
0.9258104738154613
0.9177057356608479
0.9364089775561097
0.9476309226932669
0.9445137157107232
0.9407730673316708
0.928927680798005
0.9114713216957606
0.9208229426433916
0.9544887780548629
0.9320448877805486
0.9501246882793019
0.9214463840399003
0.9513715710723193
0.9307980049875312
0.9289276807980049
0.9445137157107233
0.935785536159601
0.9083541147132169
0.9239401496259352
0.9407730673316708
0.9239401496259351
0.9220698254364089
0.9345386533665835
0.9314214463840399
0.9102244389027431
0.912718204488778
0.9401496259351622
0.9189526184538652
0.947007481296758
0.9513715710723192
0.9289276807980049
0.9407730673316708
0.9345386533665836
0.9382793017456359
0.9270573566084788
0.9457605985037406
0.9295511221945136
0.9332917705735662
0.9283042394014963
0.953865336658354
0.9214463840399003
0.9470074812967582
0.945137157107232
0.9326683291770573
0.9426433915211969
0.9283042394014963
0.9544887780548628
0.9513715710723192
0.9370324189526185
0.9258104738154613
0.9370324189526185
0.9594763092269327
0.9420199501246882
0.9345386533665836
0.9314214463840399
0.9077306733167082
0.9139650872817955
0.9507481296758105
0.9339152119700749
0.9482543640897755
0.9289276807980049
0.9114713216957605
0.9488778054862843
0.8933915211970075
0.9120947630922693
0.9170822942643392
0.9470074812967582
0.9395261845386534
0.9526184538653367
0.9295511221945137
0.9507481296758105
0.93142144638404
0.9357855361596009
0.9382793017456359
0.9320448877805487
0.9208229426433916
0.9351620947630922
0.9251870324189526
0.9395261845386534
0.940149625935162
0.9451371571072319
0.93142144638404
0.901496259351621
0.9382793017456359
0.9245635910224439
0.9120947630922693
0.9351620947630923
0.935785536159601
0.9488778054862843
0.9389027431421446
0.9245635910224439
0.9276807980049876
0.9320448877805487
0.9420199501246883
0.9382793017456359
0.928927680798005
0.9270573566084788
0.9426433915211969
0.9463840399002494
0.933291770573566
0.9127182044887782
0.9420199501246883
0.8933915211970075
0.8996259351620948
0.9096009975062345
0.8740648379052369
0.9220698254364089
0.8977556109725686
0.9102244389027432
0.8983790523690773
0.8871571072319202
0.8852867830423939
0.8927680798004988
0.9314214463840399
0.9295511221945136
0.9476309226932669
0.9457605985037406
0.9295511221945136
0.9407730673316708
0.945137157107232
0.9382793017456359
0.9295511221945136
0.9295511221945137
0.9407730673316708
0.9133416458852867
0.9376558603491272
0.9432668329177059
0.9077306733167082
0.908354114713217
0.9158354114713216
0.9021197007481296
0.9158354114713216
0.92643391521197
0.8896508728179551
0.9320448877805487
0.9189526184538652
0.9295511221945137
0.9445137157107232
0.9513715710723192
0.9370324189526185
0.9270573566084788
0.9482543640897756
0.9233167082294265
0.9519950124688279
0.928927680798005
0.9307980049875312
0.9289276807980049
0.9289276807980049
0.9170822942643392
0.9083541147132169
0.9345386533665836
0.9351620947630923
0.9582294264339153
0.9364089775561097
0.9625935162094763
0.9295511221945139
0.9376558603491272
0.935785536159601
0.9345386533665836
0.9532418952618454
0.928927680798005
0.9152119700748129
0.9183291770573566
0.9270573566084788
0.956359102244389
0.9389027431421446
0.8809226932668329
0.9376558603491272
0.9551122194513716
0.9364089775561097
0.9364089775561097
0.9226932668329177
0.9345386533665836
0.9276807980049875
0.9364089775561097
0.9544887780548629
0.9345386533665836
0.9164588528678304
0.9226932668329177
0.9345386533665836
0.9139650872817955
0.9457605985037406
0.9370324189526184
0.9364089775561097
0.9108478802992518
0.9102244389027432
0.8977556109725686
0.9420199501246882
0.919576059850374
0.9351620947630923
0.9189526184538653
0.9133416458852868
0.8877805486284289
0.9389027431421446
0.9463840399002494
0.9532418952618454
0.9438902743142145
0.9283042394014962
0.9170822942643391
0.9276807980049875
0.9345386533665836
0.9077306733167082
0.9370324189526185
0.9320448877805486
0.9339152119700748
0.9301745635910225
0.9339152119700749
0.9513715710723192
0.9544887780548628
0.9245635910224439
0.9258104738154613
0.9457605985037406
0.9301745635910225
0.9345386533665836
0.9351620947630923
0.9364089775561096
0.9544887780548628
0.9463840399002493
0.9463840399002494
0.9226932668329177
0.9177057356608479
0.9370324189526185
0.9233167082294265
0.9413965087281795
0.9214463840399003
0.9295511221945137
0.9413965087281795
0.9389027431421446
0.9420199501246883
0.9239401496259351
0.9220698254364089
0.9270573566084788
0.9164588528678304
0.935785536159601
0.9339152119700749
0.9389027431421446
0.8958852867830425
0.9339152119700749
0.9389027431421446
0.9488778054862843
0.9463840399002493
0.9177057356608479
0.9214463840399002
0.9301745635910225
0.9395261845386533
0.945137157107232
0.9526184538653366
0.9208229426433915
0.9201995012468829
0.9226932668329177
0.9507481296758105
0.9332917705735662
0.9463840399002494
0.9108478802992519
0.9507481296758105
0.947007481296758
0.92643391521197
0.9376558603491272
0.9326683291770574
0.935785536159601
0.9470074812967582
0.940149625935162
0.9519950124688279
0.9258104738154613
0.9376558603491272
0.9270573566084788
0.9233167082294265
0.9071072319201995
0.9158354114713216
0.912718204488778
0.9457605985037406
0.9364089775561097
0.8965087281795511
0.9470074812967582
0.9239401496259352
0.9071072319201994
0.9420199501246883
0.9307980049875312
0.9214463840399003
0.9345386533665836
0.9420199501246883
0.9258104738154613
0.8940149625935163
0.9258104738154613
0.9152119700748129
0.9345386533665836
0.912718204488778
0.9276807980049875
0.9301745635910226
0.9233167082294264
0.9395261845386533
0.9370324189526185
0.9183291770573565
0.9339152119700749
0.922069825436409
0.9114713216957606
0.9351620947630923
0.9270573566084788
0.9407730673316708
0.912718204488778
0.9420199501246882
0.9420199501246882
0.9120947630922693
0.9413965087281795
0.9339152119700749
0.9576059850374066
0.935785536159601
0.9245635910224439
0.9364089775561097
0.9226932668329177
0.9152119700748129
0.9420199501246883
0.9382793017456359
0.9314214463840399
0.9276807980049875
0.9376558603491272
0.9370324189526185
0.92643391521197
0.9189526184538653
0.940149625935162
0.9189526184538654
0.9470074812967582
0.922069825436409
0.9164588528678304
0.9389027431421446
0.9239401496259352
0.9432668329177059
0.9289276807980049
0.9345386533665835
0.922069825436409
0.9351620947630922
0.9532418952618453
0.9258104738154613
0.9226932668329177
0.9170822942643391
0.953865336658354
0.9482543640897756
0.9164588528678304
0.9376558603491272
0.9332917705735662
0.9264339152119702
0.8908977556109726
0.9083541147132169
0.9526184538653366
0.9058603491271822
0.9351620947630923
0.9576059850374066
0.9226932668329177
0.919576059850374
0.9270573566084788
0.9438902743142145
0.9102244389027432
0.9432668329177057
0.9569825436408977
0.9457605985037407
0.9519950124688279
0.9370324189526185
0.9220698254364089
0.9470074812967582
0.9513715710723192
0.9445137157107232
0.935785536159601
0.9501246882793017
0.9482543640897755
0.9482543640897755
0.9376558603491272
0.9320448877805485
0.912718204488778
0.9027431421446384
0.9332917705735659
0.9145885286783042
0.9432668329177056
0.9201995012468828
0.9407730673316708
0.9351620947630922
0.9320448877805487
0.9071072319201996
0.9251870324189526
0.9326683291770573
0.9283042394014962
0.9526184538653366
0.9407730673316709
0.9445137157107233
0.9370324189526185
0.9239401496259352
0.9177057356608478
0.9189526184538653
0.9395261845386534
0.9470074812967582
0.9245635910224439
0.9407730673316708
0.9382793017456359
0.949501246882793
0.9376558603491272
0.9345386533665836
0.9208229426433915
0.9501246882793017
0.942643391521197
0.9395261845386533
0.9563591022443889
0.9295511221945136
0.9445137157107232
0.9445137157107231
0.9382793017456359
0.9077306733167082
0.92643391521197
0.9420199501246883
0.9519950124688279
0.9189526184538653
0.9270573566084789
0.9208229426433916
0.9345386533665836
0.9289276807980049
0.9364089775561097
0.9270573566084788
0.9451371571072319
0.9600997506234414
0.9251870324189526
0.9127182044887779
0.9482543640897756
0.935785536159601
0.9551122194513716
0.9551122194513716
0.9295511221945137
0.9258104738154613
0.9014962593516209
0.9364089775561097
0.9108478802992519
0.9345386533665835
0.8971321695760598
0.9438902743142145
0.9582294264339151
0.9413965087281795
0.9283042394014962
0.9401496259351622
0.9370324189526185
0.9208229426433915
0.9295511221945136
0.9195760598503739
0.92643391521197
0.92643391521197
0.9457605985037406
0.9407730673316709
0.9507481296758105
0.9382793017456359
0.9588528678304239
0.9569825436408979
0.9258104738154613
0.8927680798004987
0.9326683291770573
0.9245635910224439
0.9445137157107231
0.9139650872817955
0.9413965087281795
0.947007481296758
0.9033665835411472
0.9002493765586035
0.8877805486284289
0.9120947630922693
0.935785536159601
0.9276807980049876
0.9083541147132169
0.9251870324189526
0.9239401496259352
0.9301745635910224
0.9021197007481296
0.9351620947630922
0.899002493765586
0.9208229426433916
0.912718204488778
0.9201995012468828
0.9189526184538654
0.9183291770573566
0.9189526184538653
0.9233167082294265
0.9301745635910224
0.9482543640897756
0.9370324189526185
0.9245635910224439
0.9033665835411471
0.9307980049875312
0.92643391521197
0.9214463840399002
0.885286783042394
0.9239401496259352
0.9251870324189526
0.8996259351620948
0.8927680798004988
0.8946384039900249
0.9189526184538653
0.9071072319201996
0.9077306733167083
0.9251870324189526
0.9245635910224439
0.9208229426433915
0.8977556109725686
0.9071072319201995
0.938279301745636
0.9370324189526185
0.9295511221945136
0.9413965087281796
0.9139650872817955
0.9488778054862843
0.9295511221945137
0.9326683291770573
0.9432668329177057
0.9513715710723192
0.9507481296758105
0.9476309226932669
0.9370324189526185
0.9395261845386533
0.9470074812967582
0.9445137157107233
0.9201995012468829
0.9326683291770573
0.9251870324189526
0.9326683291770574
0.9420199501246883
0.9420199501246882
0.9139650872817955
0.9320448877805487
0.9351620947630922
0.935785536159601
0.9370324189526185
0.9451371571072319
0.9713216957605986
0.940149625935162
0.9544887780548628
0.9357855361596009
0.9314214463840399
0.9314214463840399
0.9382793017456359
0.9301745635910226
0.9432668329177056
0.9258104738154613
0.9189526184538654
0.9139650872817955
0.9438902743142146
0.9389027431421446
0.9289276807980049
0.9120947630922693
0.8915211970074813
0.9432668329177057
0.9420199501246882
0.9133416458852868
0.8896508728179551
0.9258104738154613
0.9214463840399003
0.9226932668329176
0.9258104738154613
0.8734413965087282
0.9314214463840399
0.9395261845386533
0.9426433915211969
0.9208229426433915
0.9339152119700748
0.9507481296758105
0.9364089775561097
0.9488778054862844
0.9320448877805486
0.9382793017456358
0.9501246882793016
0.9283042394014962
0.9351620947630923
0.9314214463840399
0.9189526184538652
0.928927680798005
0.9276807980049875
0.9320448877805486
0.9445137157107233
0.9532418952618453
0.9488778054862843
0.935785536159601
0.9382793017456359
0.9569825436408977
0.9239401496259351
0.9314214463840399
0.9395261845386533
0.9283042394014962
0.9438902743142145
0.9301745635910225
0.928927680798005
0.9551122194513716
0.9183291770573565
0.9208229426433915
0.933291770573566
0.9476309226932669
0.9326683291770573
0.9532418952618453
0.9432668329177057
0.9457605985037407
0.9557356608478802
0.9301745635910224
0.9245635910224439
0.9307980049875312
0.9320448877805487
0.9283042394014963
0.9650872817955112
0.9488778054862843
0.9270573566084788
0.9451371571072319
0.935785536159601
0.9376558603491272
0.9551122194513716
0.9345386533665835
0.9345386533665836
0.9376558603491272
0.963216957605985
0.93142144638404
0.951995012468828
0.9326683291770574
0.9432668329177056
0.9251870324189526
0.9307980049875311
0.9501246882793017
0.912718204488778
0.9027431421446384
0.9389027431421446
0.9407730673316708
0.9083541147132169
0.9488778054862843
0.9364089775561097
0.933291770573566
0.9532418952618454
0.9382793017456359
0.9189526184538652
0.8952618453865336
0.9345386533665835
0.9233167082294265
0.9120947630922693
0.92643391521197
0.93142144638404
0.9420199501246883
0.9120947630922693
0.949501246882793
0.9376558603491272
0.915211970074813
0.919576059850374
0.9326683291770573
0.9295511221945137
0.9432668329177057
0.956359102244389
0.9426433915211969
0.9239401496259352
0.9052369077306732
0.9276807980049875
0.9370324189526185
0.9594763092269326
0.9426433915211969
0.9463840399002493
0.9301745635910225
0.899002493765586
0.9389027431421447
0.9295511221945136
0.9295511221945136
0.9457605985037407
0.9289276807980049
0.9438902743142146
0.9226932668329177
0.9420199501246883
0.9476309226932669
0.9395261845386534
0.949501246882793
0.9482543640897756
0.9276807980049875
0.9177057356608478
0.949501246882793
0.9470074812967582
0.9407730673316708
0.9470074812967582
0.9245635910224439
0.9120947630922693
0.9208229426433916
0.8946384039900249
0.9476309226932669
0.9389027431421446
0.9276807980049875
0.9370324189526184
0.9526184538653366
0.9332917705735662
0.9526184538653366
0.9258104738154612
0.9251870324189526
0.938279301745636
0.9413965087281796
0.928927680798005
0.9432668329177059
0.9526184538653366
0.935785536159601
0.9114713216957606
0.9432668329177056
0.9220698254364089
0.9301745635910226
0.9183291770573565
0.8746882793017456
0.9407730673316708
0.9164588528678305
0.9389027431421446
0.9102244389027431
0.935785536159601
0.9276807980049875
0.9600997506234414
0.9345386533665836
0.9189526184538654
0.9102244389027432
0.9195760598503742
0.9364089775561097
0.9501246882793017
0.9276807980049875
0.9389027431421446
0.9239401496259352
0.9594763092269326
0.9501246882793017
0.9307980049875313
0.9407730673316709
0.9420199501246883
0.9332917705735662
0.9376558603491272
0.9407730673316708
0.9395261845386533
0.9538653366583542
0.9413965087281795
NaN
NaN
NaN
NaN
NaN
NaN
NaN
NaN
NaN
NaN
NaN
NaN
NaN
NaN
NaN
NaN
NaN
NaN
NaN
NaN
NaN
NaN
NaN
NaN
NaN
NaN
NaN
NaN
NaN
NaN
NaN
NaN
NaN
NaN
NaN
NaN
NaN
NaN
NaN
NaN
NaN
NaN
NaN
NaN
NaN
NaN
NaN
NaN
NaN
NaN
NaN
NaN
NaN
NaN
NaN
NaN
NaN
NaN
NaN
NaN
NaN
NaN
NaN
NaN
NaN
NaN
NaN
NaN
NaN
NaN
NaN
NaN
NaN
NaN
NaN
NaN
NaN
NaN
NaN
NaN
NaN
NaN
NaN
NaN
NaN
NaN
NaN
NaN
NaN
NaN
NaN
NaN
NaN
NaN
NaN
NaN
NaN
NaN
NaN
NaN
NaN
NaN
NaN
NaN
NaN
NaN
NaN
NaN
NaN
NaN
NaN
NaN
NaN
NaN
NaN
NaN
NaN
NaN
NaN
NaN
NaN
NaN
NaN
NaN
NaN
NaN
NaN
NaN
NaN
NaN
NaN
NaN
NaN
NaN
NaN
NaN
NaN
NaN
NaN
NaN
NaN
NaN
NaN
NaN
NaN
NaN
NaN
NaN
NaN
NaN
NaN
NaN
NaN
NaN
NaN
NaN
NaN
NaN
NaN
NaN
NaN
NaN
NaN
NaN
NaN
NaN
NaN
NaN
NaN
NaN
NaN
NaN
NaN
NaN
NaN
NaN
NaN
NaN
NaN
NaN
NaN
NaN
NaN
NaN
NaN
NaN
NaN
NaN
NaN
NaN
NaN
NaN
NaN
NaN
NaN
NaN
NaN
NaN
NaN
NaN
NaN
NaN
NaN
NaN
NaN
NaN
NaN
NaN
NaN
NaN
NaN
NaN
NaN
NaN
NaN
NaN
NaN
NaN
NaN
NaN
NaN
NaN
NaN
NaN
NaN
NaN
NaN
NaN
NaN
NaN
NaN
NaN
NaN
NaN
NaN
NaN
NaN
NaN
NaN
NaN
NaN
NaN
NaN
NaN
NaN
NaN
NaN
NaN
NaN
NaN
NaN
NaN
NaN
NaN
NaN
NaN
NaN
NaN
NaN
NaN
NaN
NaN
NaN
NaN
NaN
NaN
NaN
NaN
NaN
NaN
NaN
NaN
NaN
NaN
NaN
NaN
NaN
NaN
NaN
NaN
NaN
NaN
NaN
NaN
NaN
NaN
NaN
NaN
NaN
NaN
NaN
NaN
NaN
NaN
NaN
NaN
NaN
NaN
NaN
NaN
NaN
NaN
NaN
NaN
NaN
NaN
NaN
NaN
NaN
NaN
NaN
NaN
NaN
NaN
NaN
NaN
NaN
NaN
NaN
NaN
NaN
NaN
NaN
NaN
NaN
NaN
NaN
NaN
NaN
NaN
NaN
NaN
NaN
NaN
NaN
NaN
NaN
NaN
NaN
NaN
NaN
NaN
NaN
NaN
NaN
NaN
NaN
NaN
NaN
NaN
NaN
NaN
NaN
NaN
NaN
NaN
NaN
NaN
NaN
NaN
NaN
NaN
NaN
NaN
NaN
NaN
NaN
NaN
NaN
NaN
NaN
NaN
NaN
NaN
NaN
NaN
NaN
NaN
NaN
NaN
NaN
NaN
NaN
NaN
NaN
NaN
NaN
NaN
NaN
NaN
NaN
NaN
NaN
NaN
NaN
NaN
NaN
NaN
NaN
NaN
NaN
NaN
NaN
NaN
NaN
NaN
NaN
NaN
NaN
NaN
NaN
NaN
NaN
NaN
NaN
NaN
NaN
NaN
NaN
NaN
NaN
NaN
NaN
NaN
NaN
NaN
NaN
NaN
NaN
NaN
NaN
NaN
NaN
NaN
NaN
NaN
NaN
NaN
NaN
NaN
NaN
NaN
NaN
NaN
NaN
NaN
NaN
NaN
NaN
NaN
NaN
NaN
NaN
NaN
NaN
NaN
NaN
NaN
NaN
NaN
NaN
NaN
NaN
NaN
NaN
NaN
NaN
NaN
NaN
NaN
NaN
NaN
NaN
NaN
NaN
NaN
NaN
NaN
NaN
NaN
NaN
NaN
NaN
NaN
NaN
NaN
NaN
NaN
NaN
NaN
NaN
NaN
NaN
NaN
NaN
NaN
NaN
NaN
NaN
NaN
NaN
NaN
NaN
NaN
NaN
NaN
NaN
NaN
NaN
NaN
NaN
NaN
NaN
NaN
NaN
NaN
NaN
NaN
NaN
NaN
NaN
NaN
NaN
NaN
NaN
NaN
NaN
NaN
NaN
NaN
NaN
NaN
NaN
NaN
NaN
NaN
NaN
NaN
NaN
NaN
NaN
NaN
NaN
NaN
NaN
NaN
NaN
NaN
NaN
NaN
NaN
NaN
NaN
NaN
NaN
NaN
NaN
NaN
NaN
NaN
NaN
NaN
NaN
NaN
NaN
NaN
NaN
NaN
NaN
NaN
NaN
NaN
NaN
NaN
NaN
NaN
NaN
NaN
NaN
NaN
NaN
NaN
NaN
NaN
NaN
NaN
NaN
NaN
NaN
NaN
NaN
NaN
NaN
NaN
NaN
NaN
NaN
NaN
NaN
NaN
NaN
NaN
NaN
NaN
NaN
NaN
NaN
NaN
NaN
NaN
NaN
NaN
NaN
NaN
NaN
NaN
NaN
NaN
NaN
NaN
NaN
NaN
NaN
NaN
NaN
NaN
NaN
NaN
NaN
NaN
NaN
NaN
NaN
NaN
NaN
NaN
NaN
NaN
NaN
NaN
NaN
NaN
NaN
NaN
NaN
NaN
NaN
NaN
NaN
NaN
NaN
NaN
NaN
NaN
NaN
NaN
NaN
NaN
NaN
NaN
NaN
NaN
NaN
NaN
NaN
NaN
NaN
NaN
NaN
NaN
NaN
NaN
NaN
NaN
NaN
NaN
NaN
NaN
NaN
NaN
NaN
NaN
NaN
NaN
NaN
NaN
NaN
NaN
NaN
NaN
NaN
NaN
NaN
NaN
NaN
NaN
NaN
NaN
NaN
NaN
NaN
NaN
NaN
NaN
NaN
NaN
NaN
NaN
NaN
NaN
NaN
NaN
NaN
NaN
NaN
NaN
NaN
NaN
NaN
NaN
NaN
NaN
NaN
NaN
NaN
NaN
NaN
NaN
NaN
NaN
NaN
NaN
NaN
NaN
NaN
NaN
NaN
NaN
NaN
NaN
NaN
NaN
NaN
NaN
NaN
NaN
NaN
NaN
NaN
NaN
NaN
NaN
NaN
NaN
NaN
NaN
NaN
NaN
NaN
NaN
NaN
NaN
NaN
NaN
NaN
NaN
NaN
NaN
NaN
NaN
NaN
NaN
NaN
NaN
NaN
NaN
NaN
NaN
NaN
NaN
NaN
NaN
NaN
NaN
NaN
NaN
NaN
NaN
NaN
NaN
NaN
NaN
NaN
NaN
NaN
NaN
NaN
NaN
NaN
NaN
NaN
NaN
NaN
NaN
NaN
NaN
NaN
NaN
NaN
NaN
NaN
NaN
NaN
NaN
NaN
NaN
NaN
NaN
NaN
NaN
NaN
NaN
NaN
NaN
NaN
NaN
NaN
NaN
NaN
NaN
NaN
NaN
NaN
NaN
NaN
NaN
NaN
NaN
NaN
NaN
NaN
NaN
NaN
NaN
NaN
NaN
NaN
NaN
NaN
NaN
NaN
NaN
NaN
NaN
NaN
NaN
NaN
NaN
NaN
NaN
NaN
NaN
NaN
NaN
NaN
NaN
NaN
NaN
NaN
NaN
NaN
NaN
NaN
NaN
NaN
NaN
NaN
NaN
NaN
NaN
NaN
NaN
NaN
NaN
NaN
NaN
NaN
NaN
NaN
NaN
NaN
NaN
NaN
NaN
NaN
NaN
NaN
NaN
NaN
NaN
NaN
NaN
NaN
NaN
NaN
NaN
NaN
NaN
NaN
NaN
NaN
NaN
NaN
NaN
NaN
NaN
NaN
NaN
NaN
NaN
NaN
NaN
NaN
NaN
NaN
NaN
NaN
NaN
NaN
NaN
NaN
NaN
NaN
NaN
NaN
NaN
NaN
NaN
NaN
NaN
NaN
NaN
NaN
NaN
NaN
NaN
NaN
NaN
NaN
NaN
NaN
NaN
NaN
NaN
NaN
NaN
NaN
NaN
NaN
NaN
NaN
NaN
NaN
NaN
NaN
NaN
NaN
NaN
NaN
NaN
NaN
NaN
NaN
NaN
NaN
NaN
NaN
NaN
NaN
NaN
NaN
NaN
NaN
NaN
NaN
NaN
NaN
NaN
NaN
NaN
NaN
NaN
NaN
NaN
NaN
NaN
NaN
NaN
NaN
NaN
NaN
NaN
NaN
NaN
NaN
NaN
NaN
NaN
NaN
NaN
NaN
NaN
NaN
NaN
NaN
NaN
NaN
NaN
NaN
NaN
NaN
NaN
NaN
NaN
NaN
NaN
NaN
NaN
NaN
NaN
NaN
NaN
NaN
NaN
NaN
NaN
NaN
NaN
NaN
NaN
NaN
NaN
NaN
NaN
NaN
NaN
NaN
NaN
NaN
NaN
NaN
NaN
NaN
NaN
NaN
NaN
NaN
NaN
NaN
NaN
NaN
NaN
NaN
NaN
NaN
NaN
NaN
NaN
NaN
NaN
NaN
NaN
NaN
NaN
NaN
NaN
NaN
NaN
NaN
NaN
NaN
NaN
NaN
NaN
NaN
NaN
NaN
NaN
NaN
NaN
NaN
NaN
NaN
NaN
NaN
NaN
NaN
NaN
NaN
NaN
NaN
NaN
NaN
NaN
NaN
NaN
NaN
NaN
NaN
NaN
NaN
NaN
NaN
NaN
NaN
NaN
NaN
NaN
NaN
NaN
NaN
NaN
NaN
NaN
NaN
NaN
NaN
NaN
NaN
NaN
NaN
NaN
NaN
NaN
NaN
NaN
NaN
NaN
NaN
NaN
NaN
NaN
NaN
NaN
NaN
NaN
NaN
NaN
NaN
NaN
NaN
NaN
NaN
NaN
NaN
NaN
NaN
NaN
NaN
NaN
NaN
NaN
NaN
NaN
NaN
NaN
NaN
NaN
NaN
NaN
NaN
NaN
NaN
NaN
NaN
NaN
NaN
NaN
NaN
NaN
NaN
NaN
NaN
NaN
NaN
NaN
NaN
NaN
NaN
NaN
NaN
NaN
NaN
NaN
NaN
NaN
NaN
NaN
NaN
NaN
NaN
NaN
NaN
NaN
NaN
NaN
NaN
NaN
NaN
NaN
NaN
NaN
NaN
NaN
NaN
NaN
NaN
NaN
NaN
NaN
NaN
NaN
NaN
NaN
NaN
NaN
NaN
NaN
NaN
NaN
NaN
NaN
NaN
NaN
NaN
NaN
NaN
NaN
NaN
NaN
NaN
NaN
NaN
NaN
NaN
NaN
NaN
NaN
NaN
NaN
NaN
NaN
NaN
NaN
NaN
NaN
NaN
NaN
NaN
NaN
NaN
NaN
NaN
NaN
NaN
NaN
NaN
NaN
NaN
NaN
NaN
NaN
NaN
NaN
NaN
NaN
NaN
NaN
NaN
NaN
NaN
NaN
NaN
NaN
NaN
NaN
NaN
NaN
NaN
NaN
NaN
NaN
NaN
NaN
NaN
NaN
NaN
NaN
NaN
NaN
NaN
NaN
NaN
NaN
NaN
NaN
NaN
NaN
NaN
NaN
NaN
NaN
NaN
NaN
NaN
NaN
NaN
NaN
NaN
NaN
NaN
NaN
NaN
NaN
NaN
NaN
NaN
NaN
NaN
NaN
NaN
NaN
NaN
NaN
NaN
NaN
NaN
NaN
NaN
NaN
NaN
NaN
NaN
NaN
NaN
NaN
NaN
NaN
NaN
NaN
NaN
NaN
NaN
NaN
NaN
NaN
NaN
NaN
NaN
NaN
NaN
NaN
NaN
NaN
NaN
NaN
NaN
NaN
NaN
NaN
NaN
NaN
NaN
NaN
NaN
NaN
NaN
NaN
NaN
NaN
NaN
NaN
NaN
NaN
NaN
NaN
NaN
NaN
NaN
NaN
NaN
NaN
NaN
NaN
NaN
NaN
NaN
NaN
NaN
NaN
NaN
NaN
NaN
NaN
NaN
NaN
NaN
NaN
NaN
NaN
NaN
NaN
NaN
NaN
NaN
NaN
NaN
NaN
NaN
NaN
NaN
NaN
NaN
NaN
NaN
NaN
NaN
NaN
NaN
NaN
NaN
NaN
NaN
NaN
NaN
NaN
NaN
NaN
NaN
NaN
NaN
NaN
NaN
NaN
NaN
NaN
NaN
NaN
NaN
NaN
NaN
NaN
NaN
NaN
NaN
NaN
NaN
NaN
NaN
NaN
NaN
NaN
NaN
NaN
NaN
NaN
NaN
NaN
NaN
NaN
NaN
NaN
NaN
NaN
NaN
NaN
NaN
NaN
NaN
NaN
NaN
NaN
NaN
NaN
NaN
NaN
NaN
NaN
NaN
NaN
NaN
NaN
NaN
NaN
NaN
NaN
NaN
NaN
NaN
NaN
NaN
NaN
NaN
NaN
NaN
NaN
NaN
NaN
NaN
NaN
NaN
NaN
NaN
NaN
NaN
NaN
NaN
NaN
NaN
NaN
NaN
NaN
NaN
NaN
NaN
NaN
NaN
NaN
NaN
NaN
NaN
NaN
NaN
NaN
NaN
NaN
NaN
NaN
NaN
NaN
NaN
NaN
NaN
NaN
NaN
NaN
NaN
NaN
NaN
NaN
NaN
NaN
NaN
NaN
NaN
NaN
NaN
NaN
NaN
NaN
NaN
NaN
NaN
NaN
NaN
NaN
NaN
NaN
NaN
NaN
NaN
NaN
NaN
NaN
NaN
NaN
NaN
NaN
NaN
NaN
NaN
NaN
NaN
NaN
NaN
NaN
NaN
NaN
NaN
NaN
NaN
NaN
NaN
NaN
NaN
NaN
NaN
NaN
NaN
NaN
NaN
NaN
NaN
NaN
NaN
NaN
NaN
NaN
NaN
NaN
NaN
NaN
NaN
NaN
NaN
NaN
NaN
NaN
NaN
NaN
NaN
NaN
NaN
NaN
NaN
NaN
NaN
NaN
NaN
NaN
NaN
NaN
NaN
NaN
NaN
NaN
NaN
NaN
NaN
NaN
NaN
NaN
NaN
NaN
NaN
NaN
NaN
NaN
NaN
NaN
NaN
NaN
NaN
NaN
NaN
NaN
NaN
NaN
NaN
NaN
NaN
NaN
NaN
NaN
NaN
NaN
NaN
NaN
NaN
NaN
NaN
NaN
NaN
NaN
NaN
NaN
NaN
NaN
NaN
NaN
NaN
NaN
NaN
NaN
NaN
NaN
NaN
NaN
NaN
NaN
NaN
NaN
NaN
NaN
NaN
NaN
NaN
NaN
NaN
NaN
NaN
NaN
NaN
NaN
NaN
NaN
NaN
NaN
NaN
NaN
NaN
NaN
NaN
NaN
NaN
NaN
NaN
NaN
NaN
NaN
NaN
NaN
NaN
NaN
NaN
NaN
NaN
NaN
NaN
NaN
NaN
NaN
NaN
NaN
NaN
NaN
NaN
NaN
NaN
NaN
NaN
NaN
NaN
NaN
NaN
NaN
NaN
NaN
NaN
NaN
