0.03927680798004988
0.07356608478802992
0.20012468827930174
0.30423940149625933
0.3802992518703242
0.4376558603491272
0.48815461346633415
0.5155860349127183
0.5062344139650873
0.45074812967581046
0.5554862842892768
0.5261845386533667
0.5629675810473816
0.6783042394014963
0.6384039900249376
0.6066084788029925
0.6265586034912719
0.5143391521197007
0.44201995012468825
0.46945137157107236
0.502493765586035
0.543640897755611
0.5199501246882793
0.5399002493765586
0.5261845386533666
0.5430174563591023
0.591645885286783
0.7069825436408977
0.5879052369077307
0.6876558603491272
0.6664588528678304
0.713216957605985
0.7687032418952618
0.7768079800498753
0.786783042394015
0.7300498753117207
0.7281795511221946
0.7998753117206983
0.7281795511221946
0.8553615960099751
0.908354114713217
0.9052369077306732
0.8291770573566085
0.8397755610972568
0.8123441396508728
0.7630922693266833
0.8154613466334164
0.8117206982543641
0.9120947630922693
0.8859102244389028
0.9039900249376558
0.8435162094763091
0.8447630922693267
0.8622194513715711
0.8709476309226931
0.8678304239401496
0.8765586034912718
0.8341645885286784
0.8129675810473815
0.8223192019950125
0.8167082294264338
0.7599750623441397
0.7350374064837905
0.692643391521197
0.655860349127182
0.6552369077306734
0.7562344139650873
0.7512468827930174
0.814214463840399
0.7861596009975061
0.8185785536159601
0.8497506234413965
0.7923940149625935
0.8135910224438903
0.8104738154613467
0.8266832917705735
0.8547381546134662
0.8908977556109725
0.7880299251870324
0.7693266832917706
0.800498753117207
0.8198254364089776
0.8609725685785536
0.864713216957606
0.8061097256857854
0.8802992518703241
0.8840399002493766
0.9145885286783042
0.9158354114713217
0.8983790523690772
0.9027431421446385
0.9233167082294265
0.7861596009975063
0.8815461346633416
0.8653366583541147
0.8859102244389028
0.9432668329177057
0.841645885286783
0.7817955112219451
0.7842892768079801
0.8759351620947631
0.8310473815461347
0.8665835411471322
0.9133416458852868
0.8859102244389028
0.8703241895261846
0.9501246882793017
0.8952618453865338
0.9052369077306732
0.804862842892768
0.8023690773067331
0.7699501246882793
0.8534912718204488
0.9239401496259352
0.9120947630922693
0.8534912718204488
0.8354114713216958
0.8354114713216958
0.8117206982543641
0.9164588528678304
0.7724438902743141
0.8784289276807979
0.722568578553616
0.7331670822942643
0.71571072319202
0.7562344139650873
0.8672069825436408
0.8198254364089775
0.8441396508728181
0.837281795511222
0.8410224438902743
0.8241895261845387
0.8204488778054861
0.809850374064838
0.7007481296758105
0.7980049875311721
0.8721945137157108
0.9039900249376558
0.8821695760598504
0.8541147132169575
0.8603491271820449
0.7923940149625935
0.7768079800498753
0.6072319201995012
0.6421446384039899
0.7711970074812968
0.7275561097256859
0.8023690773067331
0.7487531172069825
0.6346633416458853
0.6845386533665836
0.64214463840399
0.6589775561097257
0.7680798004987531
0.7194513715710723
0.7493765586034913
0.6951371571072319
0.5978802992518704
0.6720698254364089
0.5822942643391522
0.6103491271820448
0.5953865336658355
0.5791770573566084
0.6221945137157107
0.7069825436408977
0.7450124688279302
0.768703241895262
0.7880299251870324
0.9071072319201995
0.8509975062344141
0.8640897755610972
0.8123441396508728
0.850997506234414
0.9226932668329177
0.8453865336658354
0.8734413965087282
0.809850374064838
0.7643391521197007
0.8092269326683291
0.7481296758104738
0.6889027431421446
0.729426433915212
0.7899002493765587
0.7892768079800498
0.8061097256857855
0.7562344139650874
0.6926433915211969
0.6645885286783042
0.662718204488778
0.669576059850374
0.7344139650872817
0.6701995012468828
0.587281795511222
0.5841645885286784
0.5997506234413965
0.6982543640897755
0.6539900249376558
0.6508728179551122
0.6677057356608479
0.7468827930174564
0.798004987531172
0.7556109725685786
0.6745635910224439
0.6496259351620948
0.6864089775561097
0.6377805486284289
0.6882793017456359
0.7100997506234414
0.6864089775561097
0.726932668329177
0.672069825436409
0.7188279301745636
0.699501246882793
0.7462593516209476
0.7288029925187032
0.6508728179551122
0.6471321695760598
0.7306733167082293
0.740648379052369
0.7562344139650873
0.827930174563591
0.8603491271820449
0.8615960099750624
0.7886533665835411
0.78428927680798
0.6976309226932669
0.6315461346633416
0.6390274314214464
0.6889027431421447
0.7019950124688279
0.770573566084788
0.8142144638403991
0.8697007481296758
0.8796758104738154
0.9077306733167083
0.830423940149626
0.733790523690773
0.7780548628428927
0.8054862842892768
0.8634663341645885
0.8354114713216957
0.8385286783042395
0.7905236907730673
0.8223192019950124
0.8266832917705735
0.7306733167082294
0.809850374064838
0.8248129675810473
0.8366583541147132
0.9114713216957606
0.8298004987531172
0.7325436408977556
0.7506234413965088
0.8079800498753117
0.7917705735660848
0.7425187032418953
0.7549875311720698
0.6577306733167083
0.6072319201995012
0.6028678304239401
0.7743142144638404
0.6571072319201994
0.7811720698254364
0.7955112219451372
0.7930174563591021
0.8354114713216958
0.8110972568578554
0.8472568578553615
0.8778054862842892
0.7655860349127181
0.7057356608478803
0.7038653366583542
0.7063591022443889
0.7443890274314213
0.7668329177057357
0.7923940149625935
0.7300498753117206
0.7188279301745636
0.7418952618453865
0.6889027431421447
0.6327930174563592
0.6265586034912718
0.6153366583541147
0.506857855361596
0.5822942643391521
0.6701995012468828
0.6203241895261846
0.7138403990024937
0.7618453865336658
0.67643391521197
0.6645885286783042
0.5978802992518703
0.5847880299251871
0.5099750623441397
0.5268079800498754
0.5835411471321695
0.6028678304239401
0.6789276807980049
0.7281795511221946
0.7256857855361596
0.692643391521197
0.708852867830424
0.67643391521197
0.6739401496259352
0.6384039900249376
0.7082294264339152
0.7238154613466334
0.7019950124688279
0.5741895261845387
0.6670822942643392
0.7425187032418953
0.6371571072319202
0.6689526184538653
0.6190773067331672
0.5997506234413965
0.6228179551122195
0.6259351620947631
0.7007481296758105
0.6471321695760599
0.6664588528678305
0.6539900249376558
0.7263092269326683
0.731296758104738
0.7356608478802993
0.7630922693266833
0.8110972568578554
0.8360349127182045
0.8385286783042394
0.8229426433915211
0.9177057356608478
0.885286783042394
0.8765586034912718
0.8547381546134664
0.8591022443890275
0.8809226932668329
0.8865336658354114
0.8304239401496261
0.8534912718204488
0.8366583541147132
0.7630922693266833
0.6639650872817955
0.621571072319202
0.6427680798004988
0.6221945137157107
0.6115960099750624
0.5810473815461346
0.520573566084788
0.5392768079800498
0.48503740648379046
0.39962593516209477
0.46571072319202
0.405860349127182
0.3697007481296758
0.3983790523690773
0.4663341645885286
0.4769326683291771
0.5922693266832917
0.6091022443890275
0.6346633416458852
0.6034912718204488
0.57356608478803
0.5324189526184538
0.45885286783042395
0.5056109725685786
0.6178304239401496
0.6807980049875312
0.8054862842892768
0.8634663341645885
0.7905236907730673
0.8104738154613467
0.8715710723192021
0.8497506234413965
0.830423940149626
0.8927680798004988
0.8684538653366582
0.85785536159601
0.7830423940149627
0.7506234413965087
0.7213216957605986
0.7736907730673317
0.8098503740648378
0.807356608478803
0.8310473815461348
0.7755610972568577
0.7599750623441397
0.6820448877805486
0.6907730673316708
0.8017456359102245
0.8472568578553615
0.8316708229426434
0.8229426433915212
0.7899002493765586
0.8690773067331672
0.855361596009975
0.8447630922693268
0.7955112219451372
0.7880299251870324
0.8933915211970075
0.82356608478803
0.7749376558603491
0.8310473815461346
0.8079800498753117
0.7599750623441396
0.7481296758104738
0.7088528678304239
0.6913965087281796
0.7281795511221945
0.7450124688279302
0.7150872817955112
0.8067331670822944
0.8123441396508728
0.834788029925187
0.8185785536159601
0.8036159600997506
0.7593516209476309
0.7169576059850374
0.7394014962593517
0.7194513715710724
0.8036159600997507
0.9071072319201995
0.8447630922693268
0.8023690773067331
0.8079800498753116
0.7936408977556111
0.8229426433915212
0.9133416458852868
0.8971321695760599
0.8584788029925187
0.8653366583541147
0.9039900249376559
0.8672069825436408
0.8023690773067331
0.7612219451371571
0.7051122194513716
0.7711970074812968
0.8135910224438903
0.8223192019950125
0.8516209476309227
0.8522443890274314
0.830423940149626
0.7400249376558604
0.6920199501246882
0.7206982543640899
0.6483790523690773
0.6901496259351622
0.7157107231920199
0.7094763092269327
0.8135910224438903
0.8597256857855362
0.8185785536159601
0.8086034912718204
0.8366583541147132
0.6546134663341646
0.8117206982543641
0.8753117206982544
0.7892768079800498
0.7973815461346634
0.7967581047381547
0.7543640897755611
0.9058603491271822
0.8908977556109725
0.8665835411471321
0.8665835411471321
0.894638403990025
0.8709476309226933
0.8135910224438903
0.8017456359102244
0.8603491271820448
0.8435162094763091
0.8017456359102244
0.8023690773067331
0.8690773067331672
0.841645885286783
0.8416458852867831
0.830423940149626
0.8379052369077307
0.837281795511222
0.8734413965087282
0.8497506234413965
0.8160847880299251
0.7905236907730673
0.7481296758104737
0.7674563591022444
0.8996259351620948
0.82356608478803
0.7524937655860349
0.7699501246882793
0.738778054862843
0.8148379052369077
0.8478802992518704
0.8933915211970075
0.8628428927680798
0.8983790523690773
0.8628428927680798
0.9058603491271819
0.8054862842892767
0.773067331670823
0.8185785536159602
0.8086034912718205
0.8547381546134665
0.8566084788029925
0.8566084788029926
0.8204488778054864
0.8435162094763092
0.9395261845386533
0.8965087281795512
0.9046134663341646
0.8672069825436409
0.8135910224438903
0.8347880299251871
0.8204488778054863
0.8279301745635911
0.8640897755610972
0.8329177057356608
0.7630922693266833
0.8410224438902744
0.7662094763092269
0.9077306733167081
0.830423940149626
0.8503740648379052
0.7955112219451371
0.8728179551122194
0.8902743142144638
0.9058603491271822
0.8123441396508728
0.7188279301745635
0.7375311720698254
0.85785536159601
0.8204488778054863
0.8179551122194514
0.7780548628428927
0.7524937655860349
0.8079800498753118
0.7998753117206983
0.8996259351620948
0.8865336658354115
0.8354114713216958
0.8796758104738155
0.8859102244389027
0.9021197007481297
0.8254364089775561
0.8023690773067331
0.7967581047381547
0.8416458852867831
0.763715710723192
0.8086034912718205
0.7194513715710723
0.7743142144638403
0.8354114713216958
0.8485037406483792
0.8684538653366584
0.8503740648379051
0.8210723192019951
0.8790523690773067
0.770573566084788
0.8397755610972568
0.8603491271820449
0.8759351620947631
0.8815461346633416
0.9233167082294265
0.8884039900249376
0.8615960099750624
0.8210723192019951
0.8329177057356608
0.8447630922693267
0.8379052369077307
0.8229426433915212
0.8559850374064838
0.7643391521197008
0.7718204488778054
0.7537406483790523
0.6988778054862843
0.6128428927680798
0.6714463840399003
0.8266832917705735
0.8198254364089775
0.7880299251870324
0.7761845386533666
0.733790523690773
0.6789276807980049
0.7306733167082293
0.7219451371571073
0.7369077306733167
0.7169576059850374
0.7294264339152119
0.7206982543640897
0.6521197007481296
0.6596009975062344
0.6508728179551122
0.6309226932668328
0.621571072319202
0.5816708229426434
0.6103491271820449
0.6408977556109726
0.6982543640897756
0.6751870324189525
0.6938902743142145
0.6820448877805487
0.7687032418952618
0.7899002493765586
0.8690773067331671
0.8665835411471321
0.8628428927680798
0.8591022443890274
0.8977556109725686
0.8846633416458853
0.8310473815461346
0.8721945137157108
0.8509975062344138
0.8821695760598502
0.9220698254364089
0.8759351620947631
0.8827930174563591
0.899002493765586
0.905860349127182
0.837281795511222
0.9164588528678305
0.8996259351620948
0.8266832917705735
0.8497506234413964
0.8615960099750624
0.9008728179551123
0.8223192019950125
0.8566084788029925
0.8802992518703241
0.8304239401496261
0.8073566084788031
0.8110972568578554
0.8316708229426434
0.8403990024937655
0.8092269326683292
0.8466334164588529
0.8304239401496258
0.7743142144638403
0.816708229426434
0.8403990024937656
0.9114713216957606
0.9164588528678305
0.8316708229426433
0.8266832917705736
0.7836658354114714
0.7830423940149626
0.75
0.8615960099750624
0.7892768079800498
0.8216957605985038
0.8098503740648378
0.7150872817955112
0.7761845386533666
0.6982543640897756
0.7182044887780549
0.8160847880299251
0.8054862842892768
0.8011221945137157
0.8441396508728181
0.8403990024937655
0.837281795511222
0.821072319201995
0.8254364089775561
0.7225685785536159
0.7967581047381546
0.695137157107232
0.6932668329177059
0.6440149625935162
0.692643391521197
0.5685785536159601
0.6639650872817955
0.7125935162094763
0.7537406483790523
0.7107231920199502
0.7450124688279303
0.7612219451371571
0.8036159600997506
0.9513715710723192
0.8584788029925188
0.7562344139650873
0.7724438902743141
0.841645885286783
0.8073566084788031
0.8329177057356608
0.7930174563591023
0.8073566084788031
0.8659600997506235
0.8740648379052369
0.8285536159600997
0.8354114713216958
0.7350374064837905
0.6957605985037406
0.8329177057356608
0.7967581047381546
0.786783042394015
0.8728179551122195
0.9183291770573566
0.7842892768079801
0.8709476309226932
0.7456359102244389
0.7649625935162094
0.6677057356608479
0.6857855361596009
0.6639650872817955
0.6371571072319202
0.6758104738154613
0.67643391521197
0.6963840399002493
0.6976309226932668
0.7437655860349127
0.7724438902743141
0.7026184538653367
0.6396508728179551
0.6951371571072319
0.75
0.8017456359102244
0.8902743142144638
0.8983790523690772
0.8690773067331671
0.7942643391521197
0.7942643391521197
0.8011221945137157
0.7182044887780549
0.7100997506234414
0.7281795511221946
0.6951371571072319
0.7319201995012469
0.6608478802992519
0.754364089775561
0.8023690773067332
0.7250623441396509
0.7830423940149626
0.7506234413965087
0.7468827930174564
0.6982543640897756
0.7113466334164589
0.726932668329177
0.7144638403990025
0.7356608478802993
0.6259351620947631
0.6577306733167082
0.6652119700748129
0.6870324189526185
0.7319201995012469
0.798004987531172
0.8273067331670823
0.8266832917705735
0.7948877805486284
0.8160847880299251
0.8023690773067331
0.7911471321695761
0.8915211970074812
0.7749376558603491
0.7874064837905237
NaN
NaN
NaN
NaN
NaN
NaN
NaN
NaN
NaN
NaN
NaN
NaN
NaN
NaN
NaN
NaN
NaN
NaN
NaN
NaN
NaN
NaN
NaN
NaN
NaN
NaN
NaN
NaN
NaN
NaN
NaN
NaN
NaN
NaN
NaN
NaN
NaN
NaN
NaN
NaN
NaN
NaN
NaN
NaN
NaN
NaN
NaN
NaN
NaN
NaN
NaN
NaN
NaN
NaN
NaN
NaN
NaN
NaN
NaN
NaN
NaN
NaN
NaN
NaN
NaN
NaN
NaN
NaN
NaN
NaN
NaN
NaN
NaN
NaN
NaN
NaN
NaN
NaN
NaN
NaN
NaN
NaN
NaN
NaN
NaN
NaN
NaN
NaN
NaN
NaN
NaN
NaN
NaN
NaN
NaN
NaN
NaN
NaN
NaN
NaN
NaN
NaN
NaN
NaN
NaN
NaN
NaN
NaN
NaN
NaN
NaN
NaN
NaN
NaN
NaN
NaN
NaN
NaN
NaN
NaN
NaN
NaN
NaN
NaN
NaN
NaN
NaN
NaN
NaN
NaN
NaN
NaN
NaN
NaN
NaN
NaN
NaN
NaN
NaN
NaN
NaN
NaN
NaN
NaN
NaN
NaN
NaN
NaN
NaN
NaN
NaN
NaN
NaN
NaN
NaN
NaN
NaN
NaN
NaN
NaN
NaN
NaN
NaN
NaN
NaN
NaN
NaN
NaN
NaN
NaN
NaN
NaN
NaN
NaN
NaN
NaN
NaN
NaN
NaN
NaN
NaN
NaN
NaN
NaN
NaN
NaN
NaN
NaN
NaN
NaN
NaN
NaN
NaN
NaN
NaN
NaN
NaN
NaN
NaN
NaN
NaN
NaN
NaN
NaN
NaN
NaN
NaN
NaN
NaN
NaN
NaN
NaN
NaN
NaN
NaN
NaN
NaN
NaN
NaN
NaN
NaN
NaN
NaN
NaN
NaN
NaN
NaN
NaN
NaN
NaN
NaN
NaN
NaN
NaN
NaN
NaN
NaN
NaN
NaN
NaN
NaN
NaN
NaN
NaN
NaN
NaN
NaN
NaN
NaN
NaN
NaN
NaN
NaN
NaN
NaN
NaN
NaN
NaN
NaN
NaN
NaN
NaN
NaN
NaN
NaN
NaN
NaN
NaN
NaN
NaN
NaN
NaN
NaN
NaN
NaN
NaN
NaN
NaN
NaN
NaN
NaN
NaN
NaN
NaN
NaN
NaN
NaN
NaN
NaN
NaN
NaN
NaN
NaN
NaN
NaN
NaN
NaN
NaN
NaN
NaN
NaN
NaN
NaN
NaN
NaN
NaN
NaN
NaN
NaN
NaN
NaN
NaN
NaN
NaN
NaN
NaN
NaN
NaN
NaN
NaN
NaN
NaN
NaN
NaN
NaN
NaN
NaN
NaN
NaN
NaN
NaN
NaN
NaN
NaN
NaN
NaN
NaN
NaN
NaN
NaN
NaN
NaN
NaN
NaN
NaN
NaN
NaN
NaN
NaN
NaN
NaN
NaN
NaN
NaN
NaN
NaN
NaN
NaN
NaN
NaN
NaN
NaN
NaN
NaN
NaN
NaN
NaN
NaN
NaN
NaN
NaN
NaN
NaN
NaN
NaN
NaN
NaN
NaN
NaN
NaN
NaN
NaN
NaN
NaN
NaN
NaN
NaN
NaN
NaN
NaN
NaN
NaN
NaN
NaN
NaN
NaN
NaN
NaN
NaN
NaN
NaN
NaN
NaN
NaN
NaN
NaN
NaN
NaN
NaN
NaN
NaN
NaN
NaN
NaN
NaN
NaN
NaN
NaN
NaN
NaN
NaN
NaN
NaN
NaN
NaN
NaN
NaN
NaN
NaN
NaN
NaN
NaN
NaN
NaN
NaN
NaN
NaN
NaN
NaN
NaN
NaN
NaN
NaN
NaN
NaN
NaN
NaN
NaN
NaN
NaN
NaN
NaN
NaN
NaN
NaN
NaN
NaN
NaN
NaN
NaN
NaN
NaN
NaN
NaN
NaN
NaN
NaN
NaN
NaN
NaN
NaN
NaN
NaN
NaN
NaN
NaN
NaN
NaN
NaN
NaN
NaN
NaN
NaN
NaN
NaN
NaN
NaN
NaN
NaN
NaN
NaN
NaN
NaN
NaN
NaN
NaN
NaN
NaN
NaN
NaN
NaN
NaN
NaN
NaN
NaN
NaN
NaN
NaN
NaN
NaN
NaN
NaN
NaN
NaN
NaN
NaN
NaN
NaN
NaN
NaN
NaN
NaN
NaN
NaN
NaN
NaN
NaN
NaN
NaN
NaN
NaN
NaN
NaN
NaN
NaN
NaN
NaN
NaN
NaN
NaN
NaN
NaN
NaN
NaN
NaN
NaN
NaN
NaN
NaN
NaN
NaN
NaN
NaN
NaN
NaN
NaN
NaN
NaN
NaN
NaN
NaN
NaN
NaN
NaN
NaN
NaN
NaN
NaN
NaN
NaN
NaN
NaN
NaN
NaN
NaN
NaN
NaN
NaN
NaN
NaN
NaN
NaN
NaN
NaN
NaN
NaN
NaN
NaN
NaN
NaN
NaN
NaN
NaN
NaN
NaN
NaN
NaN
NaN
NaN
NaN
NaN
NaN
NaN
NaN
NaN
NaN
NaN
NaN
NaN
NaN
NaN
NaN
NaN
NaN
NaN
NaN
NaN
NaN
NaN
NaN
NaN
NaN
NaN
NaN
NaN
NaN
NaN
NaN
NaN
NaN
NaN
NaN
NaN
NaN
NaN
NaN
NaN
NaN
NaN
NaN
NaN
NaN
NaN
NaN
NaN
NaN
NaN
NaN
NaN
NaN
NaN
NaN
NaN
NaN
NaN
NaN
NaN
NaN
NaN
NaN
NaN
NaN
NaN
NaN
NaN
NaN
NaN
NaN
NaN
NaN
NaN
NaN
NaN
NaN
NaN
NaN
NaN
NaN
NaN
NaN
NaN
NaN
NaN
NaN
NaN
NaN
NaN
NaN
NaN
NaN
NaN
NaN
NaN
NaN
NaN
NaN
NaN
NaN
NaN
NaN
NaN
NaN
NaN
NaN
NaN
NaN
NaN
NaN
NaN
NaN
NaN
NaN
NaN
NaN
NaN
NaN
NaN
NaN
NaN
NaN
NaN
NaN
NaN
NaN
NaN
NaN
NaN
NaN
NaN
NaN
NaN
NaN
NaN
NaN
NaN
NaN
NaN
NaN
NaN
NaN
NaN
NaN
NaN
NaN
NaN
NaN
NaN
NaN
NaN
NaN
NaN
NaN
NaN
NaN
NaN
NaN
NaN
NaN
NaN
NaN
NaN
NaN
NaN
NaN
NaN
NaN
NaN
NaN
NaN
NaN
NaN
NaN
NaN
NaN
NaN
NaN
NaN
NaN
NaN
NaN
NaN
NaN
NaN
NaN
NaN
NaN
NaN
NaN
NaN
NaN
NaN
NaN
NaN
NaN
NaN
NaN
NaN
NaN
NaN
NaN
NaN
NaN
NaN
NaN
NaN
NaN
NaN
NaN
NaN
NaN
NaN
NaN
NaN
NaN
NaN
NaN
NaN
NaN
NaN
NaN
NaN
NaN
NaN
NaN
NaN
NaN
NaN
NaN
NaN
NaN
NaN
NaN
NaN
NaN
NaN
NaN
NaN
NaN
NaN
NaN
NaN
NaN
NaN
NaN
NaN
NaN
NaN
NaN
NaN
NaN
NaN
NaN
NaN
NaN
NaN
NaN
NaN
NaN
NaN
NaN
NaN
NaN
NaN
NaN
NaN
NaN
NaN
NaN
NaN
NaN
NaN
NaN
NaN
NaN
NaN
NaN
NaN
NaN
NaN
NaN
NaN
NaN
NaN
NaN
NaN
NaN
NaN
NaN
NaN
NaN
NaN
NaN
NaN
NaN
NaN
NaN
NaN
NaN
NaN
NaN
NaN
NaN
NaN
NaN
NaN
NaN
NaN
NaN
NaN
NaN
NaN
NaN
NaN
NaN
NaN
NaN
NaN
NaN
NaN
NaN
NaN
NaN
NaN
NaN
NaN
NaN
NaN
NaN
NaN
NaN
NaN
NaN
NaN
NaN
NaN
NaN
NaN
NaN
NaN
NaN
NaN
NaN
NaN
NaN
NaN
NaN
NaN
NaN
NaN
NaN
NaN
NaN
NaN
NaN
NaN
NaN
NaN
NaN
NaN
NaN
NaN
NaN
NaN
NaN
NaN
NaN
NaN
NaN
NaN
NaN
NaN
NaN
NaN
NaN
NaN
NaN
NaN
NaN
NaN
NaN
NaN
NaN
NaN
NaN
NaN
NaN
NaN
NaN
NaN
NaN
NaN
NaN
NaN
NaN
NaN
NaN
NaN
NaN
NaN
NaN
NaN
NaN
NaN
NaN
NaN
NaN
NaN
NaN
NaN
NaN
NaN
NaN
NaN
NaN
NaN
NaN
NaN
NaN
NaN
NaN
NaN
NaN
NaN
NaN
NaN
NaN
NaN
NaN
NaN
NaN
NaN
NaN
NaN
NaN
NaN
NaN
NaN
NaN
NaN
NaN
NaN
NaN
NaN
NaN
NaN
NaN
NaN
NaN
NaN
NaN
NaN
NaN
NaN
NaN
NaN
NaN
NaN
NaN
NaN
NaN
NaN
NaN
NaN
NaN
NaN
NaN
NaN
NaN
NaN
NaN
NaN
NaN
NaN
NaN
NaN
NaN
NaN
NaN
NaN
NaN
NaN
NaN
NaN
NaN
NaN
NaN
NaN
NaN
NaN
NaN
NaN
NaN
NaN
NaN
NaN
NaN
NaN
NaN
NaN
NaN
NaN
NaN
NaN
NaN
NaN
NaN
NaN
NaN
NaN
NaN
NaN
NaN
NaN
NaN
NaN
NaN
NaN
NaN
NaN
NaN
NaN
NaN
NaN
NaN
NaN
NaN
NaN
NaN
NaN
NaN
NaN
NaN
NaN
NaN
NaN
NaN
NaN
NaN
NaN
NaN
NaN
NaN
NaN
NaN
NaN
NaN
NaN
NaN
NaN
NaN
NaN
NaN
NaN
NaN
NaN
NaN
NaN
NaN
NaN
NaN
NaN
NaN
NaN
NaN
NaN
NaN
NaN
NaN
NaN
NaN
NaN
NaN
NaN
NaN
NaN
NaN
NaN
NaN
NaN
NaN
NaN
NaN
NaN
NaN
NaN
NaN
NaN
NaN
NaN
NaN
NaN
NaN
NaN
NaN
NaN
NaN
NaN
NaN
NaN
NaN
NaN
NaN
NaN
NaN
NaN
NaN
NaN
NaN
NaN
NaN
NaN
NaN
NaN
NaN
NaN
NaN
NaN
NaN
NaN
NaN
NaN
NaN
NaN
NaN
NaN
NaN
NaN
NaN
NaN
NaN
NaN
NaN
NaN
NaN
NaN
NaN
NaN
NaN
NaN
NaN
NaN
NaN
NaN
NaN
NaN
NaN
NaN
NaN
NaN
NaN
NaN
NaN
NaN
NaN
NaN
NaN
NaN
NaN
NaN
NaN
NaN
NaN
NaN
NaN
NaN
NaN
NaN
NaN
NaN
NaN
NaN
NaN
NaN
NaN
NaN
NaN
NaN
NaN
NaN
NaN
NaN
NaN
NaN
NaN
NaN
NaN
NaN
NaN
NaN
NaN
NaN
NaN
NaN
NaN
NaN
NaN
NaN
NaN
NaN
NaN
NaN
NaN
NaN
NaN
NaN
NaN
NaN
NaN
NaN
NaN
NaN
NaN
NaN
NaN
NaN
NaN
NaN
NaN
NaN
NaN
NaN
NaN
NaN
NaN
NaN
NaN
NaN
NaN
NaN
NaN
NaN
NaN
NaN
NaN
NaN
NaN
NaN
NaN
NaN
NaN
NaN
NaN
NaN
NaN
NaN
NaN
NaN
NaN
NaN
NaN
NaN
NaN
NaN
NaN
NaN
NaN
NaN
NaN
NaN
NaN
NaN
NaN
NaN
NaN
NaN
NaN
NaN
NaN
NaN
NaN
NaN
NaN
NaN
NaN
NaN
NaN
NaN
NaN
NaN
NaN
NaN
NaN
NaN
NaN
NaN
NaN
NaN
NaN
NaN
NaN
NaN
NaN
NaN
NaN
NaN
NaN
NaN
NaN
NaN
NaN
NaN
NaN
NaN
NaN
NaN
NaN
NaN
NaN
NaN
NaN
NaN
NaN
NaN
NaN
NaN
NaN
NaN
NaN
NaN
NaN
NaN
NaN
NaN
NaN
NaN
NaN
NaN
NaN
NaN
NaN
NaN
NaN
NaN
NaN
NaN
NaN
NaN
NaN
NaN
NaN
NaN
NaN
NaN
NaN
NaN
NaN
NaN
NaN
NaN
NaN
NaN
NaN
NaN
NaN
NaN
NaN
NaN
NaN
NaN
NaN
NaN
NaN
NaN
NaN
NaN
NaN
NaN
NaN
NaN
NaN
NaN
NaN
NaN
NaN
NaN
NaN
NaN
NaN
NaN
NaN
NaN
NaN
NaN
NaN
NaN
NaN
NaN
NaN
NaN
NaN
NaN
NaN
NaN
NaN
NaN
NaN
NaN
NaN
NaN
NaN
NaN
NaN
NaN
NaN
NaN
NaN
NaN
NaN
NaN
NaN
NaN
NaN
NaN
NaN
NaN
NaN
NaN
NaN
NaN
NaN
NaN
NaN
NaN
NaN
NaN
NaN
NaN
NaN
NaN
NaN
NaN
NaN
NaN
NaN
NaN
NaN
NaN
NaN
NaN
NaN
NaN
NaN
NaN
NaN
NaN
NaN
NaN
NaN
NaN
NaN
NaN
NaN
NaN
NaN
NaN
NaN
NaN
NaN
NaN
NaN
NaN
NaN
NaN
NaN
NaN
NaN
NaN
NaN
NaN
NaN
NaN
NaN
NaN
NaN
NaN
NaN
NaN
NaN
NaN
NaN
NaN
NaN
NaN
NaN
NaN
NaN
NaN
NaN
NaN
NaN
NaN
NaN
NaN
NaN
NaN
NaN
NaN
NaN
NaN
NaN
NaN
NaN
NaN
NaN
NaN
NaN
NaN
NaN
NaN
NaN
NaN
NaN
NaN
NaN
NaN
NaN
NaN
NaN
NaN
NaN
NaN
NaN
NaN
NaN
NaN
NaN
NaN
NaN
NaN
NaN
NaN
NaN
NaN
NaN
NaN
NaN
NaN
NaN
NaN
NaN
NaN
NaN
NaN
NaN
NaN
NaN
NaN
NaN
NaN
NaN
NaN
NaN
NaN
NaN
NaN
NaN
NaN
NaN
NaN
NaN
NaN
NaN
NaN
NaN
NaN
NaN
NaN
NaN
NaN
NaN
NaN
NaN
NaN
NaN
NaN
NaN
NaN
NaN
NaN
NaN
NaN
NaN
NaN
NaN
NaN
NaN
NaN
NaN
NaN
NaN
NaN
NaN
NaN
NaN
NaN
NaN
NaN
NaN
NaN
NaN
NaN
NaN
NaN
NaN
NaN
NaN
NaN
NaN
NaN
NaN
NaN
NaN
NaN
NaN
NaN
NaN
NaN
NaN
NaN
NaN
NaN
NaN
NaN
NaN
NaN
NaN
NaN
NaN
NaN
NaN
NaN
NaN
NaN
NaN
NaN
NaN
NaN
NaN
NaN
NaN
NaN
NaN
NaN
NaN
NaN
NaN
NaN
NaN
NaN
NaN
