0.684850374064838
0.9339152119700748
0.9373441396508728
0.924563591022444
0.9201995012468829
0.9136533665835412
0.9413965087281795
0.9248753117206984
0.9279925187032418
0.9170822942643392
0.9139650872817955
0.927992518703242
0.9379675810473816
0.9233167082294264
0.9086658354114714
0.9283042394014962
0.9311097256857855
0.9177057356608478
0.9074189526184538
0.933291770573566
0.9348503740648378
0.9410847880299252
0.925498753117207
0.9139650872817957
0.924563591022444
0.9142768079800498
0.9373441396508728
0.9339152119700749
0.9192643391521197
0.8902743142144638
0.9233167082294264
0.916147132169576
0.9158354114713216
0.9214463840399002
0.9139650872817955
0.9314214463840399
0.932356608478803
0.9354738154613466
0.9133416458852869
0.9139650872817955
0.8743765586034912
0.8999376558603491
0.9258104738154613
0.928927680798005
0.925498753117207
0.9136533665835411
0.9395261845386534
0.9192643391521198
0.924563591022444
0.9242518703241895
0.8993142144638404
0.9208229426433916
0.9535536159600998
0.920511221945137
0.9404613466334164
0.9145885286783043
0.9245635910224439
0.928927680798005
0.9292394014962594
0.9351620947630922
0.9473192019950124
0.92643391521197
0.9183291770573565
0.9164588528678302
0.8912094763092269
0.9164588528678304
0.9092892768079801
0.9177057356608479
0.9195760598503742
0.9510598503740647
0.9354738154613466
0.8918329177057357
0.8993142144638404
0.9236284289276808
0.9314214463840399
0.9367206982543641
0.9155236907730673
0.9273690773067332
0.9180174563591021
0.9295511221945136
0.9226932668329179
0.9445137157107233
0.9133416458852868
0.921134663341646
0.9289276807980049
0.9208229426433915
0.8968204488778054
0.9130299251870325
0.924563591022444
0.9108478802992519
0.9111596009975063
0.9214463840399002
0.9170822942643393
0.9329800498753118
0.9211346633416458
0.9292394014962594
0.9345386533665836
0.9326683291770574
0.9417082294264338
0.9226932668329176
0.9135494596841229
0.9190911609864229
0.9287891382654474
0.9312829038514825
0.9213078415073428
0.8822388473261291
0.917428650595733
0.9310058187863672
0.9024660570795235
0.9027431421446384
0.9318370739817124
0.9321141590468272
0.8927680798004987
0.9201995012468827
0.9113327791632031
0.943197561651427
0.9207536713771128
0.9459684123025769
0.9492934330839569
0.9323912441119424
0.9395954558049322
0.9177057356608478
0.9296203934607923
0.9129952895538932
0.9185369908561929
0.9426433915211968
0.9298974785259073
0.9254641174840675
0.9362704350235522
0.917428650595733
0.9340537545026323
0.9226932668329179
0.9077306733167083
0.913272374619008
0.9171515655306178
0.9218620116375728
0.9074535882515933
0.9113327791632031
0.9379329454142421
0.9368246051537822
0.9254641174840675
0.9213078415073428
0.9057910778609034
0.9443059019118869
0.8983097811027986
0.9168744804655028
0.8761429758935994
0.8858409531726241
0.9420892213909671
0.9102244389027432
0.9334995843724023
0.9362704350235523
0.9226932668329177
0.9066223330562482
0.939872540870047
0.9274037129398727
0.9257412025491826
0.9099473538376281
0.9387642006095871
0.9285120532003326
0.9038514824050985
0.938210030479357
0.9013577168190634
0.9196453311166528
0.921030756442228
0.9276807980049876
0.9362704350235523
0.9467996674979218
0.9346079246328622
0.9318370739817124
0.9257412025491826
0.9290662233305625
0.9318370739817124
0.9298974785259075
0.9293433083956776
0.9105015239678581
0.8933222499307286
0.9080077583818231
0.9351620947630924
0.9257412025491827
0.9373787752840121
0.940426711000277
0.9174286505957328
0.9243557772236076
0.9210307564422278
0.9334995843724023
0.9296203934607925
0.9215849265724577
0.9279578830701026
0.9268495428096425
0.8949847603214187
0.884178442781934
0.8880576336935438
0.9318370739817124
0.9404267110002772
0.9226932668329177
0.9163203103352728
0.9238016070933777
0.8830701025214741
0.9232474369631477
0.9180174563591021
0.9155236907730673
0.9242518703241894
0.9283042394014962
0.9336034912718204
0.9189526184538653
0.911783042394015
0.8968204488778055
0.9086658354114713
0.912718204488778
0.9145885286783043
0.9155236907730673
0.9086658354114713
0.8908977556109725
0.8709476309226931
0.9061720698254364
0.9389027431421446
0.9043017456359103
0.9052369077306732
0.9027431421446384
0.9133416458852868
0.9367206982543641
0.9379675810473815
0.938279301745636
0.9058603491271819
0.8986907730673316
0.925498753117207
0.8933915211970075
0.8924563591022445
0.9258104738154613
0.9158354114713217
0.9180174563591021
0.9152119700748129
0.9339152119700749
0.9239401496259352
0.9201995012468828
0.9011845386533666
0.9488778054862842
0.9398379052369077
0.9155236907730673
0.9133416458852868
0.9354738154613466
0.9560473815461346
0.928927680798005
0.9298628428927682
0.9370324189526185
0.9292394014962592
0.9389027431421446
0.9445137157107232
0.9220698254364089
0.9432668329177059
0.9373441396508727
0.9286159600997506
0.9052369077306734
0.9267456359102245
0.905860349127182
0.8902743142144638
0.9096009975062344
0.9145885286783042
0.9242518703241894
0.9130299251870324
0.933291770573566
0.936720698254364
0.9286159600997506
0.9120947630922693
0.9230049875311721
0.9226932668329176
0.9239401496259353
0.9120947630922693
0.9198877805486284
0.9124064837905237
0.9214463840399003
0.9336034912718204
0.8930798004987532
0.9304862842892768
0.9286159600997506
0.9320448877805486
0.8890274314214465
0.9317331670822943
0.9208229426433914
0.9261221945137157
0.9164588528678305
0.9089775561097257
0.9292394014962593
0.8986907730673318
0.9052369077306732
0.9463840399002493
0.9336034912718204
0.9270573566084789
0.9404613466334164
0.9420199501246883
0.929862842892768
0.9370324189526184
0.9177057356608478
0.9345386533665836
0.9289276807980049
0.9002493765586035
0.9014962593516209
0.9264339152119702
0.9258104738154611
0.928927680798005
0.9457605985037406
0.9398379052369077
0.9205112219451371
0.9273690773067332
0.9155236907730674
0.947630922693267
0.9311097256857856
0.9389027431421446
0.9342269326683291
0.9114713216957607
0.8952618453865336
0.9177057356608479
0.9046134663341646
0.9177057356608478
0.9164588528678305
0.9261221945137156
0.9105361596009975
0.9164588528678305
0.9052369077306733
0.9258104738154612
0.9177057356608479
0.9183291770573567
0.9226932668329179
0.9273690773067332
0.9086658354114714
0.9270573566084789
0.9173940149625937
0.9248753117206983
0.9320448877805486
0.9248753117206984
0.9270573566084788
0.9370324189526185
0.9002493765586035
0.8743765586034913
0.9124064837905238
0.9173940149625934
0.9198877805486284
0.9211346633416458
0.9067955112219452
0.9348503740648378
0.9389027431421447
0.9230049875311721
0.9307980049875311
0.9304862842892769
0.9339152119700749
0.9273690773067331
0.9245635910224439
0.9245635910224438
0.9177057356608479
0.9364089775561097
0.9120947630922693
0.919576059850374
0.9192643391521197
0.9201995012468829
0.915211970074813
0.9226932668329179
0.9217581047381546
0.9105361596009974
0.923004987531172
0.9423316708229426
0.91427680798005
0.9170822942643391
0.9183291770573565
0.9192643391521198
0.9301745635910225
0.9351620947630924
0.9370324189526185
0.923004987531172
0.9030548628428927
0.916147132169576
0.9276807980049875
0.9236284289276807
0.9205112219451371
0.9080423940149626
0.905860349127182
0.9273690773067332
0.9130299251870324
0.9339152119700749
0.9292394014962593
0.9279925187032418
0.9080423940149627
0.90928927680798
0.9058603491271819
0.9086658354114713
0.9410847880299251
0.8961970074812967
0.888715710723192
0.9117830423940151
0.9167705735660848
0.9270573566084789
0.9086658354114713
0.9092892768079801
0.8999376558603492
0.9270573566084788
0.92643391521197
0.947007481296758
0.9002493765586035
0.9189526184538654
0.9089775561097255
0.9292394014962594
0.9192643391521197
0.9158354114713216
0.9080423940149627
0.9276807980049875
0.9239401496259352
0.9189526184538653
0.8918329177057357
0.9329800498753117
0.9320448877805487
0.9002493765586034
0.9314214463840398
0.9345386533665835
0.9407730673316709
0.9096009975062345
0.9136533665835411
0.9201995012468829
0.9120947630922693
0.9370324189526186
0.9320448877805485
0.9102244389027432
0.9289276807980049
0.9239401496259353
0.9173940149625934
0.9298628428927681
0.8996259351620949
0.9036783042394015
0.9211346633416458
0.9133416458852867
0.9102244389027431
0.9320448877805487
0.9404613466334165
0.9404613466334164
0.9155236907730674
0.9289276807980049
0.9435785536159601
0.9223815461346633
0.8980673316708229
0.9145885286783041
0.9267456359102245
0.9251870324189526
0.9295511221945136
0.9351620947630923
0.93142144638404
0.9457605985037407
0.9149002493765587
0.9114713216957606
0.9367206982543641
0.912718204488778
0.927992518703242
0.916147132169576
0.9080423940149626
0.9329800498753118
0.9314214463840399
0.8986907730673316
0.9367206982543641
0.9018079800498753
0.9432668329177057
0.9192643391521196
0.908354114713217
0.9283042394014963
0.8915211970074813
0.9142768079800498
0.9105361596009975
0.8993142144638404
0.8955735660847881
0.8862219451371571
0.9120947630922694
0.8821695760598504
0.9152119700748129
0.9201995012468829
0.9367206982543641
0.9245635910224439
0.9351620947630923
0.9211346633416458
0.9142768079800498
0.9289276807980049
0.9192643391521198
0.9242518703241895
0.9242518703241897
0.9304862842892767
0.9248753117206983
0.9080423940149627
0.9339152119700749
0.9451371571072319
0.8983790523690772
0.9239401496259351
0.9283042394014963
0.8899625935162094
0.9002493765586036
0.9495012468827931
0.9279925187032418
0.9214463840399003
0.9398379052369077
0.8999376558603492
0.9479426433915212
0.9258104738154613
0.9314214463840398
0.9198877805486284
0.9177057356608479
0.9177057356608478
0.918640897755611
0.9058603491271822
0.9495012468827931
0.9067955112219452
0.913653366583541
0.9033665835411472
0.9145885286783042
0.925498753117207
0.8958852867830425
0.9226932668329176
0.9055486284289277
0.9292394014962593
0.9214463840399001
0.9071072319201995
0.9080423940149626
0.9167705735660848
0.9074189526184538
0.9342269326683291
0.9018079800498753
0.9254987531172071
0.8999376558603491
0.9320448877805487
0.9301745635910226
0.9239401496259351
0.918640897755611
0.913653366583541
0.9317331670822943
0.9124064837905237
0.9245635910224439
0.9292394014962593
0.9295511221945137
0.9320448877805486
0.9183291770573566
0.9049251870324189
0.9357855361596009
0.9267456359102245
0.9254987531172071
0.9407730673316709
0.9466957605985037
0.9426433915211969
0.9329800498753118
0.9336034912718203
0.9198877805486284
0.9326683291770574
0.9242518703241894
0.9233167082294265
0.9130299251870324
0.9289276807980049
0.9155236907730673
0.919576059850374
0.91427680798005
0.8977556109725686
0.928927680798005
0.922069825436409
0.9039900249376558
0.9014962593516209
0.9086658354114714
0.9021197007481296
0.8684538653366582
0.9167705735660847
0.9183291770573566
0.9466957605985037
0.9289276807980049
0.9180174563591023
0.9152119700748129
0.91427680798005
0.9516832917705736
0.9476309226932669
0.9364089775561097
0.9164588528678305
0.929862842892768
0.9382793017456359
0.949501246882793
0.9201995012468828
0.9407730673316709
0.9111596009975063
0.9096009975062344
0.9339152119700747
0.9139650872817956
0.8977556109725685
0.9170822942643393
0.9354738154613467
0.911783042394015
0.9214463840399003
0.9208229426433916
0.9382793017456359
0.9258104738154614
0.8880922693266833
0.9198877805486284
0.929862842892768
0.9254987531172069
0.8781172069825437
0.864713216957606
0.90430174563591
0.8999376558603491
0.9304862842892768
0.9039900249376559
0.8996259351620948
0.9201995012468829
0.9320448877805486
0.9089775561097257
0.9130299251870325
0.9242518703241894
0.9030548628428927
0.91427680798005
0.9173940149625937
0.8821695760598505
0.8974438902743143
0.901496259351621
0.9096009975062344
0.9027431421446382
0.9177057356608479
0.9314214463840399
0.8961970074812967
0.9289276807980049
0.9289276807980049
0.915211970074813
0.9311097256857856
0.9242518703241897
0.9304862842892768
0.9061720698254364
0.9270573566084789
0.9108478802992519
0.9223815461346634
0.9410847880299251
0.9205112219451372
0.9233167082294264
0.934226932668329
0.9276807980049877
0.9173940149625937
0.9155236907730672
0.9264339152119702
0.9379675810473815
0.9245635910224439
0.9220698254364089
0.8862219451371571
0.8678304239401496
0.9114713216957606
0.8787406483790523
0.862219451371571
0.9120947630922693
0.9130299251870324
0.9099127182044886
0.9236284289276809
0.9120947630922692
0.8619077306733166
0.9273690773067331
0.8781172069825437
0.9061720698254364
0.912718204488778
0.9170822942643392
0.9438902743142145
0.9348503740648378
0.9354738154613467
0.9267456359102244
0.9379675810473815
0.9183291770573566
0.9376558603491271
0.9239401496259352
0.9236284289276807
0.8746882793017455
0.9089775561097256
0.8983790523690772
0.9018079800498753
0.9307980049875313
0.9286159600997506
0.8993142144638404
0.9189526184538653
0.9223815461346634
0.923004987531172
0.9205112219451371
0.9314214463840399
0.9379675810473815
0.9307980049875312
0.9214463840399001
0.9420199501246883
0.9295511221945136
0.9021197007481297
0.9311097256857855
0.8831047381546134
0.923004987531172
0.9180174563591021
0.9345386533665836
0.9367206982543641
0.9360972568578553
0.9214463840399002
0.9214463840399002
0.940149625935162
0.9183291770573565
0.9261221945137157
0.9336034912718204
0.9217581047381547
0.949501246882793
0.9410847880299252
0.929862842892768
0.9407730673316708
0.9336034912718205
0.9351620947630922
0.8815461346633416
0.9009618810117563
0.9073744210901318
0.8724617028856431
0.9070181688635552
0.9112931955824725
0.931599572497328
0.9283933024581403
0.9308870680441752
0.8756679729248308
0.8842180263626648
0.9262557890986818
0.9191307445671536
0.9266120413252582
0.9184182401140006
0.9169932312076952
0.9052369077306732
0.9048806555040969
0.9209120057000357
0.9102244389027431
0.9095119344495902
0.9045244032775204
0.9048806555040968
0.9258995368721054
0.8988243676522979
0.924830780192376
0.9348058425365159
0.9390808692554329
0.9394371214820092
0.9216245101531885
0.9063056644104026
0.9130744567153545
0.9262557890986819
0.9148557178482365
0.929818311364446
0.9269682935518347
0.934093338083363
0.9070181688635552
0.9287495546847168
0.9262557890986818
0.9376558603491273
0.9437121482009262
0.9344495903099395
0.9262557890986819
0.9248307801923762
0.9077306733167082
0.9294620591378696
0.935874599216245
0.935874599216245
0.9394371214820091
0.9291058069112932
NaN
NaN
NaN
NaN
NaN
NaN
NaN
NaN
NaN
NaN
NaN
NaN
NaN
NaN
NaN
NaN
NaN
NaN
NaN
NaN
NaN
NaN
NaN
NaN
NaN
NaN
NaN
NaN
NaN
NaN
NaN
NaN
NaN
NaN
NaN
NaN
NaN
NaN
NaN
NaN
NaN
NaN
NaN
NaN
NaN
NaN
NaN
NaN
NaN
NaN
NaN
NaN
NaN
NaN
NaN
NaN
NaN
NaN
NaN
NaN
NaN
NaN
NaN
NaN
NaN
NaN
NaN
NaN
NaN
NaN
NaN
NaN
NaN
NaN
NaN
NaN
NaN
NaN
NaN
NaN
NaN
NaN
NaN
NaN
NaN
NaN
NaN
NaN
NaN
NaN
NaN
NaN
NaN
NaN
NaN
NaN
NaN
NaN
NaN
NaN
NaN
NaN
NaN
NaN
NaN
NaN
NaN
NaN
NaN
NaN
NaN
NaN
NaN
NaN
NaN
NaN
NaN
NaN
NaN
NaN
NaN
NaN
NaN
NaN
NaN
NaN
NaN
NaN
NaN
NaN
NaN
NaN
NaN
NaN
NaN
NaN
NaN
NaN
NaN
NaN
NaN
NaN
NaN
NaN
NaN
NaN
NaN
NaN
NaN
NaN
NaN
NaN
NaN
NaN
NaN
NaN
NaN
NaN
NaN
NaN
NaN
NaN
NaN
NaN
NaN
NaN
NaN
NaN
NaN
NaN
NaN
NaN
NaN
NaN
NaN
NaN
NaN
NaN
NaN
NaN
NaN
NaN
NaN
NaN
NaN
NaN
NaN
NaN
NaN
NaN
NaN
NaN
NaN
NaN
NaN
NaN
NaN
NaN
NaN
NaN
NaN
NaN
NaN
NaN
NaN
NaN
NaN
NaN
NaN
NaN
NaN
NaN
NaN
NaN
NaN
NaN
NaN
NaN
NaN
NaN
NaN
NaN
NaN
NaN
NaN
NaN
NaN
NaN
NaN
NaN
NaN
NaN
NaN
NaN
NaN
NaN
NaN
NaN
NaN
NaN
NaN
NaN
NaN
NaN
NaN
NaN
NaN
NaN
NaN
NaN
NaN
NaN
NaN
NaN
NaN
NaN
NaN
NaN
NaN
NaN
NaN
NaN
NaN
NaN
NaN
NaN
NaN
NaN
NaN
NaN
NaN
NaN
NaN
NaN
NaN
NaN
NaN
NaN
NaN
NaN
NaN
NaN
NaN
NaN
NaN
NaN
NaN
NaN
NaN
NaN
NaN
NaN
NaN
NaN
NaN
NaN
NaN
NaN
NaN
NaN
NaN
NaN
NaN
NaN
NaN
NaN
NaN
NaN
NaN
NaN
NaN
NaN
NaN
NaN
NaN
NaN
NaN
NaN
NaN
NaN
NaN
NaN
NaN
NaN
NaN
NaN
NaN
NaN
NaN
NaN
NaN
NaN
NaN
NaN
NaN
NaN
NaN
NaN
NaN
NaN
NaN
NaN
NaN
NaN
NaN
NaN
NaN
NaN
NaN
NaN
NaN
NaN
NaN
NaN
NaN
NaN
NaN
NaN
NaN
NaN
NaN
NaN
NaN
NaN
NaN
NaN
NaN
NaN
NaN
NaN
NaN
NaN
NaN
NaN
NaN
NaN
NaN
NaN
NaN
NaN
NaN
NaN
NaN
NaN
NaN
NaN
NaN
NaN
NaN
NaN
NaN
NaN
NaN
NaN
NaN
NaN
NaN
NaN
NaN
NaN
NaN
NaN
NaN
NaN
NaN
NaN
NaN
NaN
NaN
NaN
NaN
NaN
NaN
NaN
NaN
NaN
NaN
NaN
NaN
NaN
NaN
NaN
NaN
NaN
NaN
NaN
NaN
NaN
NaN
NaN
NaN
NaN
NaN
NaN
NaN
NaN
NaN
NaN
NaN
NaN
NaN
NaN
NaN
NaN
NaN
NaN
NaN
NaN
NaN
NaN
NaN
NaN
NaN
NaN
NaN
NaN
NaN
NaN
NaN
NaN
NaN
NaN
NaN
NaN
NaN
NaN
NaN
NaN
NaN
NaN
NaN
NaN
NaN
NaN
NaN
NaN
NaN
NaN
NaN
NaN
NaN
NaN
NaN
NaN
NaN
NaN
NaN
NaN
NaN
NaN
NaN
NaN
NaN
NaN
NaN
NaN
NaN
NaN
NaN
NaN
NaN
NaN
NaN
NaN
NaN
NaN
NaN
NaN
NaN
NaN
NaN
NaN
NaN
NaN
NaN
NaN
NaN
NaN
NaN
NaN
NaN
NaN
NaN
NaN
NaN
NaN
NaN
NaN
NaN
NaN
NaN
NaN
NaN
NaN
NaN
NaN
NaN
NaN
NaN
NaN
NaN
NaN
NaN
NaN
NaN
NaN
NaN
NaN
NaN
NaN
NaN
NaN
NaN
NaN
NaN
NaN
NaN
NaN
NaN
NaN
NaN
NaN
NaN
NaN
NaN
NaN
NaN
NaN
NaN
NaN
NaN
NaN
NaN
NaN
NaN
NaN
NaN
NaN
NaN
NaN
NaN
NaN
NaN
NaN
NaN
NaN
NaN
NaN
NaN
NaN
NaN
NaN
NaN
NaN
NaN
NaN
NaN
NaN
NaN
NaN
NaN
NaN
NaN
NaN
NaN
NaN
NaN
NaN
NaN
NaN
NaN
NaN
NaN
NaN
NaN
NaN
NaN
NaN
NaN
NaN
NaN
NaN
NaN
NaN
NaN
NaN
NaN
NaN
NaN
NaN
NaN
NaN
NaN
NaN
NaN
NaN
NaN
NaN
NaN
NaN
NaN
NaN
NaN
NaN
NaN
NaN
NaN
NaN
NaN
NaN
NaN
NaN
NaN
NaN
NaN
NaN
NaN
NaN
NaN
NaN
NaN
NaN
NaN
NaN
NaN
NaN
NaN
NaN
NaN
NaN
NaN
NaN
NaN
NaN
NaN
NaN
NaN
NaN
NaN
NaN
NaN
NaN
NaN
NaN
NaN
NaN
NaN
NaN
NaN
NaN
NaN
NaN
NaN
NaN
NaN
NaN
NaN
NaN
NaN
NaN
NaN
NaN
NaN
NaN
NaN
NaN
NaN
NaN
NaN
NaN
NaN
NaN
NaN
NaN
NaN
NaN
NaN
NaN
NaN
NaN
NaN
NaN
NaN
NaN
NaN
NaN
NaN
NaN
NaN
NaN
NaN
NaN
NaN
NaN
NaN
NaN
NaN
NaN
NaN
NaN
NaN
NaN
NaN
NaN
NaN
NaN
NaN
NaN
NaN
NaN
NaN
NaN
NaN
NaN
NaN
NaN
NaN
NaN
NaN
NaN
NaN
NaN
NaN
NaN
NaN
NaN
NaN
NaN
NaN
NaN
NaN
NaN
NaN
NaN
NaN
NaN
NaN
NaN
NaN
NaN
NaN
NaN
NaN
NaN
NaN
NaN
NaN
NaN
NaN
NaN
NaN
NaN
NaN
NaN
NaN
NaN
NaN
NaN
NaN
NaN
NaN
NaN
NaN
NaN
NaN
NaN
NaN
NaN
NaN
NaN
NaN
NaN
NaN
NaN
NaN
NaN
NaN
NaN
NaN
NaN
NaN
NaN
NaN
NaN
NaN
NaN
NaN
NaN
NaN
NaN
NaN
NaN
NaN
NaN
NaN
NaN
NaN
NaN
NaN
NaN
NaN
NaN
NaN
NaN
NaN
NaN
NaN
NaN
NaN
NaN
NaN
NaN
NaN
NaN
NaN
NaN
NaN
NaN
NaN
NaN
NaN
NaN
NaN
NaN
NaN
NaN
NaN
NaN
NaN
NaN
NaN
NaN
NaN
NaN
NaN
NaN
NaN
NaN
NaN
NaN
NaN
NaN
NaN
NaN
NaN
NaN
NaN
NaN
NaN
NaN
NaN
NaN
NaN
NaN
NaN
NaN
NaN
NaN
NaN
NaN
NaN
NaN
NaN
NaN
NaN
NaN
NaN
NaN
NaN
NaN
NaN
NaN
NaN
NaN
NaN
NaN
NaN
NaN
NaN
NaN
NaN
NaN
NaN
NaN
NaN
NaN
NaN
NaN
NaN
NaN
NaN
NaN
NaN
NaN
NaN
NaN
NaN
NaN
NaN
NaN
NaN
NaN
NaN
NaN
NaN
NaN
NaN
NaN
NaN
NaN
NaN
NaN
NaN
NaN
NaN
NaN
NaN
NaN
NaN
NaN
NaN
NaN
NaN
NaN
NaN
NaN
NaN
NaN
NaN
NaN
NaN
NaN
NaN
NaN
NaN
NaN
NaN
NaN
NaN
NaN
NaN
NaN
NaN
NaN
NaN
NaN
NaN
NaN
NaN
NaN
NaN
NaN
NaN
NaN
NaN
NaN
NaN
NaN
NaN
NaN
NaN
NaN
NaN
NaN
NaN
NaN
NaN
NaN
NaN
NaN
NaN
NaN
NaN
NaN
NaN
NaN
NaN
NaN
NaN
NaN
NaN
NaN
NaN
NaN
NaN
NaN
NaN
NaN
NaN
NaN
NaN
NaN
NaN
NaN
NaN
NaN
NaN
NaN
NaN
NaN
NaN
NaN
NaN
NaN
NaN
NaN
NaN
NaN
NaN
NaN
NaN
NaN
NaN
NaN
NaN
NaN
NaN
NaN
NaN
NaN
NaN
NaN
NaN
NaN
NaN
NaN
NaN
NaN
NaN
NaN
NaN
NaN
NaN
NaN
NaN
NaN
NaN
NaN
NaN
NaN
NaN
NaN
NaN
NaN
NaN
NaN
NaN
NaN
NaN
NaN
NaN
NaN
NaN
NaN
NaN
NaN
NaN
NaN
NaN
NaN
NaN
NaN
NaN
NaN
NaN
NaN
NaN
NaN
NaN
NaN
NaN
NaN
NaN
NaN
NaN
NaN
NaN
NaN
NaN
NaN
NaN
NaN
NaN
NaN
NaN
NaN
NaN
NaN
NaN
NaN
NaN
NaN
NaN
NaN
NaN
NaN
NaN
NaN
NaN
NaN
NaN
NaN
NaN
NaN
NaN
NaN
NaN
NaN
NaN
NaN
NaN
NaN
NaN
NaN
NaN
NaN
NaN
NaN
NaN
NaN
NaN
NaN
NaN
NaN
NaN
NaN
NaN
NaN
NaN
NaN
NaN
NaN
NaN
NaN
NaN
NaN
NaN
NaN
NaN
NaN
NaN
NaN
NaN
NaN
NaN
NaN
NaN
NaN
NaN
NaN
NaN
NaN
NaN
NaN
NaN
NaN
NaN
NaN
NaN
NaN
NaN
NaN
NaN
NaN
NaN
NaN
NaN
NaN
NaN
NaN
NaN
NaN
NaN
NaN
NaN
NaN
NaN
NaN
NaN
NaN
NaN
NaN
NaN
NaN
NaN
NaN
NaN
NaN
NaN
NaN
NaN
NaN
NaN
NaN
NaN
NaN
NaN
NaN
NaN
NaN
NaN
NaN
NaN
NaN
NaN
NaN
NaN
NaN
NaN
NaN
NaN
NaN
NaN
NaN
NaN
NaN
NaN
NaN
NaN
NaN
NaN
NaN
NaN
NaN
NaN
NaN
NaN
NaN
NaN
NaN
NaN
NaN
NaN
NaN
NaN
NaN
NaN
NaN
NaN
NaN
NaN
NaN
NaN
NaN
NaN
NaN
NaN
NaN
NaN
NaN
NaN
NaN
NaN
NaN
NaN
NaN
NaN
NaN
NaN
NaN
NaN
NaN
NaN
NaN
NaN
NaN
NaN
NaN
NaN
NaN
NaN
NaN
NaN
NaN
NaN
NaN
NaN
NaN
NaN
NaN
NaN
NaN
NaN
NaN
NaN
NaN
NaN
NaN
NaN
NaN
NaN
NaN
NaN
NaN
NaN
NaN
NaN
NaN
NaN
NaN
NaN
NaN
NaN
NaN
NaN
NaN
NaN
NaN
NaN
NaN
NaN
NaN
NaN
NaN
NaN
NaN
NaN
NaN
NaN
NaN
NaN
NaN
NaN
NaN
NaN
NaN
NaN
NaN
NaN
NaN
NaN
NaN
NaN
NaN
NaN
NaN
NaN
NaN
NaN
NaN
NaN
NaN
NaN
NaN
NaN
NaN
NaN
NaN
NaN
NaN
NaN
NaN
NaN
NaN
NaN
NaN
NaN
NaN
NaN
NaN
NaN
NaN
NaN
NaN
NaN
NaN
NaN
NaN
NaN
NaN
NaN
NaN
NaN
NaN
NaN
NaN
NaN
NaN
NaN
NaN
NaN
NaN
NaN
NaN
NaN
NaN
NaN
NaN
NaN
NaN
NaN
NaN
NaN
NaN
NaN
NaN
NaN
NaN
NaN
NaN
NaN
NaN
NaN
NaN
NaN
NaN
NaN
NaN
NaN
NaN
NaN
NaN
NaN
NaN
NaN
NaN
NaN
NaN
NaN
NaN
NaN
NaN
NaN
NaN
NaN
NaN
NaN
NaN
NaN
NaN
NaN
NaN
NaN
NaN
NaN
NaN
NaN
NaN
NaN
NaN
NaN
NaN
NaN
NaN
NaN
NaN
NaN
NaN
NaN
NaN
NaN
NaN
NaN
NaN
NaN
NaN
NaN
NaN
NaN
NaN
NaN
NaN
NaN
NaN
NaN
NaN
NaN
NaN
NaN
NaN
NaN
NaN
NaN
NaN
NaN
NaN
NaN
NaN
NaN
NaN
NaN
NaN
NaN
NaN
NaN
NaN
NaN
NaN
NaN
NaN
NaN
NaN
NaN
NaN
NaN
NaN
NaN
NaN
NaN
NaN
NaN
NaN
NaN
NaN
NaN
NaN
NaN
NaN
NaN
NaN
NaN
NaN
NaN
NaN
NaN
NaN
NaN
NaN
NaN
NaN
NaN
NaN
NaN
NaN
NaN
NaN
NaN
NaN
NaN
NaN
NaN
NaN
NaN
NaN
NaN
NaN
NaN
NaN
NaN
NaN
NaN
NaN
NaN
NaN
NaN
NaN
NaN
NaN
NaN
NaN
NaN
NaN
NaN
NaN
NaN
NaN
NaN
NaN
NaN
NaN
NaN
NaN
NaN
NaN
NaN
NaN
NaN
NaN
NaN
NaN
NaN
NaN
NaN
NaN
NaN
NaN
NaN
NaN
NaN
NaN
NaN
NaN
NaN
NaN
NaN
NaN
NaN
NaN
NaN
NaN
NaN
NaN
NaN
NaN
NaN
NaN
NaN
NaN
NaN
NaN
NaN
NaN
NaN
NaN
NaN
NaN
NaN
NaN
NaN
NaN
NaN
NaN
NaN
NaN
NaN
NaN
NaN
NaN
NaN
NaN
NaN
NaN
NaN
NaN
NaN
NaN
NaN
NaN
NaN
NaN
NaN
NaN
NaN
NaN
NaN
NaN
NaN
NaN
NaN
NaN
NaN
NaN
NaN
NaN
NaN
NaN
NaN
NaN
NaN
NaN
NaN
NaN
NaN
NaN
NaN
NaN
NaN
NaN
NaN
NaN
NaN
NaN
NaN
NaN
NaN
NaN
NaN
NaN
NaN
NaN
NaN
NaN
NaN
NaN
NaN
NaN
NaN
NaN
NaN
NaN
NaN
NaN
NaN
NaN
NaN
NaN
NaN
NaN
NaN
NaN
NaN
NaN
NaN
NaN
NaN
NaN
NaN
NaN
NaN
NaN
NaN
NaN
NaN
NaN
NaN
NaN
NaN
NaN
NaN
NaN
