0.11670822942643393
0.11122194513715708
0.10523690773067332
0.07880299251870324
0.11321695760598502
0.16758104738154617
0.28728179551122196
0.3122194513715711
0.4219451371571072
0.38403990024937656
0.44289276807980044
0.46832917705735666
0.5625935162094764
0.6044887780548629
0.629426433915212
0.5855361596009975
0.6458852867830424
0.7271820448877805
0.6972568578553616
0.7301745635910224
0.8399002493765586
0.8753117206982545
0.9147132169576061
0.8653366583541147
0.8598503740648379
0.8673316708229425
0.8877805486284289
0.8473815461346634
0.9226932668329176
0.798503740648379
0.7221945137157106
0.7177057356608479
0.7790523690773068
0.7067331670822943
0.6458852867830424
0.7017456359102244
0.7401496259351621
0.825935162094763
0.8059850374064836
0.7456359102244388
0.7630922693266833
0.8119700748129677
0.8618453865336658
0.8503740648379052
0.8364089775561097
0.8458852867830423
0.8658354114713218
0.8618453865336659
0.8513715710723192
0.6812967581047382
0.7476309226932669
0.772069825436409
0.828428927680798
0.7326683291770574
0.7197007481296758
0.7461346633416459
0.7536159600997506
0.7167082294264339
0.7640897755610971
0.7516209476309228
0.7890274314214465
0.7605985037406484
0.7600997506234414
0.7840399002493765
0.8473815461346634
0.7680798004987531
0.7800498753117207
0.7875311720698255
0.7860349127182044
0.7980049875311721
0.7386533665835411
0.8159600997506233
0.829426433915212
0.8114713216957605
0.7650872817955111
0.7640897755610973
0.7870324189526184
0.8139650872817954
0.8069825436408978
0.8114713216957605
0.7640897755610971
0.7600997506234414
0.7680798004987531
0.8199501246882793
0.8728179551122196
0.8807980049875311
0.8219451371571072
0.8124688279301745
0.8877805486284288
0.8867830423940148
0.9072319201995013
0.882294264339152
0.7511221945137156
0.8438902743142144
0.8289276807980048
0.7920199501246883
0.856359102244389
0.8064837905236908
0.8374064837905237
0.9177057356608479
0.8384039900249377
0.8224438902743142
0.829426433915212
0.8349127182044886
0.8384039900249377
0.8319201995012468
0.7660847880299251
0.7625935162094762
0.8199501246882793
0.7790523690773068
0.712718204488778
0.7730673316708229
0.8314214463840399
0.8718204488778054
0.8319201995012468
0.8408977556109726
0.8907730673316708
0.8538653366583542
0.9012468827930175
0.7970074812967581
0.8663341645885285
0.8458852867830423
0.853366583541147
0.8573566084788029
0.8009975062344139
0.8089775561097257
0.8758104738154614
0.8114713216957608
0.6658354114713217
0.6713216957605985
0.7192019950124688
0.6798004987531172
0.7291770573566085
0.7251870324189525
0.7845386533665836
0.8224438902743142
0.7501246882793018
0.8713216957605985
0.768079800498753
0.8094763092269325
0.7630922693266833
0.7610972568578553
0.7665835411471322
0.7361596009975063
0.7521197007481296
0.7251870324189527
0.7546134663341647
0.7571072319201996
0.795511221945137
0.7975062344139652
0.8064837905236908
0.7820448877805487
0.799501246882793
0.7511221945137156
0.7127182044887781
0.6977556109725687
0.6463840399002494
0.7670822942643392
0.8024937655860349
0.7745635910224438
0.7925187032418953
0.7566084788029925
0.745635910224439
0.7476309226932669
0.7007481296758105
0.6463840399002494
0.5845386533665835
0.6189526184538653
0.6982543640897756
0.685785536159601
0.6623441396508728
0.6164588528678305
0.5810473815461347
0.6643391521197007
0.7266832917705737
0.5780548628428928
0.7406483790523691
0.7640897755610973
0.712219451371571
0.8094763092269327
0.7930174563591021
0.9087281795511221
0.8578553615960101
0.9077306733167083
0.8788029925187033
0.8354114713216958
0.827431421446384
0.8987531172069826
0.88927680798005
0.9127182044887782
0.857356608478803
0.8374064837905237
0.7940149625935162
0.853366583541147
0.8982543640897755
0.9296758104738154
0.9027431421446384
0.7915211970074814
0.8498753117206983
0.7885286783042393
0.7401496259351622
0.7366583541147133
0.6728179551122194
0.7356608478802993
0.7546134663341646
0.7536159600997505
0.8059850374064839
0.7725685785536159
0.8648379052369076
0.8149625935162094
0.7915211970074812
0.7825436408977556
0.7670822942643392
0.6907730673316708
0.7027431421446384
0.8249376558603492
0.8349127182044889
0.8339152119700749
0.8139650872817954
0.8344139650872817
0.7605985037406484
0.8134663341645885
0.771571072319202
0.7825436408977556
0.77356608478803
0.8224438902743142
0.8324189526184538
0.9017456359102244
0.8768079800498751
0.8648379052369076
0.8084788029925187
0.7870324189526184
0.7845386533665835
0.8179551122194514
0.8184538653366584
0.8718204488778054
0.8867830423940148
0.8074812967581048
0.8159600997506233
0.7905236907730673
0.8104738154613467
0.9032418952618455
0.8728179551122194
0.8134663341645885
0.883790523690773
0.9162094763092268
0.8139650872817954
0.8189526184538654
0.8458852867830424
0.9002493765586035
0.8264339152119702
0.8109725685785536
0.771072319201995
0.7875311720698254
0.8518703241895264
0.8194513715710723
0.8139650872817956
0.8194513715710723
0.7620947630922693
0.769576059850374
0.8783042394014962
0.8359102244389028
0.7017456359102244
0.8194513715710723
0.8663341645885285
0.9097256857855361
0.8802992518703242
0.8403990024937655
0.8812967581047382
0.8129675810473815
0.7930174563591023
0.7940149625935163
0.8827930174563592
0.88428927680798
0.9012468827930176
0.8458852867830423
0.8538653366583541
0.8379052369077307
0.8379052369077307
0.8349127182044889
0.712718204488778
0.7216957605985038
0.7850374064837906
0.8578553615960101
0.8428927680798004
0.7725685785536159
0.7576059850374065
0.7980049875311721
0.8558603491271821
0.8768079800498754
0.8229426433915211
0.886284289276808
0.9206982543640898
0.8518703241895261
0.8448877805486283
0.8428927680798004
0.8149625935162096
0.8349127182044889
0.8488778054862843
0.8523690773067332
0.8812967581047382
0.8369077306733168
0.8473815461346634
0.9157107231920201
0.9167082294264339
0.771072319201995
0.8084788029925187
0.7815461346633417
0.7680798004987531
0.8099750623441396
0.745137157107232
0.7326683291770573
0.82643391521197
0.9157107231920201
0.912718204488778
0.8987531172069824
0.8837905236907732
0.9027431421446384
0.8763092269326684
0.8877805486284289
0.8453865336658355
0.8413965087281795
0.7226932668329177
0.8194513715710722
0.7486284289276808
0.7945137157107232
0.8194513715710723
0.7625935162094762
0.7561097256857856
0.7880299251870324
0.8014962593516209
0.8418952618453865
0.8099750623441399
0.8024937655860349
0.7740648379052368
0.7596009975062344
0.744139650872818
0.629925187032419
0.5187032418952618
0.47331670822942645
0.48977556109725684
0.5082294264339152
0.5201995012468827
0.5486284289276808
0.49975062344139654
0.543640897755611
0.5855361596009975
0.5486284289276808
0.6403990024937656
0.7336658354114712
0.7211970074812968
0.6892768079800499
0.7142144638403989
0.7147132169576059
0.7561097256857856
0.7386533665835411
0.7655860349127181
0.7760598503740648
0.8084788029925187
0.8359102244389028
0.8189526184538654
0.7840399002493765
0.8089775561097257
0.7147132169576059
0.6458852867830425
0.7386533665835412
0.7531172069825436
0.7057356608478803
0.77356608478803
0.7910224438902744
0.743142144638404
0.7591022443890274
0.8059850374064839
0.7346633416458853
0.6807980049875312
0.7905236907730673
0.8229426433915211
0.7980049875311721
0.82643391521197
0.8364089775561098
0.8379052369077307
0.7825436408977555
0.8284289276807979
0.8428927680798004
0.8044887780548627
0.803491271820449
0.8034912718204488
0.7241895261845386
0.8443890274314214
0.8284289276807979
0.7920199501246883
0.8982543640897755
0.9157107231920201
0.8743142144638405
0.913216957605985
0.856359102244389
0.7745635910224439
0.7027431421446384
0.7521197007481296
0.7197007481296759
0.7326683291770575
0.7950124688279302
0.8189526184538654
0.8269326683291771
0.7940149625935162
0.7615960099750623
0.828428927680798
0.8448877805486283
0.7551122194513715
0.8174563591022445
0.7336658354114712
0.8144638403990024
0.9012468827930175
0.8683291770573565
0.8428927680798004
0.7466334164588528
0.6778054862842893
0.6668329177057356
0.6319201995012469
0.6324189526184538
0.6758104738154613
0.6887780548628429
0.658852867830424
0.6234413965087282
0.629426433915212
0.6748129675810473
0.7251870324189527
0.7052369077306734
0.6942643391521196
0.7610972568578553
0.772069825436409
0.7885286783042393
0.8039900249376558
0.8369077306733166
0.8329177057356608
0.828428927680798
0.7765586034912717
0.7221945137157106
0.6942643391521196
0.7326683291770573
0.6718204488778055
0.7526184538653367
0.6982543640897756
0.6498753117206982
0.7491271820448878
0.8
0.7885286783042394
0.7311720698254364
0.7281795511221946
0.8094763092269327
0.7845386533665836
0.771072319201995
0.7261845386533666
0.7690773067331671
0.7940149625935162
0.7391521197007481
0.7226932668329178
0.768079800498753
0.7486284289276808
0.6907730673316708
0.7341645885286783
0.6728179551122194
0.7690773067331671
0.8154613466334165
0.8254364089775562
0.9087281795511222
0.8384039900249377
0.7321695760598503
0.828927680798005
0.8723192019950126
0.8608478802992519
0.883790523690773
0.9296758104738154
0.8663341645885287
0.8493765586034913
0.8663341645885285
0.8319201995012468
0.8299251870324189
0.7675810473815462
0.7201995012468829
0.6942643391521196
0.6967581047381545
0.7581047381546134
0.7850374064837904
0.7945137157107232
0.743142144638404
0.7970074812967581
0.7865336658354115
0.7431421446384039
0.7546134663341646
0.7266832917705736
0.7077306733167082
0.8324189526184538
0.8099750623441396
0.8463840399002492
0.8982543640897755
0.9132169576059852
0.8603491271820449
0.8483790523690773
0.7471321695760598
0.7157107231920199
0.6937655860349128
0.6798004987531172
0.6139650872817957
0.6478802992518703
0.5845386533665835
0.5596009975062344
0.5421446384039901
0.5950124688279301
0.6099750623441397
0.5451371571072319
0.5192019950124689
0.5216957605985038
0.5920199501246882
0.6488778054862843
0.690274314214464
0.6334164588528679
0.6473815461346634
0.6977556109725687
0.7321695760598503
0.6648379052369078
0.8049875311720698
0.8054862842892769
0.8399002493765586
0.8488778054862843
0.7805486284289277
0.8698254364089776
0.8807980049875311
0.8802992518703242
0.8458852867830423
0.8124688279301747
0.7900249376558603
0.771571072319202
0.8159600997506236
0.8259351620947631
0.7596009975062344
0.7536159600997506
0.8344139650872817
0.8448877805486286
0.8827930174563591
0.8129675810473816
0.7236907730673316
0.7371571072319202
0.825935162094763
0.8069825436408978
0.912718204488778
0.8418952618453865
0.8124688279301745
0.8229426433915211
0.830423940149626
0.7730673316708229
0.8159600997506233
0.7875311720698255
0.8384039900249377
0.8678304239401496
0.8503740648379052
0.8418952618453865
0.7620947630922693
0.7461346633416459
0.7770573566084789
0.7780548628428928
0.7556109725685786
0.7072319201995012
0.6793017456359103
0.7231920199501247
0.6239401496259351
0.7107231920199502
0.8483790523690773
0.8992518703241895
0.8219451371571072
0.8523690773067332
0.8199501246882793
0.7062344139650873
0.8169576059850374
0.7571072319201996
0.8413965087281795
0.8817955112219451
0.9097256857855361
0.8957605985037407
0.8663341645885287
0.8478802992518704
0.8967581047381546
0.8458852867830423
0.8139650872817954
0.8324189526184538
0.7975062344139651
0.7536159600997505
0.8324189526184538
0.7411471321695761
0.8723192019950124
0.8603491271820449
0.859351620947631
0.8678304239401495
0.854364089775561
0.8982543640897755
0.8084788029925185
0.7945137157107232
0.7940149625935161
0.7870324189526186
0.8349127182044886
0.8099750623441396
0.914214463840399
0.9226932668329176
0.8862842892768079
0.8239401496259351
0.8443890274314214
0.8578553615960101
0.8693266832917705
0.855361596009975
0.7930174563591021
0.8553615960099752
0.7835411471321695
0.7531172069825436
0.6957605985037405
0.687780548628429
0.7251870324189527
0.7082294264339153
0.768079800498753
0.8089775561097257
0.7640897755610971
0.7371571072319203
0.8628428927680798
0.8229426433915211
0.8139650872817954
0.7501246882793018
0.8488778054862843
0.8094763092269325
0.892269326683292
0.863341645885287
0.8638403990024937
0.8952618453865335
0.9187032418952619
0.888279301745636
0.8807980049875311
0.8518703241895261
0.7975062344139652
0.7226932668329177
0.7845386533665836
0.7665835411471321
0.799501246882793
0.7531172069825436
0.7077306733167082
0.6199501246882793
0.6448877805486284
0.6977556109725687
0.7800498753117207
0.8309226932668329
0.7910224438902743
0.8104738154613467
0.7610972568578553
0.7142144638403989
0.5361596009975063
0.6618453865336659
0.6224438902743141
0.5551122194513715
0.5690773067331671
0.6174563591022444
0.6309226932668329
0.685785536159601
0.5536159600997507
0.4907730673316708
0.4768079800498753
0.5561097256857855
0.6633416458852868
0.6947630922693268
0.6967581047381547
0.7605985037406484
0.7576059850374065
0.7077306733167081
0.7755610972568578
0.7765586034912718
0.8379052369077307
0.7491271820448878
0.798503740648379
0.7336658354114713
0.7326683291770574
0.7880299251870324
0.7366583541147133
0.6723192019950124
0.74214463840399
0.7206982543640897
0.683790523690773
0.7361596009975061
0.7561097256857855
0.7306733167082294
0.6648379052369078
0.6254364089775561
0.6334164588528678
0.6199501246882793
0.6164588528678305
0.6
0.5466334164588529
0.5965087281795511
0.5401496259351621
0.542643391521197
0.6094763092269326
0.6498753117206982
0.6663341645885287
0.6174563591022444
0.6149625935162095
0.6533665835411472
0.5745635910224439
0.5107231920199501
0.6159600997506235
0.6244389027431422
0.5920199501246883
0.5855361596009975
0.514214463840399
0.5366583541147132
0.5855361596009975
0.4977556109725686
0.541147132169576
0.5905236907730673
0.5925187032418953
0.6458852867830424
0.5800498753117207
0.7700748129675811
0.7635910224438903
0.6892768079800499
0.6977556109725687
0.6643391521197006
0.683291770573566
0.6453865336658353
0.6728179551122194
0.7197007481296758
0.6927680798004989
0.6678304239401496
0.6329177057356608
0.6344139650872818
0.7042394014962594
0.6832917705735662
0.6678304239401497
0.685785536159601
0.6144638403990025
0.8094763092269327
0.7341645885286783
0.7625935162094762
0.8423940149625935
0.7755610972568578
0.7895261845386534
0.7266832917705736
0.7042394014962594
0.7246882793017456
0.6603491271820449
0.7092269326683291
0.7276807980049875
0.7461346633416459
0.7481296758104738
0.7690773067331671
0.7790523690773066
NaN
NaN
NaN
NaN
NaN
NaN
NaN
NaN
NaN
NaN
NaN
NaN
NaN
NaN
NaN
NaN
NaN
NaN
NaN
NaN
NaN
NaN
NaN
NaN
NaN
NaN
NaN
NaN
NaN
NaN
NaN
NaN
NaN
NaN
NaN
NaN
NaN
NaN
NaN
NaN
NaN
NaN
NaN
NaN
NaN
NaN
NaN
NaN
NaN
NaN
NaN
NaN
NaN
NaN
NaN
NaN
NaN
NaN
NaN
NaN
NaN
NaN
NaN
NaN
NaN
NaN
NaN
NaN
NaN
NaN
NaN
NaN
NaN
NaN
NaN
NaN
NaN
NaN
NaN
NaN
NaN
NaN
NaN
NaN
NaN
NaN
NaN
NaN
NaN
NaN
NaN
NaN
NaN
NaN
NaN
NaN
NaN
NaN
NaN
NaN
NaN
NaN
NaN
NaN
NaN
NaN
NaN
NaN
NaN
NaN
NaN
NaN
NaN
NaN
NaN
NaN
NaN
NaN
NaN
NaN
NaN
NaN
NaN
NaN
NaN
NaN
NaN
NaN
NaN
NaN
NaN
NaN
NaN
NaN
NaN
NaN
NaN
NaN
NaN
NaN
NaN
NaN
NaN
NaN
NaN
NaN
NaN
NaN
NaN
NaN
NaN
NaN
NaN
NaN
NaN
NaN
NaN
NaN
NaN
NaN
NaN
NaN
NaN
NaN
NaN
NaN
NaN
NaN
NaN
NaN
NaN
NaN
NaN
NaN
NaN
NaN
NaN
NaN
NaN
NaN
NaN
NaN
NaN
NaN
NaN
NaN
NaN
NaN
NaN
NaN
NaN
NaN
NaN
NaN
NaN
NaN
NaN
NaN
NaN
NaN
NaN
NaN
NaN
NaN
NaN
NaN
NaN
NaN
NaN
NaN
NaN
NaN
NaN
NaN
NaN
NaN
NaN
NaN
NaN
NaN
NaN
NaN
NaN
NaN
NaN
NaN
NaN
NaN
NaN
NaN
NaN
NaN
NaN
NaN
NaN
NaN
NaN
NaN
NaN
NaN
NaN
NaN
NaN
NaN
NaN
NaN
NaN
NaN
NaN
NaN
NaN
NaN
NaN
NaN
NaN
NaN
NaN
NaN
NaN
NaN
NaN
NaN
NaN
NaN
NaN
NaN
NaN
NaN
NaN
NaN
NaN
NaN
NaN
NaN
NaN
NaN
NaN
NaN
NaN
NaN
NaN
NaN
NaN
NaN
NaN
NaN
NaN
NaN
NaN
NaN
NaN
NaN
NaN
NaN
NaN
NaN
NaN
NaN
NaN
NaN
NaN
NaN
NaN
NaN
NaN
NaN
NaN
NaN
NaN
NaN
NaN
NaN
NaN
NaN
NaN
NaN
NaN
NaN
NaN
NaN
NaN
NaN
NaN
NaN
NaN
NaN
NaN
NaN
NaN
NaN
NaN
NaN
NaN
NaN
NaN
NaN
NaN
NaN
NaN
NaN
NaN
NaN
NaN
NaN
NaN
NaN
NaN
NaN
NaN
NaN
NaN
NaN
NaN
NaN
NaN
NaN
NaN
NaN
NaN
NaN
NaN
NaN
NaN
NaN
NaN
NaN
NaN
NaN
NaN
NaN
NaN
NaN
NaN
NaN
NaN
NaN
NaN
NaN
NaN
NaN
NaN
NaN
NaN
NaN
NaN
NaN
NaN
NaN
NaN
NaN
NaN
NaN
NaN
NaN
NaN
NaN
NaN
NaN
NaN
NaN
NaN
NaN
NaN
NaN
NaN
NaN
NaN
NaN
NaN
NaN
NaN
NaN
NaN
NaN
NaN
NaN
NaN
NaN
NaN
NaN
NaN
NaN
NaN
NaN
NaN
NaN
NaN
NaN
NaN
NaN
NaN
NaN
NaN
NaN
NaN
NaN
NaN
NaN
NaN
NaN
NaN
NaN
NaN
NaN
NaN
NaN
NaN
NaN
NaN
NaN
NaN
NaN
NaN
NaN
NaN
NaN
NaN
NaN
NaN
NaN
NaN
NaN
NaN
NaN
NaN
NaN
NaN
NaN
NaN
NaN
NaN
NaN
NaN
NaN
NaN
NaN
NaN
NaN
NaN
NaN
NaN
NaN
NaN
NaN
NaN
NaN
NaN
NaN
NaN
NaN
NaN
NaN
NaN
NaN
NaN
NaN
NaN
NaN
NaN
NaN
NaN
NaN
NaN
NaN
NaN
NaN
NaN
NaN
NaN
NaN
NaN
NaN
NaN
NaN
NaN
NaN
NaN
NaN
NaN
NaN
NaN
NaN
NaN
NaN
NaN
NaN
NaN
NaN
NaN
NaN
NaN
NaN
NaN
NaN
NaN
NaN
NaN
NaN
NaN
NaN
NaN
NaN
NaN
NaN
NaN
NaN
NaN
NaN
NaN
NaN
NaN
NaN
NaN
NaN
NaN
NaN
NaN
NaN
NaN
NaN
NaN
NaN
NaN
NaN
NaN
NaN
NaN
NaN
NaN
NaN
NaN
NaN
NaN
NaN
NaN
NaN
NaN
NaN
NaN
NaN
NaN
NaN
NaN
NaN
NaN
NaN
NaN
NaN
NaN
NaN
NaN
NaN
NaN
NaN
NaN
NaN
NaN
NaN
NaN
NaN
NaN
NaN
NaN
NaN
NaN
NaN
NaN
NaN
NaN
NaN
NaN
NaN
NaN
NaN
NaN
NaN
NaN
NaN
NaN
NaN
NaN
NaN
NaN
NaN
NaN
NaN
NaN
NaN
NaN
NaN
NaN
NaN
NaN
NaN
NaN
NaN
NaN
NaN
NaN
NaN
NaN
NaN
NaN
NaN
NaN
NaN
NaN
NaN
NaN
NaN
NaN
NaN
NaN
NaN
NaN
NaN
NaN
NaN
NaN
NaN
NaN
NaN
NaN
NaN
NaN
NaN
NaN
NaN
NaN
NaN
NaN
NaN
NaN
NaN
NaN
NaN
NaN
NaN
NaN
NaN
NaN
NaN
NaN
NaN
NaN
NaN
NaN
NaN
NaN
NaN
NaN
NaN
NaN
NaN
NaN
NaN
NaN
NaN
NaN
NaN
NaN
NaN
NaN
NaN
NaN
NaN
NaN
NaN
NaN
NaN
NaN
NaN
NaN
NaN
NaN
NaN
NaN
NaN
NaN
NaN
NaN
NaN
NaN
NaN
NaN
NaN
NaN
NaN
NaN
NaN
NaN
NaN
NaN
NaN
NaN
NaN
NaN
NaN
NaN
NaN
NaN
NaN
NaN
NaN
NaN
NaN
NaN
NaN
NaN
NaN
NaN
NaN
NaN
NaN
NaN
NaN
NaN
NaN
NaN
NaN
NaN
NaN
NaN
NaN
NaN
NaN
NaN
NaN
NaN
NaN
NaN
NaN
NaN
NaN
NaN
NaN
NaN
NaN
NaN
NaN
NaN
NaN
NaN
NaN
NaN
NaN
NaN
NaN
NaN
NaN
NaN
NaN
NaN
NaN
NaN
NaN
NaN
NaN
NaN
NaN
NaN
NaN
NaN
NaN
NaN
NaN
NaN
NaN
NaN
NaN
NaN
NaN
NaN
NaN
NaN
NaN
NaN
NaN
NaN
NaN
NaN
NaN
NaN
NaN
NaN
NaN
NaN
NaN
NaN
NaN
NaN
NaN
NaN
NaN
NaN
NaN
NaN
NaN
NaN
NaN
NaN
NaN
NaN
NaN
NaN
NaN
NaN
NaN
NaN
NaN
NaN
NaN
NaN
NaN
NaN
NaN
NaN
NaN
NaN
NaN
NaN
NaN
NaN
NaN
NaN
NaN
NaN
NaN
NaN
NaN
NaN
NaN
NaN
NaN
NaN
NaN
NaN
NaN
NaN
NaN
NaN
NaN
NaN
NaN
NaN
NaN
NaN
NaN
NaN
NaN
NaN
NaN
NaN
NaN
NaN
NaN
NaN
NaN
NaN
NaN
NaN
NaN
NaN
NaN
NaN
NaN
NaN
NaN
NaN
NaN
NaN
NaN
NaN
NaN
NaN
NaN
NaN
NaN
NaN
NaN
NaN
NaN
NaN
NaN
NaN
NaN
NaN
NaN
NaN
NaN
NaN
NaN
NaN
NaN
NaN
NaN
NaN
NaN
NaN
NaN
NaN
NaN
NaN
NaN
NaN
NaN
NaN
NaN
NaN
NaN
NaN
NaN
NaN
NaN
NaN
NaN
NaN
NaN
NaN
NaN
NaN
NaN
NaN
NaN
NaN
NaN
NaN
NaN
NaN
NaN
NaN
NaN
NaN
NaN
NaN
NaN
NaN
NaN
NaN
NaN
NaN
NaN
NaN
NaN
NaN
NaN
NaN
NaN
NaN
NaN
NaN
NaN
NaN
NaN
NaN
NaN
NaN
NaN
NaN
NaN
NaN
NaN
NaN
NaN
NaN
NaN
NaN
NaN
NaN
NaN
NaN
NaN
NaN
NaN
NaN
NaN
NaN
NaN
NaN
NaN
NaN
NaN
NaN
NaN
NaN
NaN
NaN
NaN
NaN
NaN
NaN
NaN
NaN
NaN
NaN
NaN
NaN
NaN
NaN
NaN
NaN
NaN
NaN
NaN
NaN
NaN
NaN
NaN
NaN
NaN
NaN
NaN
NaN
NaN
NaN
NaN
NaN
NaN
NaN
NaN
NaN
NaN
NaN
NaN
NaN
NaN
NaN
NaN
NaN
NaN
NaN
NaN
NaN
NaN
NaN
NaN
NaN
NaN
NaN
NaN
NaN
NaN
NaN
NaN
NaN
NaN
NaN
NaN
NaN
NaN
NaN
NaN
NaN
NaN
NaN
NaN
NaN
NaN
NaN
NaN
NaN
NaN
NaN
NaN
NaN
NaN
NaN
NaN
NaN
NaN
NaN
NaN
NaN
NaN
NaN
NaN
NaN
NaN
NaN
NaN
NaN
NaN
NaN
NaN
NaN
NaN
NaN
NaN
NaN
NaN
NaN
NaN
NaN
NaN
NaN
NaN
NaN
NaN
NaN
NaN
NaN
NaN
NaN
NaN
NaN
NaN
NaN
NaN
NaN
NaN
NaN
NaN
NaN
NaN
NaN
NaN
NaN
NaN
NaN
NaN
NaN
NaN
NaN
NaN
NaN
NaN
NaN
NaN
NaN
NaN
NaN
NaN
NaN
NaN
NaN
NaN
NaN
NaN
NaN
NaN
NaN
NaN
NaN
NaN
NaN
NaN
NaN
NaN
NaN
NaN
NaN
NaN
NaN
NaN
NaN
NaN
NaN
NaN
NaN
NaN
NaN
NaN
NaN
NaN
NaN
NaN
NaN
NaN
NaN
NaN
NaN
NaN
NaN
NaN
NaN
NaN
NaN
NaN
NaN
NaN
NaN
NaN
NaN
NaN
NaN
NaN
NaN
NaN
NaN
NaN
NaN
NaN
NaN
NaN
NaN
NaN
NaN
NaN
NaN
NaN
NaN
NaN
NaN
NaN
NaN
NaN
NaN
NaN
NaN
NaN
NaN
NaN
NaN
NaN
NaN
NaN
NaN
NaN
NaN
NaN
NaN
NaN
NaN
NaN
NaN
NaN
NaN
NaN
NaN
NaN
NaN
NaN
NaN
NaN
NaN
NaN
NaN
NaN
NaN
NaN
NaN
NaN
NaN
NaN
NaN
NaN
NaN
NaN
NaN
NaN
NaN
NaN
NaN
NaN
NaN
NaN
NaN
NaN
NaN
NaN
NaN
NaN
NaN
NaN
NaN
NaN
NaN
NaN
NaN
NaN
NaN
NaN
NaN
NaN
NaN
NaN
NaN
NaN
NaN
NaN
NaN
NaN
NaN
NaN
NaN
NaN
NaN
NaN
NaN
NaN
NaN
NaN
NaN
NaN
NaN
NaN
NaN
NaN
NaN
NaN
NaN
NaN
NaN
NaN
NaN
NaN
NaN
NaN
NaN
NaN
NaN
NaN
NaN
NaN
NaN
NaN
NaN
NaN
NaN
NaN
NaN
NaN
NaN
NaN
NaN
NaN
NaN
NaN
NaN
NaN
NaN
NaN
NaN
NaN
NaN
NaN
NaN
NaN
NaN
NaN
NaN
NaN
NaN
NaN
NaN
NaN
NaN
NaN
NaN
NaN
NaN
NaN
NaN
NaN
NaN
NaN
NaN
NaN
NaN
NaN
NaN
NaN
NaN
NaN
NaN
NaN
NaN
NaN
NaN
NaN
NaN
NaN
NaN
NaN
NaN
NaN
NaN
NaN
NaN
NaN
NaN
NaN
NaN
NaN
NaN
NaN
NaN
NaN
NaN
NaN
NaN
NaN
NaN
NaN
NaN
NaN
NaN
NaN
NaN
NaN
NaN
NaN
NaN
NaN
NaN
NaN
NaN
NaN
NaN
NaN
NaN
NaN
NaN
NaN
NaN
NaN
NaN
NaN
NaN
NaN
NaN
NaN
NaN
NaN
NaN
NaN
NaN
NaN
NaN
NaN
NaN
NaN
NaN
NaN
NaN
NaN
NaN
NaN
NaN
NaN
NaN
NaN
NaN
NaN
NaN
NaN
NaN
NaN
NaN
NaN
NaN
NaN
NaN
NaN
NaN
NaN
NaN
NaN
NaN
NaN
NaN
NaN
NaN
NaN
NaN
NaN
NaN
NaN
NaN
NaN
NaN
NaN
NaN
NaN
NaN
NaN
NaN
NaN
NaN
NaN
NaN
NaN
NaN
NaN
NaN
NaN
NaN
NaN
NaN
NaN
NaN
NaN
NaN
NaN
NaN
NaN
NaN
NaN
NaN
NaN
NaN
NaN
NaN
NaN
NaN
NaN
NaN
NaN
NaN
NaN
NaN
NaN
NaN
NaN
NaN
NaN
NaN
NaN
NaN
NaN
NaN
NaN
NaN
NaN
NaN
NaN
NaN
NaN
NaN
NaN
NaN
NaN
NaN
NaN
NaN
NaN
NaN
NaN
NaN
NaN
NaN
NaN
NaN
NaN
NaN
NaN
NaN
NaN
NaN
NaN
NaN
NaN
NaN
NaN
NaN
NaN
NaN
NaN
NaN
NaN
NaN
NaN
NaN
NaN
NaN
NaN
NaN
NaN
NaN
NaN
NaN
NaN
NaN
NaN
NaN
NaN
NaN
NaN
NaN
NaN
NaN
NaN
NaN
NaN
NaN
NaN
NaN
NaN
NaN
NaN
NaN
NaN
NaN
NaN
NaN
NaN
NaN
NaN
NaN
NaN
NaN
NaN
NaN
NaN
NaN
NaN
NaN
NaN
NaN
NaN
NaN
NaN
NaN
NaN
NaN
NaN
NaN
NaN
NaN
NaN
NaN
NaN
NaN
NaN
NaN
NaN
NaN
NaN
NaN
NaN
NaN
NaN
NaN
NaN
NaN
NaN
NaN
NaN
NaN
NaN
NaN
NaN
NaN
NaN
NaN
NaN
NaN
NaN
NaN
NaN
NaN
NaN
NaN
NaN
NaN
NaN
NaN
NaN
NaN
NaN
NaN
NaN
NaN
NaN
NaN
NaN
NaN
NaN
NaN
NaN
NaN
NaN
NaN
NaN
NaN
NaN
NaN
NaN
NaN
NaN
NaN
NaN
NaN
NaN
NaN
NaN
NaN
NaN
NaN
NaN
NaN
NaN
NaN
NaN
NaN
NaN
NaN
NaN
NaN
NaN
NaN
NaN
NaN
NaN
NaN
NaN
NaN
NaN
NaN
NaN
