0.29500000000000004
0.07750000000000001
0.14
0.29500000000000004
0.01
0.1275
0.17500000000000002
0.2
0.19
0.2675
0.21750000000000003
0.12
0.21
0.095
0.027499999999999997
0.3325
0.36750000000000005
0.0975
0.1625
0.0725
0.1875
0.2425
0.28750000000000003
0.19
0.052500000000000005
0.1325
0.2825
0.085
0.09000000000000001
0.16999999999999998
0.265
0.2225
0.1375
0.0825
0.07750000000000001
0.36000000000000004
0.2675
0.27249999999999996
0.3075
0.037500000000000006
0.3975
0.05
0.075
0.175
0.1675
0.15250000000000002
0.38
0.32499999999999996
0.16
0.17
0.07250000000000001
0.045000000000000005
0.035
0.0425
0.2225
0.07250000000000001
0.2025
0.1325
0.16
0.11750000000000001
0.22
0.1275
0.1975
0.33
0.2375
0.20500000000000002
0.3
0.38
0.1225
0.175
0.27
0.19
0.325
0.052500000000000005
0.022500000000000003
0.1275
0.28
0.29250000000000004
0.08
0.09
0.22999999999999998
0.19249999999999998
0.2
0.052500000000000005
0.0775
0.1
0.10250000000000001
0.1225
0.1375
0.20500000000000002
0.41750000000000004
0.28750000000000003
0.08499999999999999
0.0975
0.23
0.14750000000000002
0.17
0.05
0.1025
0.125
0.045
0.052500000000000005
0.3175
0.1525
0.36
0.26
0.4075
0.21000000000000002
0.1275
0.037500000000000006
0.2425
0.3975
0.0225
0.030000000000000002
0.32749999999999996
0.375
0.19
0.1275
0.08750000000000001
0.185
0.09
0.12250000000000001
0.1325
0.135
0.14750000000000002
0.060000000000000005
0.14250000000000002
0.05
0.21
0.135
0.037500000000000006
0.2
0.3
0.31999999999999995
0.1775
0.36
0.165
0.027500000000000004
0.21999999999999997
0.315
0.1375
0.1625
0.07500000000000001
0.3425
0.21750000000000003
0.2375
0.2625
0.08
0.22
0.385
0.2525
0.125
0.28
0.23750000000000004
0.325
0.2
0.08750000000000001
0.3125
0.345
0.0475
0.18
0.1975
0.1775
0.3625
0.095
0.16999999999999998
0.285
0.1225
0.21499999999999997
0.1275
0.335
0.10500000000000001
0.305
0.24500000000000002
0.27749999999999997
0.1
0.225
0.02
0.08750000000000001
0.2825
0.1075
0.155
0.1125
0.1925
0.2575
0.185
0.08750000000000001
0.07250000000000001
0.0675
0.18750000000000003
0.2025
0.1225
0.06999999999999999
0.315
0.060000000000000005
0.2475
0.26249999999999996
0.3625
0.355
0.295
0.1075
0.1675
0.03
0.14250000000000002
0.32
0.2925
0.27249999999999996
0.037500000000000006
0.28
0.14
0.11000000000000001
0.305
0.3025
0.1525
0.17
0.33499999999999996
0.44499999999999995
0.15750000000000003
0.0775
0.1975
0.27
0.0675
0.07250000000000001
0.105
0.0375
0.095
0.09000000000000001
0.1725
0.07
0.2025
0.22999999999999998
0.095
0.19
0.22
0.09000000000000001
0.0975
0.24750000000000003
0.385
0.2575
0.15000000000000002
0.43500000000000005
0.32749999999999996
0.3425
0.29
0.22
0.25
0.3175
0.175
0.15250000000000002
0.3
0.3575
0.085
0.27749999999999997
0.065
0.22249999999999998
0.13
0.1
0.1675
0.1525
0.2025
0.09
0.06
0.2025
0.1
0.22499999999999998
0.017499999999999998
0.185
0.3275
0.1125
0.105
0.35500000000000004
0.245
0.22000000000000003
0.1575
0.11
0.18
0.11
0.20750000000000002
0.0975
0.105
0.2
0.0975
0.12000000000000001
0.1375
0.19
0.215
0.18750000000000003
0.2525
0.0675
0.3725
0.45999999999999996
0.060000000000000005
0.1125
0.2025
0.1875
0.16999999999999998
0.0325
0.3625
0.037500000000000006
0.22
0.14500000000000002
0.2525
0.43249999999999994
0.335
0.235
0.175
0.38
0.0625
0.14500000000000002
0.36
0.12250000000000001
0.06
0.1825
0.3025
0.1975
0.2275
0.08
0.26
0.09250000000000001
0.037500000000000006
0.0975
0.1275
0.08
0.125
0.1925
0.175
0.245
0.195
0.015
0.07500000000000001
0.28250000000000003
0.1825
0.11750000000000001
0.10250000000000001
0.125
0.245
0.2725
0.22000000000000003
0.27749999999999997
0.13
0.10250000000000001
0.24
0.14250000000000002
0.0775
0.0325
0.215
0.12250000000000001
0.19749999999999998
0.21999999999999997
0.28
0.0575
0.35
0.0625
0.21000000000000002
0.04
0.2825
0.17500000000000002
0.01
0.2675
0.2575
0.2325
0.05500000000000001
0.1575
0.1575
0.08
0.05000000000000001
0.04750000000000001
0.21749999999999997
0.05
0.15250000000000002
0.21000000000000002
0.1075
0.135
0.16
0.0925
0.3
0.43999999999999995
0.0425
0.15
0.2225
0.44
0.30000000000000004
0.365
0.1375
0.3675
0.1375
0.165
0.0275
0.24
0.065
0.21500000000000002
0.1525
0.1125
0.045
0.235
0.045000000000000005
0.052500000000000005
0.25
0.0325
0.195
0.29000000000000004
0.1
0.1375
0.25
0.0775
0.12749999999999997
0.19999999999999998
0.09750000000000002
0.07
0.125
0.02
0.09
0.19
0.0775
0.05
0.1275
0.23
0.315
0.22749999999999998
0.06999999999999999
0.085
0.4125
0.2025
0.28250000000000003
0.27499999999999997
0.2525
0.24749999999999997
0.1325
0.27
0.16
0.1325
0.235
0.3375
0.145
0.1675
0.365
0.3125
0.2875
0.14750000000000002
0.2475
0.075
0.0975
0.1775
0.2225
0.055
0.07250000000000001
0.3825
0.0675
0.135
0.14
0.2333333333333333
0.12
0.14333333333333334
0.28
0.42
0.29333333333333333
0.49333333333333335
0.39333333333333337
0.14666666666666667
0.26666666666666666
0.023333333333333334
0.30333333333333334
0.11333333333333333
0.3433333333333333
0.12
0.5166666666666666
0.07333333333333335
0.07333333333333335
0.12
0.20333333333333334
0.04
0.2633333333333333
0.5966666666666667
0.1466666666666667
0.24666666666666667
0.12666666666666668
0.19333333333333336
0.04
0.26666666666666666
0.13
0.28
0.17333333333333334
0.15666666666666665
0.19666666666666668
0.03666666666666666
0.13999999999999999
0.17333333333333334
0.03333333333333333
0.053333333333333344
0.11333333333333334
0.21666666666666667
0.03333333333333333
0.3766666666666667
0.32
0.20000000000000004
0.07
0.02
0.5333333333333333
0.3433333333333333
0.09666666666666666
0.24333333333333332
0.18000000000000002
0.02
0.043333333333333335
0.016666666666666666
0.24
0.2366666666666667
0.09666666666666666
0.08
0.14333333333333334
0.27666666666666667
0.06333333333333334
0.11333333333333333
0.12
0.5033333333333333
0.09000000000000001
0.18000000000000002
0.11
0.35666666666666663
0.1366666666666667
0.03333333333333333
0.07333333333333333
0.2966666666666667
0.20333333333333334
0.02
0.016666666666666666
0.049999999999999996
0.02333333333333333
0.2966666666666667
0.06666666666666667
0.14666666666666667
0.07666666666666667
0.11666666666666665
0.24333333333333332
0.2966666666666667
0.07666666666666667
0.4166666666666667
0.20333333333333334
0.28
0.06
0.38000000000000006
0.25
0.24333333333333332
0.33
0.043333333333333335
0.18000000000000002
0.3566666666666667
0.30333333333333334
0.14333333333333334
0.3633333333333333
0.006666666666666667
0.19333333333333333
0.19999999999999998
0.2733333333333334
0.5433333333333333
0.013333333333333334
0.04
0.25
0.049999999999999996
0.29333333333333333
0.036666666666666674
0.016666666666666666
0.06666666666666667
0.37000000000000005
0.03666666666666666
0.056666666666666664
0.23666666666666666
0.16
0.21333333333333335
0.11666666666666668
0.25666666666666665
0.08
0.16333333333333336
0.09000000000000001
0.10666666666666667
0.26666666666666666
0.03
0.19666666666666668
0.12333333333333334
0.06
0.05333333333333334
0.06666666666666667
0.22333333333333336
0.39000000000000007
0.16333333333333333
0.01
0.29
0.22
0.17333333333333334
0.1366666666666667
0.19999999999999998
0.016666666666666666
0.03333333333333333
0.18000000000000002
0.36333333333333334
0.02333333333333333
0.20666666666666667
0.20666666666666667
0.2866666666666666
0.11
0.08333333333333333
0.3433333333333333
0.11
0.31
0.47000000000000003
0.02666666666666667
0.03666666666666667
0.20333333333333337
0.17333333333333334
0.32666666666666666
0.03666666666666666
0.29000000000000004
0.24333333333333332
0.10666666666666667
0.16333333333333333
0.15666666666666668
0.12000000000000001
0.09000000000000001
0.25333333333333335
0.19999999999999998
0.4566666666666666
0.24
0.2866666666666667
0.10666666666666667
0.14333333333333334
0.013333333333333334
0.45333333333333337
0.49000000000000005
0.16
0.21333333333333335
0.16
0.24333333333333337
0.04
0.37666666666666665
0.12
0.04666666666666667
0.09666666666666668
0.47333333333333333
0.2733333333333334
0.23333333333333336
0.05000000000000001
0.01
0.18000000000000002
0.053333333333333344
0.013333333333333334
0.13
0.19666666666666666
0.06333333333333334
0.18666666666666668
0.2733333333333333
0.21
0.28
0.043333333333333335
0.01
0.33666666666666667
0.07333333333333333
0.21333333333333335
0.2733333333333334
0.17
0.14333333333333334
0.16666666666666666
0.21333333333333335
0.12333333333333334
0.2933333333333333
0.12666666666666668
0.17666666666666667
0.11333333333333334
0.02
0.22999999999999998
0.17
0.24666666666666667
0.19333333333333336
0.21333333333333335
0.07333333333333333
0.18333333333333335
0.12666666666666668
0.02666666666666667
0.08666666666666667
0.14666666666666667
0.02
0.15
0.22999999999999998
0.13333333333333333
0.31
0.29333333333333333
0.13333333333333333
0.18666666666666668
0.4166666666666667
0.3
0.26
0.12666666666666668
0.4366666666666667
0.16666666666666666
0.20000000000000004
0.2966666666666667
0.17333333333333334
0.2866666666666667
0.3866666666666667
0.06666666666666667
0.15666666666666665
0.03333333333333333
0.15
0.06333333333333334
0.056666666666666664
0.030000000000000002
0.2633333333333333
0.30333333333333334
0.19000000000000003
0.06333333333333334
0.48000000000000004
0.12333333333333334
0.023333333333333334
0.29666666666666663
0.08666666666666667
0.14
0.24333333333333332
0.02666666666666666
0.21333333333333335
0.049999999999999996
0.29
0.5533333333333333
0.16333333333333333
0.07
0.18666666666666668
0.39999999999999997
0.07
0.11666666666666668
0.53
0.31333333333333335
0.26666666666666666
0.3133333333333333
0.16333333333333333
0.12
0.07333333333333333
0.2333333333333333
0.06
0.20666666666666667
0.30333333333333334
0.26
0.2733333333333334
0.01
0.22999999999999998
0.19333333333333336
0.016666666666666666
0.02333333333333333
0.13
0.29
0.06333333333333334
0.14666666666666667
0.18333333333333335
NaN
NaN
NaN
NaN
NaN
NaN
NaN
NaN
NaN
NaN
NaN
NaN
NaN
NaN
NaN
NaN
NaN
NaN
NaN
NaN
NaN
NaN
NaN
NaN
NaN
NaN
NaN
NaN
NaN
NaN
NaN
NaN
NaN
NaN
NaN
NaN
NaN
NaN
NaN
NaN
NaN
NaN
NaN
NaN
NaN
NaN
NaN
NaN
NaN
NaN
NaN
NaN
NaN
NaN
NaN
NaN
NaN
NaN
NaN
NaN
NaN
NaN
NaN
NaN
NaN
NaN
NaN
NaN
NaN
NaN
NaN
NaN
NaN
NaN
NaN
NaN
NaN
NaN
NaN
NaN
NaN
NaN
NaN
NaN
NaN
NaN
NaN
NaN
NaN
NaN
NaN
NaN
NaN
NaN
NaN
NaN
NaN
NaN
NaN
NaN
NaN
NaN
NaN
NaN
NaN
NaN
NaN
NaN
NaN
NaN
NaN
NaN
NaN
NaN
NaN
NaN
NaN
NaN
NaN
NaN
NaN
NaN
NaN
NaN
NaN
NaN
NaN
NaN
NaN
NaN
NaN
NaN
NaN
NaN
NaN
NaN
NaN
NaN
NaN
NaN
NaN
NaN
NaN
NaN
NaN
NaN
NaN
NaN
NaN
NaN
NaN
NaN
NaN
NaN
NaN
NaN
NaN
NaN
NaN
NaN
NaN
NaN
NaN
NaN
NaN
NaN
NaN
NaN
NaN
NaN
NaN
NaN
NaN
NaN
NaN
NaN
NaN
NaN
NaN
NaN
NaN
NaN
NaN
NaN
NaN
NaN
NaN
NaN
NaN
NaN
NaN
NaN
NaN
NaN
NaN
NaN
NaN
NaN
NaN
NaN
NaN
NaN
NaN
NaN
NaN
NaN
NaN
NaN
NaN
NaN
NaN
NaN
NaN
NaN
NaN
NaN
NaN
NaN
NaN
NaN
NaN
NaN
NaN
NaN
NaN
NaN
NaN
NaN
NaN
NaN
NaN
NaN
NaN
NaN
NaN
NaN
NaN
NaN
NaN
NaN
NaN
NaN
NaN
NaN
NaN
NaN
NaN
NaN
NaN
NaN
NaN
NaN
NaN
NaN
NaN
NaN
NaN
NaN
NaN
NaN
NaN
NaN
NaN
NaN
NaN
NaN
NaN
NaN
NaN
NaN
NaN
NaN
NaN
NaN
NaN
NaN
NaN
NaN
NaN
NaN
NaN
NaN
NaN
NaN
NaN
NaN
NaN
NaN
NaN
NaN
NaN
NaN
NaN
NaN
NaN
NaN
NaN
NaN
NaN
NaN
NaN
NaN
NaN
NaN
NaN
NaN
NaN
NaN
NaN
NaN
NaN
NaN
NaN
NaN
NaN
NaN
NaN
NaN
NaN
NaN
NaN
NaN
NaN
NaN
NaN
NaN
NaN
NaN
NaN
NaN
NaN
NaN
NaN
NaN
NaN
NaN
NaN
NaN
NaN
NaN
NaN
NaN
NaN
NaN
NaN
NaN
NaN
NaN
NaN
NaN
NaN
NaN
NaN
NaN
NaN
NaN
NaN
NaN
NaN
NaN
NaN
NaN
NaN
NaN
NaN
NaN
NaN
NaN
NaN
NaN
NaN
NaN
NaN
NaN
NaN
NaN
NaN
NaN
NaN
NaN
NaN
NaN
NaN
NaN
NaN
NaN
NaN
NaN
NaN
NaN
NaN
NaN
NaN
NaN
NaN
NaN
NaN
NaN
NaN
NaN
NaN
NaN
NaN
NaN
NaN
NaN
NaN
NaN
NaN
NaN
NaN
NaN
NaN
NaN
NaN
NaN
NaN
NaN
NaN
NaN
NaN
NaN
NaN
NaN
NaN
NaN
NaN
NaN
NaN
NaN
NaN
NaN
NaN
NaN
NaN
NaN
NaN
NaN
NaN
NaN
NaN
NaN
NaN
NaN
NaN
NaN
NaN
NaN
NaN
NaN
NaN
NaN
NaN
NaN
NaN
NaN
NaN
NaN
NaN
NaN
NaN
NaN
NaN
NaN
NaN
NaN
NaN
NaN
NaN
NaN
NaN
NaN
NaN
NaN
NaN
NaN
NaN
NaN
NaN
NaN
NaN
NaN
NaN
NaN
NaN
NaN
NaN
NaN
NaN
NaN
NaN
NaN
NaN
NaN
NaN
NaN
NaN
NaN
NaN
NaN
NaN
NaN
NaN
NaN
NaN
NaN
NaN
NaN
NaN
NaN
NaN
NaN
NaN
NaN
NaN
NaN
NaN
NaN
NaN
NaN
NaN
NaN
NaN
NaN
NaN
NaN
NaN
NaN
NaN
NaN
NaN
NaN
NaN
NaN
NaN
NaN
NaN
NaN
NaN
NaN
NaN
NaN
NaN
NaN
NaN
NaN
NaN
NaN
NaN
NaN
NaN
NaN
NaN
NaN
NaN
NaN
NaN
NaN
NaN
NaN
NaN
NaN
NaN
NaN
NaN
NaN
NaN
NaN
NaN
NaN
NaN
NaN
NaN
NaN
NaN
NaN
NaN
NaN
NaN
NaN
NaN
NaN
NaN
NaN
NaN
NaN
NaN
NaN
NaN
NaN
NaN
NaN
NaN
NaN
NaN
NaN
NaN
NaN
NaN
NaN
NaN
NaN
NaN
NaN
NaN
NaN
NaN
NaN
NaN
NaN
NaN
NaN
NaN
NaN
NaN
NaN
NaN
NaN
NaN
NaN
NaN
NaN
NaN
NaN
NaN
NaN
NaN
NaN
NaN
NaN
NaN
NaN
NaN
NaN
NaN
NaN
NaN
NaN
NaN
NaN
NaN
NaN
NaN
NaN
NaN
NaN
NaN
NaN
NaN
NaN
NaN
NaN
NaN
NaN
NaN
NaN
NaN
NaN
NaN
NaN
NaN
NaN
NaN
NaN
NaN
NaN
NaN
NaN
NaN
NaN
NaN
NaN
NaN
NaN
NaN
NaN
NaN
NaN
NaN
NaN
NaN
NaN
NaN
NaN
NaN
NaN
NaN
NaN
NaN
NaN
NaN
NaN
NaN
NaN
NaN
NaN
NaN
NaN
NaN
NaN
NaN
NaN
NaN
NaN
NaN
NaN
NaN
NaN
NaN
NaN
NaN
NaN
NaN
NaN
NaN
NaN
NaN
NaN
NaN
NaN
NaN
NaN
NaN
NaN
NaN
NaN
NaN
NaN
NaN
NaN
NaN
NaN
NaN
NaN
NaN
NaN
NaN
NaN
NaN
NaN
NaN
NaN
NaN
NaN
NaN
NaN
NaN
NaN
NaN
NaN
NaN
NaN
NaN
NaN
NaN
NaN
NaN
NaN
NaN
NaN
NaN
NaN
NaN
NaN
NaN
NaN
NaN
NaN
NaN
NaN
NaN
NaN
NaN
NaN
NaN
NaN
NaN
NaN
NaN
NaN
NaN
NaN
NaN
NaN
NaN
NaN
NaN
NaN
NaN
NaN
NaN
NaN
NaN
NaN
NaN
NaN
NaN
NaN
NaN
NaN
NaN
NaN
NaN
NaN
NaN
NaN
NaN
NaN
NaN
NaN
NaN
NaN
NaN
NaN
NaN
NaN
NaN
NaN
NaN
NaN
NaN
NaN
NaN
NaN
NaN
NaN
NaN
NaN
NaN
NaN
NaN
NaN
NaN
NaN
NaN
NaN
NaN
NaN
NaN
NaN
NaN
NaN
NaN
NaN
NaN
NaN
NaN
NaN
NaN
NaN
NaN
NaN
NaN
NaN
NaN
NaN
NaN
NaN
NaN
NaN
NaN
NaN
NaN
NaN
NaN
NaN
NaN
NaN
NaN
NaN
NaN
NaN
NaN
NaN
NaN
NaN
NaN
NaN
NaN
NaN
NaN
NaN
NaN
NaN
NaN
NaN
NaN
NaN
NaN
NaN
NaN
NaN
NaN
NaN
NaN
NaN
NaN
NaN
NaN
NaN
NaN
NaN
NaN
NaN
NaN
NaN
NaN
NaN
NaN
NaN
NaN
NaN
NaN
NaN
NaN
NaN
NaN
NaN
NaN
NaN
NaN
NaN
NaN
NaN
NaN
NaN
NaN
NaN
NaN
NaN
NaN
NaN
NaN
NaN
NaN
NaN
NaN
NaN
NaN
NaN
NaN
NaN
NaN
NaN
NaN
NaN
NaN
NaN
NaN
NaN
NaN
NaN
NaN
NaN
NaN
NaN
NaN
NaN
NaN
NaN
NaN
NaN
NaN
NaN
NaN
NaN
NaN
NaN
NaN
NaN
NaN
NaN
NaN
NaN
NaN
NaN
NaN
NaN
NaN
NaN
NaN
NaN
NaN
NaN
NaN
NaN
NaN
NaN
NaN
NaN
NaN
NaN
NaN
NaN
NaN
NaN
NaN
NaN
NaN
NaN
NaN
NaN
NaN
NaN
NaN
NaN
NaN
NaN
NaN
NaN
NaN
NaN
NaN
NaN
NaN
NaN
NaN
NaN
NaN
NaN
NaN
NaN
NaN
NaN
NaN
NaN
NaN
NaN
NaN
NaN
NaN
NaN
NaN
NaN
NaN
NaN
NaN
NaN
NaN
NaN
NaN
NaN
NaN
NaN
NaN
NaN
NaN
NaN
NaN
NaN
NaN
NaN
NaN
NaN
NaN
NaN
NaN
NaN
NaN
NaN
NaN
NaN
NaN
NaN
NaN
NaN
NaN
NaN
NaN
NaN
NaN
NaN
NaN
NaN
NaN
NaN
NaN
NaN
NaN
NaN
NaN
NaN
NaN
NaN
NaN
NaN
NaN
NaN
NaN
NaN
NaN
NaN
NaN
NaN
NaN
NaN
NaN
NaN
NaN
NaN
NaN
NaN
NaN
NaN
NaN
NaN
NaN
NaN
NaN
NaN
NaN
NaN
NaN
NaN
NaN
NaN
NaN
NaN
NaN
NaN
NaN
NaN
NaN
NaN
NaN
NaN
NaN
NaN
NaN
NaN
NaN
NaN
NaN
NaN
NaN
NaN
NaN
NaN
NaN
NaN
NaN
NaN
NaN
NaN
NaN
NaN
NaN
NaN
NaN
NaN
NaN
NaN
NaN
NaN
NaN
NaN
NaN
NaN
NaN
NaN
NaN
NaN
NaN
NaN
NaN
NaN
NaN
NaN
NaN
NaN
NaN
NaN
NaN
NaN
NaN
NaN
NaN
NaN
NaN
NaN
NaN
NaN
NaN
NaN
NaN
NaN
NaN
NaN
NaN
NaN
NaN
NaN
NaN
NaN
NaN
NaN
NaN
NaN
NaN
NaN
NaN
NaN
NaN
NaN
NaN
NaN
NaN
NaN
NaN
NaN
NaN
NaN
NaN
NaN
NaN
NaN
NaN
NaN
NaN
NaN
NaN
NaN
NaN
NaN
NaN
NaN
NaN
NaN
NaN
NaN
NaN
NaN
NaN
NaN
NaN
NaN
NaN
NaN
NaN
NaN
NaN
NaN
NaN
NaN
NaN
NaN
NaN
NaN
NaN
NaN
NaN
NaN
NaN
NaN
NaN
NaN
NaN
NaN
NaN
NaN
NaN
NaN
NaN
NaN
NaN
NaN
NaN
NaN
NaN
NaN
NaN
NaN
NaN
NaN
NaN
NaN
NaN
NaN
NaN
NaN
NaN
NaN
NaN
NaN
NaN
NaN
NaN
NaN
NaN
NaN
NaN
NaN
NaN
NaN
NaN
NaN
NaN
NaN
NaN
NaN
NaN
NaN
NaN
NaN
NaN
NaN
NaN
NaN
NaN
NaN
NaN
NaN
NaN
NaN
NaN
NaN
NaN
NaN
NaN
NaN
NaN
NaN
NaN
NaN
NaN
NaN
NaN
NaN
NaN
NaN
NaN
NaN
NaN
NaN
NaN
NaN
NaN
NaN
NaN
NaN
NaN
NaN
NaN
NaN
NaN
NaN
NaN
NaN
NaN
NaN
NaN
NaN
NaN
NaN
NaN
NaN
NaN
NaN
NaN
NaN
NaN
NaN
NaN
NaN
NaN
NaN
NaN
NaN
NaN
NaN
NaN
NaN
NaN
NaN
NaN
NaN
NaN
NaN
NaN
NaN
NaN
NaN
NaN
NaN
NaN
NaN
NaN
NaN
NaN
NaN
NaN
NaN
NaN
NaN
NaN
NaN
NaN
NaN
NaN
NaN
NaN
NaN
NaN
NaN
NaN
NaN
NaN
NaN
NaN
NaN
NaN
NaN
NaN
NaN
NaN
NaN
NaN
NaN
NaN
NaN
NaN
NaN
NaN
NaN
NaN
NaN
NaN
NaN
NaN
NaN
NaN
NaN
NaN
NaN
NaN
NaN
NaN
NaN
NaN
NaN
NaN
NaN
NaN
NaN
NaN
NaN
NaN
NaN
NaN
NaN
NaN
NaN
NaN
NaN
NaN
NaN
NaN
NaN
NaN
NaN
NaN
NaN
NaN
NaN
NaN
NaN
NaN
NaN
NaN
NaN
NaN
NaN
NaN
NaN
NaN
NaN
NaN
NaN
NaN
NaN
NaN
NaN
NaN
NaN
NaN
NaN
NaN
NaN
NaN
NaN
NaN
NaN
NaN
NaN
NaN
NaN
NaN
NaN
NaN
NaN
NaN
NaN
NaN
NaN
NaN
NaN
NaN
NaN
NaN
NaN
NaN
NaN
NaN
NaN
NaN
NaN
NaN
NaN
NaN
NaN
NaN
NaN
NaN
NaN
NaN
NaN
NaN
NaN
NaN
NaN
NaN
NaN
NaN
NaN
NaN
NaN
NaN
NaN
NaN
NaN
NaN
NaN
NaN
NaN
NaN
NaN
NaN
NaN
NaN
NaN
NaN
NaN
NaN
NaN
NaN
NaN
NaN
NaN
NaN
NaN
NaN
NaN
NaN
NaN
NaN
NaN
NaN
NaN
NaN
NaN
NaN
NaN
NaN
NaN
NaN
NaN
NaN
NaN
NaN
NaN
NaN
NaN
NaN
NaN
NaN
NaN
NaN
NaN
NaN
NaN
NaN
NaN
NaN
NaN
NaN
NaN
NaN
NaN
NaN
NaN
NaN
NaN
NaN
NaN
NaN
NaN
NaN
NaN
NaN
NaN
NaN
NaN
NaN
NaN
NaN
NaN
NaN
NaN
NaN
NaN
NaN
NaN
NaN
NaN
NaN
NaN
NaN
NaN
NaN
NaN
NaN
NaN
NaN
NaN
NaN
NaN
NaN
NaN
NaN
NaN
NaN
NaN
NaN
NaN
NaN
NaN
NaN
NaN
NaN
NaN
NaN
NaN
NaN
NaN
NaN
NaN
NaN
NaN
NaN
NaN
NaN
NaN
NaN
NaN
NaN
NaN
NaN
NaN
NaN
NaN
NaN
NaN
NaN
NaN
NaN
NaN
NaN
NaN
NaN
NaN
NaN
NaN
NaN
NaN
NaN
NaN
NaN
NaN
NaN
NaN
NaN
NaN
NaN
NaN
NaN
NaN
NaN
NaN
NaN
NaN
NaN
NaN
NaN
NaN
NaN
NaN
NaN
NaN
NaN
NaN
NaN
NaN
NaN
NaN
NaN
NaN
NaN
NaN
NaN
NaN
NaN
NaN
NaN
NaN
NaN
NaN
NaN
NaN
NaN
NaN
NaN
NaN
NaN
NaN
NaN
NaN
NaN
NaN
NaN
NaN
NaN
NaN
NaN
NaN
NaN
NaN
NaN
NaN
NaN
NaN
