0.17839195979899497
0.10175879396984924
0.15577889447236182
0.2738693467336683
0.24874371859296482
0.22738693467336685
0.28266331658291455
0.2851758793969849
0.2964824120603015
0.1708542713567839
0.24120603015075376
0.21608040201005024
0.2562814070351759
0.228643216080402
0.35678391959798994
0.16959798994974873
0.3517587939698492
0.3756281407035176
0.2123115577889447
0.28391959798994976
0.2876884422110553
0.0829145728643216
0.35050251256281406
0.27386934673366836
0.10678391959798997
0.11557788944723618
0.22613065326633167
0.2964824120603015
0.11180904522613067
0.26256281407035176
0.08165829145728644
0.4484924623115578
0.1407035175879397
0.1520100502512563
0.13693467336683418
0.11180904522613065
0.26256281407035176
0.1871859296482412
0.11306532663316583
0.12814070351758794
0.33542713567839194
0.2135678391959799
0.2298994974874372
0.43341708542713564
0.2864321608040201
0.03768844221105528
0.13190954773869346
0.3555276381909548
0.13693467336683418
0.15201005025125627
0.114321608040201
0.2814070351758794
0.12437185929648242
0.15829145728643215
0.31407035175879394
0.2236180904522613
0.2839195979899497
0.12688442211055276
0.1972361809045226
0.2185929648241206
0.1758793969849246
0.27386934673366836
0.2814070351758794
0.5414572864321607
0.2738693467336683
0.10175879396984924
0.20603015075376882
0.33040201005025127
0.2550251256281407
0.114321608040201
0.13944723618090454
0.16834170854271358
0.385678391959799
0.3203517587939699
0.135678391959799
0.10804020100502514
0.4384422110552764
0.11306532663316582
0.12814070351758794
0.2889447236180905
0.24371859296482412
0.28266331658291455
0.5138190954773869
0.26507537688442206
0.12311557788944724
0.1608040201005025
0.4258793969849246
0.16834170854271358
0.07160804020100503
0.2449748743718593
0.10678391959798997
0.25125628140703515
0.228643216080402
0.12185929648241206
0.13316582914572864
0.45854271356783927
0.15326633165829145
0.23115577889447234
0.23115577889447236
0.2386934673366834
0.5012562814070352
0.15326633165829145
0.39321608040201006
0.47110552763819097
0.20728643216080403
0.08040201005025124
0.3203517587939699
0.11180904522613067
0.08165829145728644
0.2600502512562814
0.17462311557788945
0.10301507537688442
0.23241206030150752
0.11055276381909547
0.2650753768844221
0.14321608040201003
0.34924623115577885
0.4522613065326633
0.10552763819095477
0.2776381909547739
0.3630653266331658
0.37814070351758794
0.3442211055276382
0.12939698492462312
0.114321608040201
0.25879396984924624
0.20100502512562812
0.07914572864321608
0.48115577889447236
0.08291457286432162
0.1306532663316583
0.07035175879396985
0.08542713567839197
0.3492462311557789
0.0992462311557789
0.13442211055276382
0.4472361809045226
0.18592964824120603
0.30904522613065327
0.24371859296482412
0.2776381909547739
0.23618090452261306
0.11055276381909548
0.46733668341708545
0.41206030150753764
0.3630653266331658
0.1909547738693467
0.30527638190954776
0.20477386934673367
0.3655778894472362
0.28768844221105533
0.22487437185929648
0.1520100502512563
0.30778894472361806
0.035175879396984924
0.3944723618090452
0.2236180904522613
0.3869346733668342
0.14195979899497488
0.2035175879396985
0.1758793969849246
0.22989949748743718
0.1306532663316583
0.18592964824120603
0.34296482412060303
0.08668341708542715
0.3869346733668342
0.14824120603015076
0.1871859296482412
0.15075376884422112
0.18467336683417085
0.13316582914572864
0.13944723618090452
0.15954773869346736
0.29522613065326636
0.1658291457286432
0.09798994974874373
0.14824120603015076
0.28015075376884424
0.31281407035175884
0.36809045226130654
0.08417085427135677
0.2914572864321608
0.2550251256281407
0.1620603015075377
0.11180904522613065
0.15829145728643218
0.28015075376884424
0.2663316582914573
0.16834170854271358
0.3404522613065327
0.14824120603015076
0.2185929648241206
0.1721105527638191
0.21231155778894473
0.39572864321608037
0.3178391959798995
0.17462311557788945
0.28643216080402006
0.08417085427135679
0.37185929648241206
0.2562814070351759
0.3743718592964824
0.29522613065326636
0.38567839195979897
0.29396984924623115
0.1972361809045226
0.3655778894472361
0.2814070351758794
0.1620603015075377
0.14447236180904524
0.4597989949748744
0.34798994974874375
0.19723618090452258
0.29773869346733667
0.32537688442211055
0.40954773869346733
0.3128140703517588
0.1092964824120603
0.18090452261306533
0.09673366834170853
0.1834170854271357
0.32537688442211055
0.12814070351758794
0.27638190954773867
0.2876884422110553
0.14321608040201006
0.5251256281407035
0.21859296482412058
0.2123115577889447
0.20351758793969849
0.24246231155778894
0.25125628140703515
0.2751256281407035
0.33542713567839194
0.20226130653266333
0.26633165829145733
0.19095477386934673
0.19974874371859297
0.2399497487437186
0.11683417085427136
0.15829145728643215
0.2412060301507538
0.2562814070351759
0.0942211055276382
0.3178391959798995
0.1407035175879397
0.20477386934673367
0.4736180904522613
0.2562814070351759
0.23869346733668342
0.22989949748743718
0.3291457286432161
0.09673366834170855
0.2135678391959799
0.13944723618090452
0.25251256281407036
0.16457286432160806
0.16331658291457285
0.228643216080402
0.15452261306532664
0.3228643216080402
0.16080402010050251
0.2185929648241206
0.3706030150753769
0.15577889447236182
0.17964824120603015
0.3379396984924623
0.15577889447236182
0.19849246231155782
0.2726130653266332
0.15201005025125627
0.31658291457286436
0.3517587939698492
0.2273869346733668
0.11180904522613067
0.38567839195979897
0.114321608040201
0.2801507537688442
0.40452261306532666
0.3165829145728643
0.16206030150753767
0.1444723618090452
0.22989949748743718
0.21733668341708542
0.1871859296482412
0.35050251256281406
0.1934673366834171
0.3668341708542714
0.34296482412060303
0.21105527638190957
0.2952261306532663
0.23743718592964824
0.1821608040201005
0.24120603015075376
0.21608040201005024
0.26633165829145733
0.06407035175879397
0.11180904522613067
0.3241206030150754
0.17964824120603012
0.1834170854271357
0.22110552763819094
0.26884422110552764
0.26256281407035176
0.19472361809045224
0.25
0.33291457286432163
0.10804020100502514
0.0464824120603015
0.23618090452261306
0.3103015075376884
0.22487437185929648
0.23869346733668342
0.24371859296482412
0.4623115577889447
0.22236180904522612
0.032663316582914576
0.2851758793969849
0.16457286432160803
0.2550251256281407
0.3781407035175879
0.16457286432160806
0.25
0.1984924623115578
0.5628140703517588
0.21733668341708542
0.3693467336683417
0.3027638190954774
0.11809045226130653
0.23492462311557788
0.27135678391959794
0.2663316582914573
0.07035175879396985
0.2562814070351759
0.15075376884422112
0.2876884422110553
0.27135678391959805
0.30527638190954776
0.24623115577889448
0.28266331658291455
0.19974874371859297
0.23492462311557788
0.19849246231155782
0.09798994974874373
0.23115577889447236
0.1871859296482412
0.1620603015075377
0.41582914572864327
0.22110552763819097
0.34296482412060303
0.3241206030150754
0.13442211055276382
0.2047738693467337
0.07537688442211056
0.314070351758794
0.3404522613065326
0.22738693467336685
0.1984924623115578
0.25879396984924624
0.07412060301507538
0.2298994974874372
0.3417085427135678
0.21984924623115576
0.2952261306532663
0.3291457286432161
0.23492462311557785
0.14195979899497488
0.20100502512562815
0.15201005025125627
0.25251256281407036
0.16834170854271358
0.43592964824120606
0.27638190954773867
0.14824120603015076
0.18090452261306533
0.07788944723618091
0.15326633165829148
0.31909547738693467
0.44472361809045224
0.25879396984924624
0.2876884422110553
0.4170854271356784
0.08040201005025126
0.22236180904522612
0.11683417085427136
0.09673366834170855
0.16331658291457285
0.3379396984924623
0.2386934673366834
0.10678391959798994
0.031407035175879394
0.2562814070351758
0.19974874371859297
0.1934673366834171
0.08668341708542714
0.07914572864321608
0.38190954773869346
0.34296482412060303
0.135678391959799
0.2839195979899497
0.36055276381909546
0.15829145728643218
0.1721105527638191
0.27889447236180903
0.41331658291457285
0.04396984924623115
0.21733668341708545
0.10175879396984924
0.40452261306532666
0.21356783919597988
0.13442211055276382
0.2814070351758794
0.18969849246231157
0.10552763819095477
0.07788944723618091
0.10678391959798994
0.08165829145728644
0.33668341708542715
0.19472361809045224
0.16834170854271358
0.28391959798994976
0.12562814070351758
0.16959798994974873
0.29396984924623115
0.2613065326633166
0.10301507537688442
0.4824120603015076
0.1670854271356784
0.3241206030150754
0.33919597989949746
0.2638190954773869
0.20100502512562812
0.13693467336683418
0.10929648241206029
0.2675879396984925
0.059045226130653265
0.26256281407035176
0.25753768844221103
0.18592964824120603
0.16959798994974873
0.35929648241206036
0.12562814070351758
0.20100502512562812
0.1871859296482412
0.1708542713567839
0.15201005025125627
0.25753768844221103
0.3153266331658291
0.2185929648241206
0.19095477386934676
0.20268006700167504
0.32998324958123953
0.26465661641541033
0.44891122278056955
0.2948073701842546
0.20603015075376885
0.30150753768844224
0.03350083752093802
0.10720268006700168
0.04522613065326633
0.304857621440536
0.1675041876046901
0.2914572864321608
0.3132328308207705
0.23953098827470687
0.15577889447236182
0.19597989949748743
0.16917922948073702
0.12395309882747069
0.2998324958123953
0.1306532663316583
0.1423785594639866
0.2663316582914573
0.1474036850921273
0.12227805695142378
0.22948073701842545
0.19262981574539365
0.10050251256281408
0.08877721943048578
0.15075376884422112
0.14237855946398661
0.09547738693467338
0.10385259631490788
0.22948073701842545
0.3517587939698492
0.13400335008375208
0.22780569514237856
0.041876046901172526
0.043551088777219436
0.2663316582914573
0.3517587939698492
0.23785594639865995
0.10720268006700168
0.06030150753768845
0.11055276381909547
0.21440536013400335
0.16582914572864324
0.15075376884422112
0.16080402010050251
0.1306532663316583
0.4187604690117253
0.4338358458961474
0.23115577889447236
0.36683417085427134
0.14070351758793967
0.44891122278056955
0.28475711892797323
0.07035175879396985
0.23785594639865995
0.2931323283082077
0.1206030150753769
0.05695142378559464
0.04020100502512563
0.038525963149078725
0.288107202680067
0.15912897822445563
0.36683417085427134
0.058626465661641536
0.19765494137353434
0.24288107202680065
0.2629815745393635
0.1574539363484087
0.2931323283082077
0.2797319932998325
0.07202680067001675
0.42378559463986604
0.3132328308207705
0.2814070351758794
0.1842546063651591
0.2512562814070352
0.25795644891122277
0.17922948073701842
0.3015075376884422
0.3517587939698492
0.16080402010050251
0.10050251256281406
0.3953098827470687
0.1742043551088777
0.19932998324958126
0.06030150753768843
0.2747068676716918
0.21775544388609713
0.11557788944723617
0.32998324958123953
0.135678391959799
0.11557788944723618
0.2512562814070352
0.16917922948073702
0.40201005025125625
0.1440536013400335
0.40368509212730314
0.43551088777219427
0.29480737018425457
0.12395309882747067
0.3869346733668341
0.13232830820770516
0.3031825795644891
0.18592964824120606
0.2931323283082077
0.1658291457286432
0.3316582914572865
0.2998324958123953
0.1624790619765494
0.271356783919598
0.34338358458961477
0.2964824120603015
0.41541038525963153
0.11725293132328307
0.1256281407035176
0.22110552763819094
0.1557788944723618
0.45393634840871017
0.1892797319932998
0.25293132328308204
0.21943048576214405
0.10720268006700168
0.11557788944723618
0.2797319932998325
0.3333333333333333
0.17252931323283083
0.2663316582914573
0.3316582914572864
0.09882747068676717
0.2747068676716918
0.07035175879396985
0.24790619765494137
0.33668341708542715
0.2964824120603015
0.01675041876046901
0.11557788944723618
0.17755443886097155
0.22445561139028472
0.28643216080402006
0.2830820770519263
0.09212730318257956
0.2747068676716918
0.06030150753768843
0.6783919597989949
0.340033500837521
0.5360134003350084
0.35175879396984927
0.2696817420435511
0.2830820770519263
0.21608040201005027
0.23785594639865995
0.21105527638190957
0.12897822445561138
0.28475711892797323
0.44053601340033505
0.3333333333333333
0.030150753768844223
0.16080402010050251
0.24623115577889446
0.33668341708542715
0.1222780569514238
0.20435510887772193
0.2696817420435511
0.21775544388609713
0.21105527638190957
0.12395309882747069
0.06532663316582914
0.5678391959798995
0.09045226130653267
0.10050251256281406
0.24790619765494137
0.31155778894472363
0.09882747068676717
0.04020100502512563
0.38358458961474035
0.22780569514237856
0.21608040201005027
0.16415410385259632
0.10552763819095479
0.06197654941373534
0.24623115577889446
0.29815745393634846
0.2680067001675042
0.4723618090452261
0.06365159128978225
0.3433835845896147
0.2830820770519263
0.35343383584589616
0.13232830820770516
0.27638190954773867
0.22948073701842545
0.2730318257956449
0.2797319932998325
0.08375209380234505
0.24623115577889446
0.43216080402010054
0.14070351758793967
0.1658291457286432
0.12227805695142378
0.20435510887772193
0.12395309882747069
0.2931323283082077
0.5527638190954774
0.20435510887772193
0.17420435510887775
0.19597989949748743
0.46566164154103856
0.271356783919598
0.3249581239530988
0.20100502512562812
0.2730318257956449
0.5041876046901173
0.23785594639866
0.2897822445561139
0.05862646566164154
0.18425460636515914
0.21273031825795644
0.3953098827470687
0.390284757118928
0.2964824120603015
0.3232830820770519
0.36180904522613067
0.3165829145728643
0.08877721943048576
0.3165829145728643
0.6231155778894473
0.17755443886097153
0.10552763819095477
0.08375209380234505
0.1474036850921273
0.19597989949748743
0.1340033500837521
0.3685092127303182
0.08040201005025126
0.2830820770519263
0.22780569514237858
0.18927973199329984
0.41038525963149075
0.2931323283082077
0.26800670016750416
0.23450586264656614
0.18760469011725292
0.22780569514237858
0.055276381909547735
0.08542713567839195
0.01340033500837521
0.02680067001675042
0.2495812395309883
0.16080402010050251
0.271356783919598
0.29313232830820773
0.31155778894472363
0.1390284757118928
0.1574539363484087
0.23115577889447234
0.18927973199329984
0.14237855946398661
0.20435510887772193
0.2763819095477387
0.1541038525963149
0.1206030150753769
0.11557788944723618
0.32663316582914576
0.11725293132328309
0.16917922948073702
0.2562814070351759
0.288107202680067
0.05025125628140704
0.26800670016750416
0.3132328308207705
0.24623115577889446
0.0033500837520938024
0.2495812395309883
0.1658291457286432
0.3132328308207705
0.07872696817420435
0.0
0.35510887772194305
0.24623115577889446
0.14237855946398661
0.16582914572864324
0.20603015075376885
0.15075376884422112
0.16917922948073702
0.058626465661641536
0.05025125628140703
0.10385259631490786
0.13400335008375208
0.19262981574539362
0.2663316582914573
0.18760469011725292
0.1407035175879397
0.1742043551088777
0.13902847571189278
0.33835845896147404
NaN
NaN
NaN
NaN
NaN
NaN
NaN
NaN
NaN
NaN
NaN
NaN
NaN
NaN
NaN
NaN
NaN
NaN
NaN
NaN
NaN
NaN
NaN
NaN
NaN
NaN
NaN
NaN
NaN
NaN
NaN
NaN
NaN
NaN
NaN
NaN
NaN
NaN
NaN
NaN
NaN
NaN
NaN
NaN
NaN
NaN
NaN
NaN
NaN
NaN
NaN
NaN
NaN
NaN
NaN
NaN
NaN
NaN
NaN
NaN
NaN
NaN
NaN
NaN
NaN
NaN
NaN
NaN
NaN
NaN
NaN
NaN
NaN
NaN
NaN
NaN
NaN
NaN
NaN
NaN
NaN
NaN
NaN
NaN
NaN
NaN
NaN
NaN
NaN
NaN
NaN
NaN
NaN
NaN
NaN
NaN
NaN
NaN
NaN
NaN
NaN
NaN
NaN
NaN
NaN
NaN
NaN
NaN
NaN
NaN
NaN
NaN
NaN
NaN
NaN
NaN
NaN
NaN
NaN
NaN
NaN
NaN
NaN
NaN
NaN
NaN
NaN
NaN
NaN
NaN
NaN
NaN
NaN
NaN
NaN
NaN
NaN
NaN
NaN
NaN
NaN
NaN
NaN
NaN
NaN
NaN
NaN
NaN
NaN
NaN
NaN
NaN
NaN
NaN
NaN
NaN
NaN
NaN
NaN
NaN
NaN
NaN
NaN
NaN
NaN
NaN
NaN
NaN
NaN
NaN
NaN
NaN
NaN
NaN
NaN
NaN
NaN
NaN
NaN
NaN
NaN
NaN
NaN
NaN
NaN
NaN
NaN
NaN
NaN
NaN
NaN
NaN
NaN
NaN
NaN
NaN
NaN
NaN
NaN
NaN
NaN
NaN
NaN
NaN
NaN
NaN
NaN
NaN
NaN
NaN
NaN
NaN
NaN
NaN
NaN
NaN
NaN
NaN
NaN
NaN
NaN
NaN
NaN
NaN
NaN
NaN
NaN
NaN
NaN
NaN
NaN
NaN
NaN
NaN
NaN
NaN
NaN
NaN
NaN
NaN
NaN
NaN
NaN
NaN
NaN
NaN
NaN
NaN
NaN
NaN
NaN
NaN
NaN
NaN
NaN
NaN
NaN
NaN
NaN
NaN
NaN
NaN
NaN
NaN
NaN
NaN
NaN
NaN
NaN
NaN
NaN
NaN
NaN
NaN
NaN
NaN
NaN
NaN
NaN
NaN
NaN
NaN
NaN
NaN
NaN
NaN
NaN
NaN
NaN
NaN
NaN
NaN
NaN
NaN
NaN
NaN
NaN
NaN
NaN
NaN
NaN
NaN
NaN
NaN
NaN
NaN
NaN
NaN
NaN
NaN
NaN
NaN
NaN
NaN
NaN
NaN
NaN
NaN
NaN
NaN
NaN
NaN
NaN
NaN
NaN
NaN
NaN
NaN
NaN
NaN
NaN
NaN
NaN
NaN
NaN
NaN
NaN
NaN
NaN
NaN
NaN
NaN
NaN
NaN
NaN
NaN
NaN
NaN
NaN
NaN
NaN
NaN
NaN
NaN
NaN
NaN
NaN
NaN
NaN
NaN
NaN
NaN
NaN
NaN
NaN
NaN
NaN
NaN
NaN
NaN
NaN
NaN
NaN
NaN
NaN
NaN
NaN
NaN
NaN
NaN
NaN
NaN
NaN
NaN
NaN
NaN
NaN
NaN
NaN
NaN
NaN
NaN
NaN
NaN
NaN
NaN
NaN
NaN
NaN
NaN
NaN
NaN
NaN
NaN
NaN
NaN
NaN
NaN
NaN
NaN
NaN
NaN
NaN
NaN
NaN
NaN
NaN
NaN
NaN
NaN
NaN
NaN
NaN
NaN
NaN
NaN
NaN
NaN
NaN
NaN
NaN
NaN
NaN
NaN
NaN
NaN
NaN
NaN
NaN
NaN
NaN
NaN
NaN
NaN
NaN
NaN
NaN
NaN
NaN
NaN
NaN
NaN
NaN
NaN
NaN
NaN
NaN
NaN
NaN
NaN
NaN
NaN
NaN
NaN
NaN
NaN
NaN
NaN
NaN
NaN
NaN
NaN
NaN
NaN
NaN
NaN
NaN
NaN
NaN
NaN
NaN
NaN
NaN
NaN
NaN
NaN
NaN
NaN
NaN
NaN
NaN
NaN
NaN
NaN
NaN
NaN
NaN
NaN
NaN
NaN
NaN
NaN
NaN
NaN
NaN
NaN
NaN
NaN
NaN
NaN
NaN
NaN
NaN
NaN
NaN
NaN
NaN
NaN
NaN
NaN
NaN
NaN
NaN
NaN
NaN
NaN
NaN
NaN
NaN
NaN
NaN
NaN
NaN
NaN
NaN
NaN
NaN
NaN
NaN
NaN
NaN
NaN
NaN
NaN
NaN
NaN
NaN
NaN
NaN
NaN
NaN
NaN
NaN
NaN
NaN
NaN
NaN
NaN
NaN
NaN
NaN
NaN
NaN
NaN
NaN
NaN
NaN
NaN
NaN
NaN
NaN
NaN
NaN
NaN
NaN
NaN
NaN
NaN
NaN
NaN
NaN
NaN
NaN
NaN
NaN
NaN
NaN
NaN
NaN
NaN
NaN
NaN
NaN
NaN
NaN
NaN
NaN
NaN
NaN
NaN
NaN
NaN
NaN
NaN
NaN
NaN
NaN
NaN
NaN
NaN
NaN
NaN
NaN
NaN
NaN
NaN
NaN
NaN
NaN
NaN
NaN
NaN
NaN
NaN
NaN
NaN
NaN
NaN
NaN
NaN
NaN
NaN
NaN
NaN
NaN
NaN
NaN
NaN
NaN
NaN
NaN
NaN
NaN
NaN
NaN
NaN
NaN
NaN
NaN
NaN
NaN
NaN
NaN
NaN
NaN
NaN
NaN
NaN
NaN
NaN
NaN
NaN
NaN
NaN
NaN
NaN
NaN
NaN
NaN
NaN
NaN
NaN
NaN
NaN
NaN
NaN
NaN
NaN
NaN
NaN
NaN
NaN
NaN
NaN
NaN
NaN
NaN
NaN
NaN
NaN
NaN
NaN
NaN
NaN
NaN
NaN
NaN
NaN
NaN
NaN
NaN
NaN
NaN
NaN
NaN
NaN
NaN
NaN
NaN
NaN
NaN
NaN
NaN
NaN
NaN
NaN
NaN
NaN
NaN
NaN
NaN
NaN
NaN
NaN
NaN
NaN
NaN
NaN
NaN
NaN
NaN
NaN
NaN
NaN
NaN
NaN
NaN
NaN
NaN
NaN
NaN
NaN
NaN
NaN
NaN
NaN
NaN
NaN
NaN
NaN
NaN
NaN
NaN
NaN
NaN
NaN
NaN
NaN
NaN
NaN
NaN
NaN
NaN
NaN
NaN
NaN
NaN
NaN
NaN
NaN
NaN
NaN
NaN
NaN
NaN
NaN
NaN
NaN
NaN
NaN
NaN
NaN
NaN
NaN
NaN
NaN
NaN
NaN
NaN
NaN
NaN
NaN
NaN
NaN
NaN
NaN
NaN
NaN
NaN
NaN
NaN
NaN
NaN
NaN
NaN
NaN
NaN
NaN
NaN
NaN
NaN
NaN
NaN
NaN
NaN
NaN
NaN
NaN
NaN
NaN
NaN
NaN
NaN
NaN
NaN
NaN
NaN
NaN
NaN
NaN
NaN
NaN
NaN
NaN
NaN
NaN
NaN
NaN
NaN
NaN
NaN
NaN
NaN
NaN
NaN
NaN
NaN
NaN
NaN
NaN
NaN
NaN
NaN
NaN
NaN
NaN
NaN
NaN
NaN
NaN
NaN
NaN
NaN
NaN
NaN
NaN
NaN
NaN
NaN
NaN
NaN
NaN
NaN
NaN
NaN
NaN
NaN
NaN
NaN
NaN
NaN
NaN
NaN
NaN
NaN
NaN
NaN
NaN
NaN
NaN
NaN
NaN
NaN
NaN
NaN
NaN
NaN
NaN
NaN
NaN
NaN
NaN
NaN
NaN
NaN
NaN
NaN
NaN
NaN
NaN
NaN
NaN
NaN
NaN
NaN
NaN
NaN
NaN
NaN
NaN
NaN
NaN
NaN
NaN
NaN
NaN
NaN
NaN
NaN
NaN
NaN
NaN
NaN
NaN
NaN
NaN
NaN
NaN
NaN
NaN
NaN
NaN
NaN
NaN
NaN
NaN
NaN
NaN
NaN
NaN
NaN
NaN
NaN
NaN
NaN
NaN
NaN
NaN
NaN
NaN
NaN
NaN
NaN
NaN
NaN
NaN
NaN
NaN
NaN
NaN
NaN
NaN
NaN
NaN
NaN
NaN
NaN
NaN
NaN
NaN
NaN
NaN
NaN
NaN
NaN
NaN
NaN
NaN
NaN
NaN
NaN
NaN
NaN
NaN
NaN
NaN
NaN
NaN
NaN
NaN
NaN
NaN
NaN
NaN
NaN
NaN
NaN
NaN
NaN
NaN
NaN
NaN
NaN
NaN
NaN
NaN
NaN
NaN
NaN
NaN
NaN
NaN
NaN
NaN
NaN
NaN
NaN
NaN
NaN
NaN
NaN
NaN
NaN
NaN
NaN
NaN
NaN
NaN
NaN
NaN
NaN
NaN
NaN
NaN
NaN
NaN
NaN
NaN
NaN
NaN
NaN
NaN
NaN
NaN
NaN
NaN
NaN
NaN
NaN
NaN
NaN
NaN
NaN
NaN
NaN
NaN
NaN
NaN
NaN
NaN
NaN
NaN
NaN
NaN
NaN
NaN
NaN
NaN
NaN
NaN
NaN
NaN
NaN
NaN
NaN
NaN
NaN
NaN
NaN
NaN
NaN
NaN
NaN
NaN
NaN
NaN
NaN
NaN
NaN
NaN
NaN
NaN
NaN
NaN
NaN
NaN
NaN
NaN
NaN
NaN
NaN
NaN
NaN
NaN
NaN
NaN
NaN
NaN
NaN
NaN
NaN
NaN
NaN
NaN
NaN
NaN
NaN
NaN
NaN
NaN
NaN
NaN
NaN
NaN
NaN
NaN
NaN
NaN
NaN
NaN
NaN
NaN
NaN
NaN
NaN
NaN
NaN
NaN
NaN
NaN
NaN
NaN
NaN
NaN
NaN
NaN
NaN
NaN
NaN
NaN
NaN
NaN
NaN
NaN
NaN
NaN
NaN
NaN
NaN
NaN
NaN
NaN
NaN
NaN
NaN
NaN
NaN
NaN
NaN
NaN
NaN
NaN
NaN
NaN
NaN
NaN
NaN
NaN
NaN
NaN
NaN
NaN
NaN
NaN
NaN
NaN
NaN
NaN
NaN
NaN
NaN
NaN
NaN
NaN
NaN
NaN
NaN
NaN
NaN
NaN
NaN
NaN
NaN
NaN
NaN
NaN
NaN
NaN
NaN
NaN
NaN
NaN
NaN
NaN
NaN
NaN
NaN
NaN
NaN
NaN
NaN
NaN
NaN
NaN
NaN
NaN
NaN
NaN
NaN
NaN
NaN
NaN
NaN
NaN
NaN
NaN
NaN
NaN
NaN
NaN
NaN
NaN
NaN
NaN
NaN
NaN
NaN
NaN
NaN
NaN
NaN
NaN
NaN
NaN
NaN
NaN
NaN
NaN
NaN
NaN
NaN
NaN
NaN
NaN
NaN
NaN
NaN
NaN
NaN
NaN
NaN
NaN
NaN
NaN
NaN
NaN
NaN
NaN
NaN
NaN
NaN
NaN
NaN
NaN
NaN
NaN
NaN
NaN
NaN
NaN
NaN
NaN
NaN
NaN
NaN
NaN
NaN
NaN
NaN
NaN
NaN
NaN
NaN
NaN
NaN
NaN
NaN
NaN
NaN
NaN
NaN
NaN
NaN
NaN
NaN
NaN
NaN
NaN
NaN
NaN
NaN
NaN
NaN
NaN
NaN
NaN
NaN
NaN
NaN
NaN
NaN
NaN
NaN
NaN
NaN
NaN
NaN
NaN
NaN
NaN
NaN
NaN
NaN
NaN
NaN
NaN
NaN
NaN
NaN
NaN
NaN
NaN
NaN
NaN
NaN
NaN
NaN
NaN
NaN
NaN
NaN
NaN
NaN
NaN
NaN
NaN
NaN
NaN
NaN
NaN
NaN
NaN
NaN
NaN
NaN
NaN
NaN
NaN
NaN
NaN
NaN
NaN
NaN
NaN
NaN
NaN
NaN
NaN
NaN
NaN
NaN
NaN
NaN
NaN
NaN
NaN
NaN
NaN
NaN
NaN
NaN
NaN
NaN
NaN
NaN
NaN
NaN
NaN
NaN
NaN
NaN
NaN
NaN
NaN
NaN
NaN
NaN
NaN
NaN
NaN
NaN
NaN
NaN
NaN
NaN
NaN
NaN
NaN
NaN
NaN
NaN
NaN
NaN
NaN
NaN
NaN
NaN
NaN
NaN
NaN
NaN
NaN
NaN
NaN
NaN
NaN
NaN
NaN
NaN
NaN
NaN
NaN
NaN
NaN
NaN
NaN
NaN
NaN
NaN
NaN
NaN
NaN
NaN
NaN
NaN
NaN
NaN
NaN
NaN
NaN
NaN
NaN
NaN
NaN
NaN
NaN
NaN
NaN
NaN
NaN
NaN
NaN
NaN
NaN
NaN
NaN
NaN
NaN
NaN
NaN
NaN
NaN
NaN
NaN
NaN
NaN
NaN
NaN
NaN
NaN
NaN
NaN
NaN
NaN
NaN
NaN
NaN
NaN
NaN
NaN
NaN
NaN
NaN
NaN
NaN
NaN
NaN
NaN
NaN
NaN
NaN
NaN
NaN
NaN
NaN
NaN
NaN
NaN
NaN
NaN
NaN
NaN
NaN
NaN
NaN
NaN
NaN
NaN
NaN
NaN
NaN
NaN
NaN
NaN
NaN
NaN
NaN
NaN
NaN
NaN
NaN
NaN
NaN
NaN
NaN
NaN
NaN
NaN
NaN
NaN
NaN
NaN
NaN
NaN
NaN
NaN
NaN
NaN
NaN
NaN
NaN
NaN
NaN
NaN
NaN
NaN
NaN
NaN
NaN
NaN
NaN
NaN
NaN
NaN
NaN
NaN
NaN
NaN
NaN
NaN
NaN
NaN
NaN
NaN
NaN
NaN
NaN
NaN
NaN
NaN
NaN
NaN
NaN
NaN
NaN
NaN
NaN
NaN
NaN
NaN
NaN
NaN
NaN
NaN
NaN
NaN
NaN
NaN
NaN
NaN
NaN
NaN
NaN
NaN
NaN
NaN
NaN
NaN
NaN
NaN
NaN
NaN
NaN
NaN
NaN
NaN
NaN
NaN
NaN
NaN
NaN
NaN
NaN
NaN
NaN
NaN
NaN
NaN
NaN
NaN
NaN
NaN
NaN
NaN
NaN
NaN
NaN
NaN
NaN
NaN
NaN
NaN
NaN
NaN
NaN
NaN
NaN
NaN
NaN
NaN
NaN
NaN
NaN
NaN
NaN
NaN
NaN
NaN
NaN
NaN
NaN
NaN
NaN
NaN
NaN
NaN
NaN
NaN
NaN
NaN
NaN
NaN
NaN
NaN
NaN
NaN
NaN
NaN
NaN
NaN
NaN
NaN
NaN
NaN
NaN
NaN
NaN
NaN
NaN
NaN
NaN
NaN
NaN
NaN
NaN
NaN
NaN
NaN
NaN
NaN
NaN
NaN
NaN
NaN
NaN
NaN
NaN
NaN
NaN
NaN
NaN
NaN
NaN
NaN
NaN
NaN
NaN
NaN
NaN
NaN
