0.2821285140562249
0.12248995983935743
0.25
0.19779116465863456
0.1887550200803213
0.2600401606425703
0.37550200803212846
0.2720883534136546
0.0783132530120482
0.22891566265060237
0.3785140562248996
0.19678714859437751
0.38654618473895586
0.16666666666666669
0.19879518072289157
0.19377510040160645
0.33333333333333337
0.214859437751004
0.2178714859437751
0.2761044176706827
0.2831325301204819
0.33232931726907633
0.13855421686746988
0.3453815261044177
0.4357429718875502
0.10542168674698794
0.18775100401606426
0.09337349397590361
0.1566265060240964
0.22991967871485944
0.13654618473895583
0.05622489959839358
0.0642570281124498
0.2429718875502008
0.17369477911646586
0.21285140562248997
0.17369477911646586
0.38052208835341367
0.392570281124498
0.31224899598393574
0.2319277108433735
0.19377510040160642
0.2259036144578313
0.15461847389558234
0.4578313253012048
0.1887550200803213
0.11345381526104417
0.2399598393574297
0.17771084337349397
0.23092369477911648
0.19477911646586343
0.07329317269076305
0.3353413654618474
0.39959839357429716
0.22891566265060243
0.34839357429718876
0.28012048192771083
0.4226907630522089
0.07329317269076305
0.2781124497991968
0.35040160642570284
0.15060240963855423
0.2068273092369478
0.22088353413654618
0.5622489959839357
0.4307228915662651
0.32630522088353414
0.24297188755020077
0.31526104417670686
0.21586345381526104
0.35642570281124497
0.14357429718875503
0.3674698795180723
0.1285140562248996
0.17771084337349397
0.057228915662650606
0.30522088353413657
0.20682730923694778
0.3755020080321285
0.1536144578313253
0.5100401606425703
0.27409638554216864
0.20682730923694778
0.15763052208835343
0.2911646586345381
0.1506024096385542
0.3313253012048193
0.15863453815261044
0.2831325301204819
0.36445783132530124
0.3433734939759036
0.17369477911646586
0.09136546184738956
0.1285140562248996
0.26305220883534136
0.15963855421686746
0.3835341365461848
0.22188755020080322
0.33534136546184734
0.3002008032128514
0.42168674698795183
0.1686746987951807
0.37048192771084343
0.09136546184738956
0.28815261044176704
0.31526104417670686
0.28212851405622486
0.08333333333333333
0.17971887550200805
0.12550200803212852
0.4568273092369478
0.20281124497991967
0.14457831325301204
0.17670682730923695
0.2319277108433735
0.3704819277108433
0.10240963855421686
0.18072289156626506
0.3443775100401606
0.08734939759036145
0.04919678714859438
0.14658634538152612
0.0753012048192771
0.11144578313253012
0.17369477911646586
0.6987951807228916
0.06325301204819278
0.2580321285140562
0.2881526104417671
0.24096385542168675
0.3042168674698795
0.21987951807228914
0.18674698795180722
0.06927710843373494
0.2861445783132531
0.12650602409638556
0.3072289156626506
0.2791164658634538
0.3112449799196787
0.20883534136546186
0.23393574297188754
0.45983935742971893
0.19779116465863453
0.2600401606425703
0.1897590361445783
0.3273092369477911
0.17269076305220885
0.4799196787148594
0.22389558232931728
0.29116465863453816
0.2560240963855422
0.3654618473895582
0.29518072289156627
0.3744979919678715
0.1606425702811245
0.4518072289156626
0.2108433734939759
0.1716867469879518
0.19377510040160642
0.1355421686746988
0.2761044176706827
0.18775100401606426
0.14658634538152612
0.3102409638554217
0.3704819277108434
0.19076305220883533
0.2058232931726908
0.321285140562249
0.2881526104417671
0.24397590361445784
0.30522088353413657
0.2881526104417671
0.5140562248995985
0.12951807228915663
0.12751004016064257
0.11244979919678716
0.19076305220883533
0.5441767068273092
0.178714859437751
0.1536144578313253
0.13554216867469882
0.36244979919678716
0.1214859437751004
0.3614457831325302
0.16164658634538154
0.28012048192771083
0.26907630522088355
0.21184738955823293
0.0823293172690763
0.19879518072289157
0.21285140562248994
0.356425702811245
0.12550200803212852
0.09939759036144578
0.1465863453815261
0.33433734939759036
0.1365461847389558
0.11144578313253012
0.17269076305220885
0.14859437751004015
0.2971887550200803
0.14156626506024095
0.0461847389558233
0.2560240963855422
0.10441767068273092
0.215863453815261
0.07931726907630522
0.27309236947791166
0.053212851405622486
0.1997991967871486
0.14357429718875503
0.21887550200803213
0.13654618473895583
0.22690763052208834
0.13855421686746988
0.21485943775100402
0.15863453815261042
0.33835341365461846
0.35542168674698793
0.3453815261044177
0.05923694779116466
0.2429718875502008
0.12650602409638553
0.17570281124497994
0.32530120481927716
0.31224899598393574
0.09738955823293172
0.21887550200803213
0.22690763052208834
0.13855421686746988
0.12550200803212852
0.15763052208835343
0.23092369477911645
0.18574297188755018
0.09236947791164658
0.11546184738955824
0.23895582329317272
0.055220883534136546
0.1465863453815261
0.40261044176706823
0.18172690763052207
0.3393574297188755
0.37349397590361444
0.12048192771084337
0.2660642570281125
0.20481927710843373
0.28012048192771083
0.22690763052208834
0.24297188755020077
0.2389558232931727
0.3112449799196787
0.21686746987951805
0.49598393574297195
0.07931726907630521
0.10642570281124497
0.2540160642570281
0.32228915662650603
0.37248995983935745
0.4457831325301205
0.23092369477911645
0.30522088353413657
0.26706827309236947
0.10542168674698794
0.2108433734939759
0.32630522088353414
0.18775100401606426
0.1285140562248996
0.2660642570281124
0.23192771084337346
0.2961847389558233
0.16867469879518074
0.2931726907630522
0.1757028112449799
0.20080321285140562
0.4046184738955823
0.2259036144578313
0.22991967871485944
0.2078313253012048
0.26305220883534136
0.18473895582329317
0.1927710843373494
0.2389558232931727
0.178714859437751
0.1646586345381526
0.07831325301204818
0.5502008032128515
0.19477911646586343
0.1676706827309237
0.19377510040160642
0.20080321285140562
0.3965863453815261
0.15963855421686748
0.22590361445783133
0.19979919678714858
0.22590361445783133
0.21987951807228917
0.463855421686747
0.2540160642570281
0.20883534136546184
0.20281124497991967
0.2248995983935743
0.12650602409638553
0.4688755020080321
0.572289156626506
0.24397590361445784
0.16767068273092373
0.09738955823293172
0.19377510040160642
0.15562248995983935
0.40963855421686746
0.3172690763052209
0.15863453815261044
0.10843373493975904
0.3072289156626506
0.09738955823293174
0.3805220883534136
0.1546184738955823
0.1897590361445783
0.3032128514056225
0.4226907630522088
0.30522088353413657
0.23092369477911645
0.285140562248996
0.14156626506024095
0.15763052208835343
0.02108433734939759
0.13955823293172692
0.4066265060240964
0.20883534136546184
0.22289156626506024
0.3744979919678715
0.12048192771084337
0.08032128514056225
0.4206827309236948
0.21285140562248994
0.20080321285140562
0.30823293172690763
0.30020080321285136
0.28915662650602403
0.15863453815261047
0.04819277108433735
0.22891566265060243
0.37650602409638556
0.5803212851405622
0.42771084337349397
0.23493975903614459
0.30522088353413657
0.07931726907630522
0.252008032128514
0.47690763052208834
0.4759036144578313
0.21987951807228917
0.2319277108433735
0.1536144578313253
0.18775100401606426
0.06526104417670682
0.32228915662650603
0.2891566265060241
0.2118473895582329
0.321285140562249
0.2600401606425703
0.20983935742971888
0.49497991967871485
0.0853413654618474
0.08433734939759036
0.4588353413654619
0.13052208835341367
0.3313253012048193
0.2700803212851406
0.21084337349397592
0.23092369477911648
0.16566265060240964
0.33433734939759036
0.32028112449799195
0.17971887550200805
0.3674698795180723
0.2901606425702811
0.1646586345381526
0.06224899598393574
0.321285140562249
0.13755020080321287
0.4146586345381526
0.2259036144578313
0.25301204819277107
0.4176706827309237
0.4487951807228916
0.31626506024096385
0.11546184738955823
0.0391566265060241
0.32228915662650603
0.2419678714859438
0.40963855421686746
0.25903614457831325
0.1857429718875502
0.3905622489959839
0.3875502008032129
0.3132530120481928
0.10843373493975902
0.24799196787148592
0.34437751004016065
0.3684738955823293
0.13152610441767068
0.31425702811244977
0.25100401606425704
0.2520080321285141
0.0783132530120482
0.1746987951807229
0.11044176706827309
0.15963855421686746
0.3855421686746988
0.2891566265060241
0.355421686746988
0.19076305220883533
0.07028112449799197
0.2188755020080321
0.2881526104417671
0.21887550200803213
0.06425702811244981
0.06526104417670683
0.321285140562249
0.19578313253012047
0.26907630522088355
0.12048192771084337
0.20883534136546184
0.14759036144578314
0.20682730923694778
0.2991967871485944
0.0783132530120482
0.14658634538152612
0.21285140562248994
0.10843373493975904
0.21485943775100402
0.18373493975903615
0.4648594377510041
0.2359437751004016
0.21586345381526106
0.2459839357429719
0.3965863453815261
0.1465863453815261
0.32228915662650603
0.26305220883534136
0.178714859437751
0.16666666666666666
0.14859437751004015
0.42570281124497994
0.22289156626506024
0.3002008032128514
0.2399598393574297
0.15261044176706828
0.5070281124497992
0.18574297188755023
0.02208835341365462
0.25702811244979923
0.35943775100401604
0.3132530120481928
0.019076305220883532
0.29216867469879515
0.2369477911646586
0.3825301204819277
0.3232931726907631
0.2781124497991968
0.25702811244979923
0.3242971887550201
0.321285140562249
0.33433734939759036
0.09538152610441766
0.14457831325301204
0.020080321285140562
0.1827309236947791
0.09337349397590361
0.1355421686746988
0.3714859437751004
0.30220883534136544
0.2108433734939759
0.2620481927710843
0.36646586345381527
0.2821285140562249
0.21586345381526104
0.25903614457831325
0.3825301204819277
0.2319277108433735
0.27911646586345384
0.22690763052208834
0.23995983935742973
0.13152610441767068
0.17971887550200805
0.28012048192771083
0.21485943775100402
0.1987951807228916
0.21987951807228917
0.20481927710843373
0.3795180722891567
0.13955823293172692
0.19176706827309237
0.43975903614457834
0.213855421686747
0.24096385542168675
0.28012048192771083
0.25100401606425704
0.27710843373493976
0.14759036144578314
0.30923694779116473
0.08132530120481928
0.4307228915662651
0.25
0.19076305220883533
0.31626506024096385
0.357429718875502
0.21184738955823293
0.11345381526104417
0.2680722891566265
0.14859437751004018
0.2600401606425703
0.17971887550200802
0.21184738955823296
0.1887550200803213
0.10843373493975904
0.3092369477911647
0.44879518072289154
0.40963855421686746
0.1576305220883534
0.48092369477911645
0.12248995983935743
0.10943775100401607
0.30622489959839355
0.426706827309237
0.15963855421686746
0.426706827309237
0.1034136546184739
0.2530120481927711
0.2178714859437751
0.24096385542168677
0.2680722891566265
0.30522088353413657
0.2961847389558233
0.1144578313253012
0.4086345381526104
0.19678714859437751
0.29718875502008035
0.07730923694779117
0.28012048192771083
0.3002008032128514
0.1355421686746988
0.3594377510040161
0.11345381526104419
0.32630522088353414
0.3373493975903614
0.13453815261044177
0.15261044176706828
0.3142570281124498
0.22690763052208834
0.1646586345381526
0.21485943775100402
0.15763052208835343
0.13554216867469882
0.1184738955823293
0.32530120481927705
0.3192771084337349
0.15562248995983935
0.38052208835341367
0.22690763052208834
0.13052208835341367
0.3504016064257028
0.286144578313253
0.25100401606425704
0.1716867469879518
0.13052208835341364
0.03112449799196787
0.3755020080321285
0.14859437751004018
0.11546184738955823
0.21184738955823296
0.2580321285140562
0.28815261044176704
0.22289156626506026
0.32630522088353414
0.2801204819277109
0.10441767068273092
0.4146586345381526
0.3845381526104418
0.28112449799196787
0.30622489959839355
0.16164658634538154
0.5050200803212851
0.2901606425702811
0.28413654618473894
0.3293172690763052
0.5120481927710844
0.41365461847389556
0.035140562248995984
0.26305220883534136
0.3393574297188755
0.14156626506024095
0.39759036144578314
0.49598393574297195
0.5341365461847389
0.11345381526104417
0.0893574297188755
0.12048192771084337
0.024096385542168676
0.31726907630522083
0.11144578313253012
0.2761044176706827
0.15562248995983935
0.20381526104417672
0.11345381526104417
0.3724899598393574
0.2359437751004016
0.11144578313253012
0.26907630522088355
0.19578313253012047
0.21586345381526104
0.12248995983935743
0.14156626506024095
0.31827309236947793
0.2530120481927711
0.14357429718875503
0.357429718875502
0.35943775100401604
0.4387550200803213
0.05923694779116466
0.36746987951807225
0.12349397590361447
0.3544176706827309
0.30220883534136544
0.1606425702811245
0.19678714859437751
0.21385542168674698
0.5652610441767069
0.13654618473895583
0.20281124497991967
0.1536144578313253
0.2580321285140562
0.20180722891566266
0.4006024096385542
0.32028112449799195
0.3795180722891566
0.21285140562248994
0.214859437751004
0.1827309236947791
0.31224899598393574
0.28012048192771083
0.21184738955823293
0.32228915662650603
0.32530120481927716
0.08032128514056225
0.1355421686746988
0.2971887550200803
0.21586345381526104
0.13654618473895583
0.18340026773761717
0.12583668005354753
0.2998661311914324
0.3293172690763052
0.24096385542168677
0.05890227576974565
0.05622489959839357
0.09504685408299866
0.3962516733601071
0.3253012048192771
0.4257028112449799
0.1686746987951807
0.2918340026773762
0.1499330655957162
0.1285140562248996
0.1820615796519411
0.2597054886211513
0.21017402945113792
0.15662650602409636
0.17938420348058903
0.04417670682730924
0.3949129852744311
0.392235609103079
0.4939759036144578
0.19946452476572954
0.6572958500669345
0.31593038821954483
0.28380187416332
0.3908969210174029
0.12048192771084339
0.10174029451137885
0.1994645247657296
0.30254350736278446
0.2931726907630522
0.06961178045515394
0.2008032128514056
0.15796519410977242
0.26907630522088355
0.31726907630522083
0.18607764390896922
0.13788487282463188
0.3868808567603748
0.33065595716198126
0.09906291834002678
0.2476572958500669
0.21552878179384205
0.34270414993306564
0.40026773761713513
0.20883534136546186
0.1713520749665328
0.5809906291834003
0.09504685408299866
0.4310575635876841
0.49531459170013387
0.3279785809906292
0.12048192771084337
0.1860776439089692
0.19544846050870146
0.38688085676037476
0.08969210174029452
0.2757697456492637
0.31593038821954483
0.17001338688085676
0.2074966532797858
0.17001338688085676
0.2597054886211512
0.17938420348058903
0.36947791164658633
0.1820615796519411
0.250334672021419
0.4819277108433735
0.5421686746987951
0.3038821954484605
0.057563587684069606
0.1111111111111111
0.4016064257028112
0.2556894243641232
0.09906291834002678
0.4912985274431058
0.35742971887550196
0.3386880856760375
0.32262382864792505
0.1753681392235609
0.18473895582329317
0.31459170013386883
0.13520749665327977
0.12048192771084336
0.3092369477911647
0.46318607764390896
0.3373493975903615
0.20214190093708165
0.19277108433734938
0.21151271753681392
0.31994645247657294
0.18072289156626506
0.3507362784471218
0.179384203480589
0.17670682730923695
0.2824631860776439
0.2034805890227577
NaN
NaN
NaN
NaN
NaN
NaN
NaN
NaN
NaN
NaN
NaN
NaN
NaN
NaN
NaN
NaN
NaN
NaN
NaN
NaN
NaN
NaN
NaN
NaN
NaN
NaN
NaN
NaN
NaN
NaN
NaN
NaN
NaN
NaN
NaN
NaN
NaN
NaN
NaN
NaN
NaN
NaN
NaN
NaN
NaN
NaN
NaN
NaN
NaN
NaN
NaN
NaN
NaN
NaN
NaN
NaN
NaN
NaN
NaN
NaN
NaN
NaN
NaN
NaN
NaN
NaN
NaN
NaN
NaN
NaN
NaN
NaN
NaN
NaN
NaN
NaN
NaN
NaN
NaN
NaN
NaN
NaN
NaN
NaN
NaN
NaN
NaN
NaN
NaN
NaN
NaN
NaN
NaN
NaN
NaN
NaN
NaN
NaN
NaN
NaN
NaN
NaN
NaN
NaN
NaN
NaN
NaN
NaN
NaN
NaN
NaN
NaN
NaN
NaN
NaN
NaN
NaN
NaN
NaN
NaN
NaN
NaN
NaN
NaN
NaN
NaN
NaN
NaN
NaN
NaN
NaN
NaN
NaN
NaN
NaN
NaN
NaN
NaN
NaN
NaN
NaN
NaN
NaN
NaN
NaN
NaN
NaN
NaN
NaN
NaN
NaN
NaN
NaN
NaN
NaN
NaN
NaN
NaN
NaN
NaN
NaN
NaN
NaN
NaN
NaN
NaN
NaN
NaN
NaN
NaN
NaN
NaN
NaN
NaN
NaN
NaN
NaN
NaN
NaN
NaN
NaN
NaN
NaN
NaN
NaN
NaN
NaN
NaN
NaN
NaN
NaN
NaN
NaN
NaN
NaN
NaN
NaN
NaN
NaN
NaN
NaN
NaN
NaN
NaN
NaN
NaN
NaN
NaN
NaN
NaN
NaN
NaN
NaN
NaN
NaN
NaN
NaN
NaN
NaN
NaN
NaN
NaN
NaN
NaN
NaN
NaN
NaN
NaN
NaN
NaN
NaN
NaN
NaN
NaN
NaN
NaN
NaN
NaN
NaN
NaN
NaN
NaN
NaN
NaN
NaN
NaN
NaN
NaN
NaN
NaN
NaN
NaN
NaN
NaN
NaN
NaN
NaN
NaN
NaN
NaN
NaN
NaN
NaN
NaN
NaN
NaN
NaN
NaN
NaN
NaN
NaN
NaN
NaN
NaN
NaN
NaN
NaN
NaN
NaN
NaN
NaN
NaN
NaN
NaN
NaN
NaN
NaN
NaN
NaN
NaN
NaN
NaN
NaN
NaN
NaN
NaN
NaN
NaN
NaN
NaN
NaN
NaN
NaN
NaN
NaN
NaN
NaN
NaN
NaN
NaN
NaN
NaN
NaN
NaN
NaN
NaN
NaN
NaN
NaN
NaN
NaN
NaN
NaN
NaN
NaN
NaN
NaN
NaN
NaN
NaN
NaN
NaN
NaN
NaN
NaN
NaN
NaN
NaN
NaN
NaN
NaN
NaN
NaN
NaN
NaN
NaN
NaN
NaN
NaN
NaN
NaN
NaN
NaN
NaN
NaN
NaN
NaN
NaN
NaN
NaN
NaN
NaN
NaN
NaN
NaN
NaN
NaN
NaN
NaN
NaN
NaN
NaN
NaN
NaN
NaN
NaN
NaN
NaN
NaN
NaN
NaN
NaN
NaN
NaN
NaN
NaN
NaN
NaN
NaN
NaN
NaN
NaN
NaN
NaN
NaN
NaN
NaN
NaN
NaN
NaN
NaN
NaN
NaN
NaN
NaN
NaN
NaN
NaN
NaN
NaN
NaN
NaN
NaN
NaN
NaN
NaN
NaN
NaN
NaN
NaN
NaN
NaN
NaN
NaN
NaN
NaN
NaN
NaN
NaN
NaN
NaN
NaN
NaN
NaN
NaN
NaN
NaN
NaN
NaN
NaN
NaN
NaN
NaN
NaN
NaN
NaN
NaN
NaN
NaN
NaN
NaN
NaN
NaN
NaN
NaN
NaN
NaN
NaN
NaN
NaN
NaN
NaN
NaN
NaN
NaN
NaN
NaN
NaN
NaN
NaN
NaN
NaN
NaN
NaN
NaN
NaN
NaN
NaN
NaN
NaN
NaN
NaN
NaN
NaN
NaN
NaN
NaN
NaN
NaN
NaN
NaN
NaN
NaN
NaN
NaN
NaN
NaN
NaN
NaN
NaN
NaN
NaN
NaN
NaN
NaN
NaN
NaN
NaN
NaN
NaN
NaN
NaN
NaN
NaN
NaN
NaN
NaN
NaN
NaN
NaN
NaN
NaN
NaN
NaN
NaN
NaN
NaN
NaN
NaN
NaN
NaN
NaN
NaN
NaN
NaN
NaN
NaN
NaN
NaN
NaN
NaN
NaN
NaN
NaN
NaN
NaN
NaN
NaN
NaN
NaN
NaN
NaN
NaN
NaN
NaN
NaN
NaN
NaN
NaN
NaN
NaN
NaN
NaN
NaN
NaN
NaN
NaN
NaN
NaN
NaN
NaN
NaN
NaN
NaN
NaN
NaN
NaN
NaN
NaN
NaN
NaN
NaN
NaN
NaN
NaN
NaN
NaN
NaN
NaN
NaN
NaN
NaN
NaN
NaN
NaN
NaN
NaN
NaN
NaN
NaN
NaN
NaN
NaN
NaN
NaN
NaN
NaN
NaN
NaN
NaN
NaN
NaN
NaN
NaN
NaN
NaN
NaN
NaN
NaN
NaN
NaN
NaN
NaN
NaN
NaN
NaN
NaN
NaN
NaN
NaN
NaN
NaN
NaN
NaN
NaN
NaN
NaN
NaN
NaN
NaN
NaN
NaN
NaN
NaN
NaN
NaN
NaN
NaN
NaN
NaN
NaN
NaN
NaN
NaN
NaN
NaN
NaN
NaN
NaN
NaN
NaN
NaN
NaN
NaN
NaN
NaN
NaN
NaN
NaN
NaN
NaN
NaN
NaN
NaN
NaN
NaN
NaN
NaN
NaN
NaN
NaN
NaN
NaN
NaN
NaN
NaN
NaN
NaN
NaN
NaN
NaN
NaN
NaN
NaN
NaN
NaN
NaN
NaN
NaN
NaN
NaN
NaN
NaN
NaN
NaN
NaN
NaN
NaN
NaN
NaN
NaN
NaN
NaN
NaN
NaN
NaN
NaN
NaN
NaN
NaN
NaN
NaN
NaN
NaN
NaN
NaN
NaN
NaN
NaN
NaN
NaN
NaN
NaN
NaN
NaN
NaN
NaN
NaN
NaN
NaN
NaN
NaN
NaN
NaN
NaN
NaN
NaN
NaN
NaN
NaN
NaN
NaN
NaN
NaN
NaN
NaN
NaN
NaN
NaN
NaN
NaN
NaN
NaN
NaN
NaN
NaN
NaN
NaN
NaN
NaN
NaN
NaN
NaN
NaN
NaN
NaN
NaN
NaN
NaN
NaN
NaN
NaN
NaN
NaN
NaN
NaN
NaN
NaN
NaN
NaN
NaN
NaN
NaN
NaN
NaN
NaN
NaN
NaN
NaN
NaN
NaN
NaN
NaN
NaN
NaN
NaN
NaN
NaN
NaN
NaN
NaN
NaN
NaN
NaN
NaN
NaN
NaN
NaN
NaN
NaN
NaN
NaN
NaN
NaN
NaN
NaN
NaN
NaN
NaN
NaN
NaN
NaN
NaN
NaN
NaN
NaN
NaN
NaN
NaN
NaN
NaN
NaN
NaN
NaN
NaN
NaN
NaN
NaN
NaN
NaN
NaN
NaN
NaN
NaN
NaN
NaN
NaN
NaN
NaN
NaN
NaN
NaN
NaN
NaN
NaN
NaN
NaN
NaN
NaN
NaN
NaN
NaN
NaN
NaN
NaN
NaN
NaN
NaN
NaN
NaN
NaN
NaN
NaN
NaN
NaN
NaN
NaN
NaN
NaN
NaN
NaN
NaN
NaN
NaN
NaN
NaN
NaN
NaN
NaN
NaN
NaN
NaN
NaN
NaN
NaN
NaN
NaN
NaN
NaN
NaN
NaN
NaN
NaN
NaN
NaN
NaN
NaN
NaN
NaN
NaN
NaN
NaN
NaN
NaN
NaN
NaN
NaN
NaN
NaN
NaN
NaN
NaN
NaN
NaN
NaN
NaN
NaN
NaN
NaN
NaN
NaN
NaN
NaN
NaN
NaN
NaN
NaN
NaN
NaN
NaN
NaN
NaN
NaN
NaN
NaN
NaN
NaN
NaN
NaN
NaN
NaN
NaN
NaN
NaN
NaN
NaN
NaN
NaN
NaN
NaN
NaN
NaN
NaN
NaN
NaN
NaN
NaN
NaN
NaN
NaN
NaN
NaN
NaN
NaN
NaN
NaN
NaN
NaN
NaN
NaN
NaN
NaN
NaN
NaN
NaN
NaN
NaN
NaN
NaN
NaN
NaN
NaN
NaN
NaN
NaN
NaN
NaN
NaN
NaN
NaN
NaN
NaN
NaN
NaN
NaN
NaN
NaN
NaN
NaN
NaN
NaN
NaN
NaN
NaN
NaN
NaN
NaN
NaN
NaN
NaN
NaN
NaN
NaN
NaN
NaN
NaN
NaN
NaN
NaN
NaN
NaN
NaN
NaN
NaN
NaN
NaN
NaN
NaN
NaN
NaN
NaN
NaN
NaN
NaN
NaN
NaN
NaN
NaN
NaN
NaN
NaN
NaN
NaN
NaN
NaN
NaN
NaN
NaN
NaN
NaN
NaN
NaN
NaN
NaN
NaN
NaN
NaN
NaN
NaN
NaN
NaN
NaN
NaN
NaN
NaN
NaN
NaN
NaN
NaN
NaN
NaN
NaN
NaN
NaN
NaN
NaN
NaN
NaN
NaN
NaN
NaN
NaN
NaN
NaN
NaN
NaN
NaN
NaN
NaN
NaN
NaN
NaN
NaN
NaN
NaN
NaN
NaN
NaN
NaN
NaN
NaN
NaN
NaN
NaN
NaN
NaN
NaN
NaN
NaN
NaN
NaN
NaN
NaN
NaN
NaN
NaN
NaN
NaN
NaN
NaN
NaN
NaN
NaN
NaN
NaN
NaN
NaN
NaN
NaN
NaN
NaN
NaN
NaN
NaN
NaN
NaN
NaN
NaN
NaN
NaN
NaN
NaN
NaN
NaN
NaN
NaN
NaN
NaN
NaN
NaN
NaN
NaN
NaN
NaN
NaN
NaN
NaN
NaN
NaN
NaN
NaN
NaN
NaN
NaN
NaN
NaN
NaN
NaN
NaN
NaN
NaN
NaN
NaN
NaN
NaN
NaN
NaN
NaN
NaN
NaN
NaN
NaN
NaN
NaN
NaN
NaN
NaN
NaN
NaN
NaN
NaN
NaN
NaN
NaN
NaN
NaN
NaN
NaN
NaN
NaN
NaN
NaN
NaN
NaN
NaN
NaN
NaN
NaN
NaN
NaN
NaN
NaN
NaN
NaN
NaN
NaN
NaN
NaN
NaN
NaN
NaN
NaN
NaN
NaN
NaN
NaN
NaN
NaN
NaN
NaN
NaN
NaN
NaN
NaN
NaN
NaN
NaN
NaN
NaN
NaN
NaN
NaN
NaN
NaN
NaN
NaN
NaN
NaN
NaN
NaN
NaN
NaN
NaN
NaN
NaN
NaN
NaN
NaN
NaN
NaN
NaN
NaN
NaN
NaN
NaN
NaN
NaN
NaN
NaN
NaN
NaN
NaN
NaN
NaN
NaN
NaN
NaN
NaN
NaN
NaN
NaN
NaN
NaN
NaN
NaN
NaN
NaN
NaN
NaN
NaN
NaN
NaN
NaN
NaN
NaN
NaN
NaN
NaN
NaN
NaN
NaN
NaN
NaN
NaN
NaN
NaN
NaN
NaN
NaN
NaN
NaN
NaN
NaN
NaN
NaN
NaN
NaN
NaN
NaN
NaN
NaN
NaN
NaN
NaN
NaN
NaN
NaN
NaN
NaN
NaN
NaN
NaN
NaN
NaN
NaN
NaN
NaN
NaN
NaN
NaN
NaN
NaN
NaN
NaN
NaN
NaN
NaN
NaN
NaN
NaN
NaN
NaN
NaN
NaN
NaN
NaN
NaN
NaN
NaN
NaN
NaN
NaN
NaN
NaN
NaN
NaN
NaN
NaN
NaN
NaN
NaN
NaN
NaN
NaN
NaN
NaN
NaN
NaN
NaN
NaN
NaN
NaN
NaN
NaN
NaN
NaN
NaN
NaN
NaN
NaN
NaN
NaN
NaN
NaN
NaN
NaN
NaN
NaN
NaN
NaN
NaN
NaN
NaN
NaN
NaN
NaN
NaN
NaN
NaN
NaN
NaN
NaN
NaN
NaN
NaN
NaN
NaN
NaN
NaN
NaN
NaN
NaN
NaN
NaN
NaN
NaN
NaN
NaN
NaN
NaN
NaN
NaN
NaN
NaN
NaN
NaN
NaN
NaN
NaN
NaN
NaN
NaN
NaN
NaN
NaN
NaN
NaN
NaN
NaN
NaN
NaN
NaN
NaN
NaN
NaN
NaN
NaN
NaN
NaN
NaN
NaN
NaN
NaN
NaN
NaN
NaN
NaN
NaN
NaN
NaN
NaN
NaN
NaN
NaN
NaN
NaN
NaN
NaN
NaN
NaN
NaN
NaN
NaN
NaN
NaN
NaN
NaN
NaN
NaN
NaN
NaN
NaN
NaN
NaN
NaN
NaN
NaN
NaN
NaN
NaN
NaN
NaN
NaN
NaN
NaN
NaN
NaN
NaN
NaN
NaN
NaN
NaN
NaN
NaN
NaN
NaN
NaN
NaN
NaN
NaN
NaN
NaN
NaN
NaN
NaN
NaN
NaN
NaN
NaN
NaN
NaN
NaN
NaN
NaN
NaN
NaN
NaN
NaN
NaN
NaN
NaN
NaN
NaN
NaN
NaN
NaN
NaN
NaN
NaN
NaN
NaN
NaN
NaN
NaN
NaN
NaN
NaN
NaN
NaN
NaN
NaN
NaN
NaN
NaN
NaN
NaN
NaN
NaN
NaN
NaN
NaN
NaN
NaN
NaN
NaN
NaN
NaN
NaN
NaN
NaN
NaN
NaN
NaN
NaN
NaN
NaN
NaN
NaN
NaN
NaN
NaN
NaN
NaN
NaN
NaN
NaN
NaN
NaN
NaN
NaN
NaN
NaN
NaN
NaN
NaN
NaN
NaN
NaN
NaN
NaN
NaN
NaN
NaN
NaN
NaN
NaN
NaN
NaN
NaN
NaN
NaN
NaN
NaN
NaN
NaN
NaN
NaN
NaN
NaN
NaN
NaN
NaN
NaN
NaN
NaN
NaN
NaN
NaN
NaN
NaN
NaN
NaN
NaN
NaN
NaN
NaN
NaN
NaN
NaN
NaN
NaN
NaN
NaN
NaN
NaN
NaN
NaN
NaN
NaN
NaN
NaN
NaN
NaN
NaN
NaN
NaN
NaN
NaN
NaN
NaN
NaN
NaN
NaN
NaN
NaN
NaN
NaN
NaN
NaN
NaN
NaN
NaN
NaN
NaN
NaN
NaN
NaN
NaN
NaN
NaN
NaN
NaN
NaN
NaN
NaN
NaN
NaN
NaN
NaN
NaN
NaN
NaN
NaN
NaN
NaN
NaN
NaN
NaN
NaN
NaN
NaN
NaN
NaN
NaN
NaN
NaN
NaN
NaN
NaN
NaN
NaN
NaN
NaN
NaN
NaN
NaN
NaN
NaN
NaN
NaN
