0.10583333333333333
0.22916666666666669
0.21583333333333332
0.4208333333333333
0.3883333333333333
0.39583333333333337
0.17666666666666667
0.26666666666666666
0.16833333333333333
0.0875
0.4325
0.2758333333333333
0.06083333333333333
0.19583333333333333
0.24416666666666667
0.4650000000000001
0.3091666666666667
0.15083333333333332
0.3425
0.26999999999999996
0.3325
0.19333333333333333
0.34833333333333333
0.45249999999999996
0.3508333333333334
0.26833333333333337
0.11833333333333332
0.12
0.3391666666666666
0.15250000000000002
0.12666666666666668
0.24583333333333335
0.13166666666666665
0.23750000000000002
0.27416666666666667
0.17083333333333334
0.24833333333333332
0.32916666666666666
0.3075
0.20166666666666666
0.3625
0.27666666666666667
0.18583333333333335
0.3125
0.265
0.365
0.3325
0.29583333333333334
0.2916666666666667
0.18083333333333335
0.5308333333333334
0.16166666666666668
0.3358333333333334
0.5208333333333333
0.21750000000000003
0.38416666666666666
0.4116666666666666
0.4741666666666667
0.4983333333333333
0.4875
0.1775
0.19833333333333333
0.23250000000000004
0.3458333333333334
0.3383333333333334
0.21916666666666668
0.31333333333333335
0.27
0.22499999999999998
0.37166666666666665
0.050833333333333335
0.30916666666666665
0.26916666666666667
0.3775
0.4791666666666667
0.27416666666666667
0.295
0.47583333333333333
0.4066666666666666
0.29166666666666663
0.2966666666666667
0.3541666666666667
0.2775
0.3575
0.2533333333333333
0.33333333333333337
0.19833333333333333
0.21916666666666668
0.2783333333333333
0.22916666666666666
0.42833333333333334
0.3983333333333333
0.215
0.26416666666666666
0.15916666666666665
0.225
0.20416666666666666
0.26416666666666666
0.11
0.23416666666666666
0.15250000000000002
0.3766666666666667
0.22416666666666665
0.32166666666666666
0.2625
0.08666666666666667
0.26166666666666666
0.29583333333333334
0.4341666666666667
0.32916666666666666
0.21833333333333332
0.39249999999999996
0.2675
0.2475
0.25833333333333336
0.2775
0.1625
0.4241666666666667
0.3483333333333333
0.31250000000000006
0.1625
0.09083333333333334
0.16333333333333333
0.16666666666666666
0.2791666666666667
0.1525
0.3425
0.16499999999999998
0.21000000000000002
0.19749999999999998
0.11666666666666667
0.23416666666666666
0.1325
0.23416666666666663
0.3733333333333333
0.1575
0.20583333333333334
0.06
0.09916666666666667
0.15166666666666667
0.32
0.27083333333333337
0.19166666666666665
0.12916666666666665
0.155
0.28
0.19083333333333335
0.3558333333333333
0.2566666666666667
0.2125
0.22916666666666669
0.2375
0.3175
0.26083333333333336
0.11833333333333332
0.26333333333333336
0.14666666666666667
0.30583333333333335
0.4325
0.12833333333333335
0.13666666666666666
0.33083333333333337
0.14416666666666667
0.33749999999999997
0.2808333333333333
0.14
0.5025
0.15583333333333332
0.20583333333333334
0.3725
0.1691666666666667
0.24250000000000002
0.16999999999999998
0.5433333333333333
0.26083333333333336
0.14583333333333331
0.12416666666666668
0.31499999999999995
0.24
0.27666666666666667
0.3816666666666667
0.19166666666666668
0.09
0.35916666666666663
0.22416666666666668
0.24000000000000002
0.13833333333333334
0.06
0.17750000000000002
0.6066666666666667
0.49250000000000005
0.34249999999999997
0.13999999999999999
0.20833333333333334
0.22416666666666668
0.5741666666666667
0.17
0.1308333333333333
0.395
0.29
0.2991666666666667
0.10250000000000001
0.1475
0.5783333333333334
0.22749999999999998
0.3175
0.11000000000000001
0.1
0.27
0.095
0.1725
0.13333333333333333
0.27
0.17999999999999997
0.25916666666666666
0.5025000000000001
0.4716666666666667
0.5016666666666666
0.38
0.1741666666666667
0.3125
0.16833333333333333
0.3566666666666667
0.305
0.24916666666666665
0.2383333333333333
0.2608333333333333
0.24416666666666664
0.27416666666666667
0.36416666666666664
0.2366666666666667
0.22583333333333333
0.20666666666666667
0.21333333333333332
0.0875
0.15416666666666667
0.14916666666666667
0.3116666666666667
0.4275
0.27249999999999996
0.15166666666666664
0.29250000000000004
0.21916666666666668
0.455
0.22916666666666666
0.15333333333333332
0.22416666666666668
0.21916666666666668
0.1075
0.12833333333333333
0.14416666666666667
0.13583333333333333
0.3575
0.19166666666666665
0.043333333333333335
0.15166666666666667
0.03333333333333333
0.24666666666666667
0.33333333333333326
0.12083333333333335
0.2625
0.2866666666666667
0.375
0.26666666666666666
0.19916666666666666
0.375
0.1825
0.23416666666666666
0.18333333333333335
0.43666666666666665
0.34750000000000003
0.2366666666666667
0.35000000000000003
0.25166666666666665
0.22833333333333336
0.33249999999999996
0.1408333333333333
0.1525
0.19249999999999998
0.3358333333333333
0.1
0.355
0.5133333333333333
0.35
0.4966666666666667
0.1975
0.16666666666666666
0.2858333333333334
0.39
0.4941666666666667
0.26249999999999996
0.445
0.4
0.3383333333333333
0.07083333333333335
0.135
0.2366666666666667
0.30833333333333335
0.24833333333333335
0.5233333333333333
0.39666666666666667
0.29083333333333333
0.26666666666666666
0.33
0.24333333333333335
0.32083333333333336
0.21666666666666667
0.46
0.0875
0.29083333333333333
0.4741666666666667
0.17250000000000001
0.14833333333333332
0.1575
0.41916666666666663
0.21999999999999997
0.2941666666666667
0.24
0.12250000000000001
0.5075
0.445
0.16166666666666665
0.06999999999999999
0.425
0.18666666666666665
0.2991666666666667
0.33499999999999996
0.33333333333333337
0.22916666666666666
0.3158333333333333
0.2391666666666667
0.36
0.008333333333333333
0.3325
0.41833333333333333
0.14083333333333334
0.31333333333333335
0.27666666666666667
0.48083333333333333
0.18916666666666665
0.0225
0.375
0.30416666666666664
0.33166666666666667
0.26333333333333336
0.4641666666666666
0.3925
0.2066666666666667
0.31666666666666665
0.25333333333333335
0.14833333333333334
0.14416666666666667
0.14333333333333334
0.4291666666666667
0.22083333333333333
0.4775
0.3041666666666667
0.15166666666666667
0.2391666666666667
0.11750000000000001
0.35833333333333334
0.18083333333333332
0.17916666666666664
0.2725
0.30833333333333335
0.11583333333333334
0.3233333333333333
0.21166666666666664
0.21416666666666664
0.18333333333333335
0.09000000000000001
0.18333333333333335
0.23583333333333334
0.23833333333333334
0.30833333333333335
0.23249999999999998
0.2125
0.2991666666666667
0.3466666666666667
0.28583333333333333
0.2575
0.2891666666666667
0.30333333333333334
0.2275
0.35750000000000004
0.17833333333333334
0.38416666666666666
0.395
0.2366666666666667
0.22666666666666668
0.38916666666666666
0.41000000000000003
0.2991666666666667
0.05916666666666667
0.11083333333333334
0.1625
0.11333333333333334
0.3141666666666667
0.3383333333333333
0.30333333333333334
0.13499999999999998
0.2
0.3
0.2225
0.24
0.4633333333333334
0.2475
0.08916666666666667
0.3424999999999999
0.3675
0.28583333333333333
0.35083333333333333
0.15666666666666668
0.2725
0.20833333333333334
0.5275000000000001
0.37083333333333335
0.4675
0.265
0.22250000000000003
0.26583333333333337
0.14749999999999996
0.2175
0.16333333333333333
0.2633333333333333
0.2683333333333333
0.20833333333333334
0.4666666666666667
0.3958333333333333
0.3466666666666667
0.14916666666666667
0.24916666666666668
0.041666666666666664
0.2041666666666667
0.38999999999999996
0.18500000000000003
0.2
0.10416666666666667
0.26166666666666666
0.17583333333333334
0.135
0.18333333333333332
0.3066666666666667
0.4625
0.29
0.24833333333333332
0.20666666666666667
0.42583333333333334
0.2783333333333333
0.3725
0.18416666666666667
0.425
0.2708333333333333
0.37
0.05833333333333334
0.2758333333333333
0.30666666666666664
0.2833333333333333
0.045
0.1125
0.4041666666666667
0.25583333333333336
0.3358333333333333
0.4016666666666667
0.18583333333333335
0.2575
0.2525
0.22333333333333333
0.17833333333333334
0.5175
0.1275
0.2725
0.28
0.44416666666666665
0.32416666666666666
0.31833333333333336
0.45999999999999996
0.23333333333333336
0.4575
0.2733333333333333
0.4875
0.41000000000000003
0.19
0.29166666666666663
0.4575
0.16166666666666668
0.052500000000000005
0.3391666666666666
0.1625
0.1925
0.35916666666666663
0.15916666666666668
0.5516666666666667
0.30083333333333334
0.21416666666666667
0.24083333333333332
0.295
0.21416666666666667
0.21916666666666668
0.6399999999999999
0.25166666666666665
0.1975
0.61
0.18250000000000002
0.10333333333333333
0.3125
0.21583333333333332
0.30166666666666664
0.40166666666666667
0.15916666666666665
0.18083333333333335
0.25
0.435
0.4116666666666666
0.19833333333333333
0.29583333333333334
0.13833333333333334
0.2125
0.3358333333333333
0.405
0.21333333333333332
0.17666666666666667
0.26083333333333336
0.2925
0.29583333333333334
0.315
0.11
0.13583333333333333
0.33916666666666667
0.11916666666666667
0.275
0.16249999999999998
0.21416666666666667
0.24833333333333335
0.2608333333333333
0.245
0.32499999999999996
0.14833333333333334
0.21583333333333335
0.37083333333333335
0.3025
0.18083333333333335
0.43666666666666665
0.36583333333333334
0.26666666666666666
0.2425
0.4416666666666667
0.4491666666666667
0.2383333333333333
0.11583333333333333
0.2711111111111111
0.35888888888888887
0.1488888888888889
0.5988888888888889
0.4144444444444444
0.07777777777777778
0.12
0.22999999999999998
0.42333333333333334
0.12777777777777777
0.5511111111111111
0.24
0.22444444444444445
0.27666666666666667
0.16555555555555557
0.2544444444444445
0.3155555555555556
0.19555555555555557
0.3755555555555556
0.2688888888888889
0.14888888888888888
0.3211111111111111
0.17444444444444443
0.21666666666666667
0.40888888888888886
0.10666666666666667
0.27666666666666667
0.1366666666666667
0.3511111111111111
0.3033333333333333
0.1488888888888889
0.34111111111111114
0.28
0.24333333333333332
0.3222222222222222
0.17666666666666667
0.41888888888888887
0.42
0.34555555555555556
0.5033333333333333
0.10666666666666667
0.08666666666666667
0.3788888888888889
0.2011111111111111
0.09444444444444444
0.33666666666666667
0.13777777777777778
0.2544444444444445
0.39666666666666667
0.3
0.2833333333333333
0.22777777777777777
0.09000000000000001
0.2922222222222222
0.14333333333333334
0.23222222222222225
0.12222222222222223
0.38000000000000006
0.17999999999999997
0.1722222222222222
0.3111111111111111
0.07888888888888888
0.29777777777777775
0.1922222222222222
0.10444444444444445
0.5577777777777778
0.2788888888888889
0.09555555555555555
0.3477777777777778
0.13555555555555557
0.10777777777777779
0.04666666666666667
0.20222222222222222
0.15777777777777777
0.30777777777777776
0.22222222222222224
0.17333333333333334
0.14333333333333334
0.18444444444444444
0.19444444444444445
0.17444444444444449
0.3011111111111111
0.08111111111111112
0.07444444444444444
0.5422222222222223
0.28111111111111114
0.2188888888888889
0.4611111111111111
0.2122222222222222
0.3655555555555556
0.10222222222222221
0.2677777777777778
0.17333333333333334
0.20222222222222222
0.07222222222222223
0.35888888888888887
0.1688888888888889
0.3
0.24333333333333332
0.16333333333333333
0.33111111111111113
0.37777777777777777
0.5833333333333334
0.1822222222222222
0.29444444444444445
0.1811111111111111
0.2788888888888889
0.12333333333333334
0.4366666666666666
0.25999999999999995
0.48888888888888893
0.23666666666666666
0.27999999999999997
0.19666666666666666
0.3211111111111111
0.31
0.2822222222222222
0.2733333333333333
0.0788888888888889
0.1688888888888889
0.2911111111111111
0.20777777777777776
0.24777777777777776
0.3277777777777778
0.2922222222222222
0.5188888888888888
0.3066666666666667
0.13777777777777778
0.14333333333333334
0.26333333333333336
0.07888888888888888
0.4477777777777778
0.14333333333333334
0.1911111111111111
0.21777777777777776
0.1711111111111111
0.45777777777777784
0.4266666666666667
0.47222222222222227
0.2511111111111111
0.22111111111111112
0.06444444444444446
0.16
0.2522222222222222
0.25333333333333335
0.1577777777777778
0.06777777777777777
0.30777777777777776
0.23777777777777778
0.3111111111111111
0.38222222222222224
0.24333333333333332
0.15888888888888889
0.10999999999999999
0.2977777777777778
0.13333333333333333
0.0811111111111111
0.5177777777777778
0.19000000000000003
0.3655555555555556
0.1577777777777778
0.29444444444444445
0.3544444444444445
0.3133333333333333
0.1988888888888889
0.21666666666666667
0.025555555555555554
0.12666666666666668
0.14444444444444446
0.2122222222222222
0.30666666666666664
0.5377777777777778
0.41
0.3333333333333333
0.3500000000000001
0.12111111111111111
0.26333333333333336
0.5466666666666667
0.14444444444444446
0.2622222222222222
0.15555555555555556
0.07111111111111111
0.2077777777777778
0.24666666666666667
0.3211111111111111
0.2855555555555555
0.35777777777777775
0.29777777777777775
0.13666666666666666
0.15666666666666665
0.29444444444444445
0.2755555555555556
0.32
0.08111111111111112
0.11222222222222222
0.21555555555555553
0.5255555555555556
0.23777777777777775
0.46666666666666673
0.2833333333333334
NaN
NaN
NaN
NaN
NaN
NaN
NaN
NaN
NaN
NaN
NaN
NaN
NaN
NaN
NaN
NaN
NaN
NaN
NaN
NaN
NaN
NaN
NaN
NaN
NaN
NaN
NaN
NaN
NaN
NaN
NaN
NaN
NaN
NaN
NaN
NaN
NaN
NaN
NaN
NaN
NaN
NaN
NaN
NaN
NaN
NaN
NaN
NaN
NaN
NaN
NaN
NaN
NaN
NaN
NaN
NaN
NaN
NaN
NaN
NaN
NaN
NaN
NaN
NaN
NaN
NaN
NaN
NaN
NaN
NaN
NaN
NaN
NaN
NaN
NaN
NaN
NaN
NaN
NaN
NaN
NaN
NaN
NaN
NaN
NaN
NaN
NaN
NaN
NaN
NaN
NaN
NaN
NaN
NaN
NaN
NaN
NaN
NaN
NaN
NaN
NaN
NaN
NaN
NaN
NaN
NaN
NaN
NaN
NaN
NaN
NaN
NaN
NaN
NaN
NaN
NaN
NaN
NaN
NaN
NaN
NaN
NaN
NaN
NaN
NaN
NaN
NaN
NaN
NaN
NaN
NaN
NaN
NaN
NaN
NaN
NaN
NaN
NaN
NaN
NaN
NaN
NaN
NaN
NaN
NaN
NaN
NaN
NaN
NaN
NaN
NaN
NaN
NaN
NaN
NaN
NaN
NaN
NaN
NaN
NaN
NaN
NaN
NaN
NaN
NaN
NaN
NaN
NaN
NaN
NaN
NaN
NaN
NaN
NaN
NaN
NaN
NaN
NaN
NaN
NaN
NaN
NaN
NaN
NaN
NaN
NaN
NaN
NaN
NaN
NaN
NaN
NaN
NaN
NaN
NaN
NaN
NaN
NaN
NaN
NaN
NaN
NaN
NaN
NaN
NaN
NaN
NaN
NaN
NaN
NaN
NaN
NaN
NaN
NaN
NaN
NaN
NaN
NaN
NaN
NaN
NaN
NaN
NaN
NaN
NaN
NaN
NaN
NaN
NaN
NaN
NaN
NaN
NaN
NaN
NaN
NaN
NaN
NaN
NaN
NaN
NaN
NaN
NaN
NaN
NaN
NaN
NaN
NaN
NaN
NaN
NaN
NaN
NaN
NaN
NaN
NaN
NaN
NaN
NaN
NaN
NaN
NaN
NaN
NaN
NaN
NaN
NaN
NaN
NaN
NaN
NaN
NaN
NaN
NaN
NaN
NaN
NaN
NaN
NaN
NaN
NaN
NaN
NaN
NaN
NaN
NaN
NaN
NaN
NaN
NaN
NaN
NaN
NaN
NaN
NaN
NaN
NaN
NaN
NaN
NaN
NaN
NaN
NaN
NaN
NaN
NaN
NaN
NaN
NaN
NaN
NaN
NaN
NaN
NaN
NaN
NaN
NaN
NaN
NaN
NaN
NaN
NaN
NaN
NaN
NaN
NaN
NaN
NaN
NaN
NaN
NaN
NaN
NaN
NaN
NaN
NaN
NaN
NaN
NaN
NaN
NaN
NaN
NaN
NaN
NaN
NaN
NaN
NaN
NaN
NaN
NaN
NaN
NaN
NaN
NaN
NaN
NaN
NaN
NaN
NaN
NaN
NaN
NaN
NaN
NaN
NaN
NaN
NaN
NaN
NaN
NaN
NaN
NaN
NaN
NaN
NaN
NaN
NaN
NaN
NaN
NaN
NaN
NaN
NaN
NaN
NaN
NaN
NaN
NaN
NaN
NaN
NaN
NaN
NaN
NaN
NaN
NaN
NaN
NaN
NaN
NaN
NaN
NaN
NaN
NaN
NaN
NaN
NaN
NaN
NaN
NaN
NaN
NaN
NaN
NaN
NaN
NaN
NaN
NaN
NaN
NaN
NaN
NaN
NaN
NaN
NaN
NaN
NaN
NaN
NaN
NaN
NaN
NaN
NaN
NaN
NaN
NaN
NaN
NaN
NaN
NaN
NaN
NaN
NaN
NaN
NaN
NaN
NaN
NaN
NaN
NaN
NaN
NaN
NaN
NaN
NaN
NaN
NaN
NaN
NaN
NaN
NaN
NaN
NaN
NaN
NaN
NaN
NaN
NaN
NaN
NaN
NaN
NaN
NaN
NaN
NaN
NaN
NaN
NaN
NaN
NaN
NaN
NaN
NaN
NaN
NaN
NaN
NaN
NaN
NaN
NaN
NaN
NaN
NaN
NaN
NaN
NaN
NaN
NaN
NaN
NaN
NaN
NaN
NaN
NaN
NaN
NaN
NaN
NaN
NaN
NaN
NaN
NaN
NaN
NaN
NaN
NaN
NaN
NaN
NaN
NaN
NaN
NaN
NaN
NaN
NaN
NaN
NaN
NaN
NaN
NaN
NaN
NaN
NaN
NaN
NaN
NaN
NaN
NaN
NaN
NaN
NaN
NaN
NaN
NaN
NaN
NaN
NaN
NaN
NaN
NaN
NaN
NaN
NaN
NaN
NaN
NaN
NaN
NaN
NaN
NaN
NaN
NaN
NaN
NaN
NaN
NaN
NaN
NaN
NaN
NaN
NaN
NaN
NaN
NaN
NaN
NaN
NaN
NaN
NaN
NaN
NaN
NaN
NaN
NaN
NaN
NaN
NaN
NaN
NaN
NaN
NaN
NaN
NaN
NaN
NaN
NaN
NaN
NaN
NaN
NaN
NaN
NaN
NaN
NaN
NaN
NaN
NaN
NaN
NaN
NaN
NaN
NaN
NaN
NaN
NaN
NaN
NaN
NaN
NaN
NaN
NaN
NaN
NaN
NaN
NaN
NaN
NaN
NaN
NaN
NaN
NaN
NaN
NaN
NaN
NaN
NaN
NaN
NaN
NaN
NaN
NaN
NaN
NaN
NaN
NaN
NaN
NaN
NaN
NaN
NaN
NaN
NaN
NaN
NaN
NaN
NaN
NaN
NaN
NaN
NaN
NaN
NaN
NaN
NaN
NaN
NaN
NaN
NaN
NaN
NaN
NaN
NaN
NaN
NaN
NaN
NaN
NaN
NaN
NaN
NaN
NaN
NaN
NaN
NaN
NaN
NaN
NaN
NaN
NaN
NaN
NaN
NaN
NaN
NaN
NaN
NaN
NaN
NaN
NaN
NaN
NaN
NaN
NaN
NaN
NaN
NaN
NaN
NaN
NaN
NaN
NaN
NaN
NaN
NaN
NaN
NaN
NaN
NaN
NaN
NaN
NaN
NaN
NaN
NaN
NaN
NaN
NaN
NaN
NaN
NaN
NaN
NaN
NaN
NaN
NaN
NaN
NaN
NaN
NaN
NaN
NaN
NaN
NaN
NaN
NaN
NaN
NaN
NaN
NaN
NaN
NaN
NaN
NaN
NaN
NaN
NaN
NaN
NaN
NaN
NaN
NaN
NaN
NaN
NaN
NaN
NaN
NaN
NaN
NaN
NaN
NaN
NaN
NaN
NaN
NaN
NaN
NaN
NaN
NaN
NaN
NaN
NaN
NaN
NaN
NaN
NaN
NaN
NaN
NaN
NaN
NaN
NaN
NaN
NaN
NaN
NaN
NaN
NaN
NaN
NaN
NaN
NaN
NaN
NaN
NaN
NaN
NaN
NaN
NaN
NaN
NaN
NaN
NaN
NaN
NaN
NaN
NaN
NaN
NaN
NaN
NaN
NaN
NaN
NaN
NaN
NaN
NaN
NaN
NaN
NaN
NaN
NaN
NaN
NaN
NaN
NaN
NaN
NaN
NaN
NaN
NaN
NaN
NaN
NaN
NaN
NaN
NaN
NaN
NaN
NaN
NaN
NaN
NaN
NaN
NaN
NaN
NaN
NaN
NaN
NaN
NaN
NaN
NaN
NaN
NaN
NaN
NaN
NaN
NaN
NaN
NaN
NaN
NaN
NaN
NaN
NaN
NaN
NaN
NaN
NaN
NaN
NaN
NaN
NaN
NaN
NaN
NaN
NaN
NaN
NaN
NaN
NaN
NaN
NaN
NaN
NaN
NaN
NaN
NaN
NaN
NaN
NaN
NaN
NaN
NaN
NaN
NaN
NaN
NaN
NaN
NaN
NaN
NaN
NaN
NaN
NaN
NaN
NaN
NaN
NaN
NaN
NaN
NaN
NaN
NaN
NaN
NaN
NaN
NaN
NaN
NaN
NaN
NaN
NaN
NaN
NaN
NaN
NaN
NaN
NaN
NaN
NaN
NaN
NaN
NaN
NaN
NaN
NaN
NaN
NaN
NaN
NaN
NaN
NaN
NaN
NaN
NaN
NaN
NaN
NaN
NaN
NaN
NaN
NaN
NaN
NaN
NaN
NaN
NaN
NaN
NaN
NaN
NaN
NaN
NaN
NaN
NaN
NaN
NaN
NaN
NaN
NaN
NaN
NaN
NaN
NaN
NaN
NaN
NaN
NaN
NaN
NaN
NaN
NaN
NaN
NaN
NaN
NaN
NaN
NaN
NaN
NaN
NaN
NaN
NaN
NaN
NaN
NaN
NaN
NaN
NaN
NaN
NaN
NaN
NaN
NaN
NaN
NaN
NaN
NaN
NaN
NaN
NaN
NaN
NaN
NaN
NaN
NaN
NaN
NaN
NaN
NaN
NaN
NaN
NaN
NaN
NaN
NaN
NaN
NaN
NaN
NaN
NaN
NaN
NaN
NaN
NaN
NaN
NaN
NaN
NaN
NaN
NaN
NaN
NaN
NaN
NaN
NaN
NaN
NaN
NaN
NaN
NaN
NaN
NaN
NaN
NaN
NaN
NaN
NaN
NaN
NaN
NaN
NaN
NaN
NaN
NaN
NaN
NaN
NaN
NaN
NaN
NaN
NaN
NaN
NaN
NaN
NaN
NaN
NaN
NaN
NaN
NaN
NaN
NaN
NaN
NaN
NaN
NaN
NaN
NaN
NaN
NaN
NaN
NaN
NaN
NaN
NaN
NaN
NaN
NaN
NaN
NaN
NaN
NaN
NaN
NaN
NaN
NaN
NaN
NaN
NaN
NaN
NaN
NaN
NaN
NaN
NaN
NaN
NaN
NaN
NaN
NaN
NaN
NaN
NaN
NaN
NaN
NaN
NaN
NaN
NaN
NaN
NaN
NaN
NaN
NaN
NaN
NaN
NaN
NaN
NaN
NaN
NaN
NaN
NaN
NaN
NaN
NaN
NaN
NaN
NaN
NaN
NaN
NaN
NaN
NaN
NaN
NaN
NaN
NaN
NaN
NaN
NaN
NaN
NaN
NaN
NaN
NaN
NaN
NaN
NaN
NaN
NaN
NaN
NaN
NaN
NaN
NaN
NaN
NaN
NaN
NaN
NaN
NaN
NaN
NaN
NaN
NaN
NaN
NaN
NaN
NaN
NaN
NaN
NaN
NaN
NaN
NaN
NaN
NaN
NaN
NaN
NaN
NaN
NaN
NaN
NaN
NaN
NaN
NaN
NaN
NaN
NaN
NaN
NaN
NaN
NaN
NaN
NaN
NaN
NaN
NaN
NaN
NaN
NaN
NaN
NaN
NaN
NaN
NaN
NaN
NaN
NaN
NaN
NaN
NaN
NaN
NaN
NaN
NaN
NaN
NaN
NaN
NaN
NaN
NaN
NaN
NaN
NaN
NaN
NaN
NaN
NaN
NaN
NaN
NaN
NaN
NaN
NaN
NaN
NaN
NaN
NaN
NaN
NaN
NaN
NaN
NaN
NaN
NaN
NaN
NaN
NaN
NaN
NaN
NaN
NaN
NaN
NaN
NaN
NaN
NaN
NaN
NaN
NaN
NaN
NaN
NaN
NaN
NaN
NaN
NaN
NaN
NaN
NaN
NaN
NaN
NaN
NaN
NaN
NaN
NaN
NaN
NaN
NaN
NaN
NaN
NaN
NaN
NaN
NaN
NaN
NaN
NaN
NaN
NaN
NaN
NaN
NaN
NaN
NaN
NaN
NaN
NaN
NaN
NaN
NaN
NaN
NaN
NaN
NaN
NaN
NaN
NaN
NaN
NaN
NaN
NaN
NaN
NaN
NaN
NaN
NaN
NaN
NaN
NaN
NaN
NaN
NaN
NaN
NaN
NaN
NaN
NaN
NaN
NaN
NaN
NaN
NaN
NaN
NaN
NaN
NaN
NaN
NaN
NaN
NaN
NaN
NaN
NaN
NaN
NaN
NaN
NaN
NaN
NaN
NaN
NaN
NaN
NaN
NaN
NaN
NaN
NaN
NaN
NaN
NaN
NaN
NaN
NaN
NaN
NaN
NaN
NaN
NaN
NaN
NaN
NaN
NaN
NaN
NaN
NaN
NaN
NaN
NaN
NaN
NaN
NaN
NaN
NaN
NaN
NaN
NaN
NaN
NaN
NaN
NaN
NaN
NaN
NaN
NaN
NaN
NaN
NaN
NaN
NaN
NaN
NaN
NaN
NaN
NaN
NaN
NaN
NaN
NaN
NaN
NaN
NaN
NaN
NaN
NaN
NaN
NaN
NaN
NaN
NaN
NaN
NaN
NaN
NaN
NaN
NaN
NaN
NaN
NaN
NaN
NaN
NaN
NaN
NaN
NaN
NaN
NaN
NaN
NaN
NaN
NaN
NaN
NaN
NaN
NaN
NaN
NaN
NaN
NaN
NaN
NaN
NaN
NaN
NaN
NaN
NaN
NaN
NaN
NaN
NaN
NaN
NaN
NaN
NaN
NaN
NaN
NaN
NaN
NaN
NaN
NaN
NaN
NaN
NaN
NaN
NaN
NaN
NaN
NaN
NaN
NaN
NaN
NaN
NaN
NaN
NaN
NaN
NaN
NaN
NaN
NaN
NaN
NaN
NaN
NaN
NaN
NaN
NaN
NaN
NaN
NaN
NaN
NaN
NaN
NaN
NaN
NaN
NaN
NaN
NaN
NaN
NaN
NaN
NaN
NaN
NaN
NaN
NaN
NaN
NaN
NaN
NaN
NaN
NaN
NaN
NaN
NaN
NaN
NaN
NaN
NaN
NaN
NaN
NaN
NaN
NaN
NaN
NaN
NaN
NaN
NaN
NaN
NaN
NaN
NaN
NaN
NaN
NaN
NaN
NaN
NaN
NaN
NaN
NaN
NaN
NaN
NaN
NaN
NaN
NaN
NaN
NaN
NaN
NaN
NaN
NaN
NaN
NaN
NaN
NaN
NaN
NaN
NaN
NaN
NaN
NaN
NaN
NaN
NaN
NaN
NaN
NaN
NaN
NaN
NaN
NaN
NaN
NaN
NaN
NaN
NaN
NaN
NaN
NaN
NaN
NaN
NaN
NaN
NaN
NaN
NaN
NaN
NaN
NaN
NaN
NaN
NaN
NaN
NaN
NaN
NaN
NaN
NaN
NaN
NaN
NaN
NaN
NaN
NaN
NaN
NaN
NaN
NaN
NaN
NaN
NaN
NaN
NaN
NaN
NaN
NaN
NaN
NaN
NaN
NaN
NaN
NaN
NaN
NaN
NaN
NaN
NaN
NaN
NaN
NaN
NaN
NaN
NaN
NaN
NaN
NaN
NaN
NaN
NaN
NaN
NaN
NaN
NaN
NaN
NaN
NaN
NaN
NaN
NaN
NaN
NaN
NaN
NaN
NaN
NaN
NaN
NaN
NaN
NaN
NaN
NaN
NaN
NaN
NaN
NaN
NaN
NaN
NaN
NaN
NaN
NaN
NaN
NaN
NaN
NaN
NaN
NaN
NaN
NaN
NaN
NaN
NaN
NaN
NaN
NaN
NaN
NaN
NaN
NaN
NaN
NaN
NaN
NaN
NaN
NaN
NaN
NaN
