0.12655860349127182
0.2275561097256858
0.20698254364089777
0.27805486284289277
0.10162094763092269
0.3859102244389027
0.2213216957605985
0.06795511221945139
0.3335411471321696
0.12655860349127182
0.3721945137157107
0.14152119700748128
0.3123441396508728
0.22443890274314213
0.18453865336658357
0.20324189526184538
0.27119700748129677
0.20698254364089777
0.2256857855361596
0.44014962593516205
0.3428927680798005
0.27556109725685785
0.09102244389027431
0.17518703241895262
0.09725685785536159
0.28491271820448877
0.2587281795511222
0.3597256857855362
0.23753117206982544
0.3553615960099751
0.3098503740648379
0.1708229426433915
0.2643391521197007
0.178927680798005
0.25561097256857856
0.29738154613466333
0.47132169576059846
0.4576059850374065
0.38029925187032415
0.256857855361596
0.3809226932668329
0.07793017456359103
0.22256857855361595
0.07793017456359103
0.1658354114713217
0.1664588528678304
0.20448877805486285
0.23129675810473815
0.46820448877805493
0.3634663341645885
0.33665835411471323
0.15648379052369077
0.16084788029925184
0.27680798004987534
0.32980049875311723
0.256857855361596
0.6172069825436409
0.19638403990024936
0.25311720698254364
0.3946384039900249
0.3428927680798005
0.1726932668329177
0.29052369077306733
0.1415211970074813
0.2206982543640898
0.1483790523690773
0.23441396508728177
0.23441396508728177
0.21758104738154613
0.49251870324189523
0.2755610972568579
0.1396508728179551
0.293640897755611
0.19763092269326685
0.2699501246882793
0.1745635910224439
0.4245635910224439
0.27805486284289277
0.24376558603491272
0.42019950124688277
0.23004987531172072
0.3977556109725686
0.25997506234413964
0.45822942643391523
0.26932668329177056
0.2194513715710723
0.24002493765586036
0.18453865336658354
0.2512468827930175
0.3516209476309227
0.33915211970074816
0.4071072319201995
0.33665835411471323
0.3023690773067331
0.22506234413965087
0.2325436408977556
0.18017456359102244
0.3410224438902743
0.16022443890274313
0.19638403990024939
0.22007481296758108
0.23815461346633418
0.32294264339152123
0.22256857855361595
0.19139650872817954
0.19201995012468825
0.19576059850374067
0.2125935162094763
0.29862842892768077
0.26433915211970077
0.21446384039900251
0.13403990024937656
0.3036159600997506
0.2275561097256858
0.23940149625935164
0.35473815461346636
0.385286783042394
0.16458852867830426
0.3491271820448878
0.12281795511221945
0.2967581047381546
0.20324189526184538
0.3759351620947631
0.29177057356608477
0.16271820448877805
0.3622194513715711
0.3048628428927681
0.26683291770573564
0.3846633416458853
0.243142144638404
0.26683291770573564
0.10785536159600999
0.4046134663341646
0.2786783042394015
0.10473815461346633
0.46197007481296753
0.3260598503740648
0.1546134663341646
0.19139650872817954
0.19077306733167082
0.10972568578553615
0.2605985037406484
0.07231920199501247
0.3092269326683292
0.10536159600997506
0.2574812967581047
0.17643391521197008
0.1571072319201995
0.23690773067331672
0.34413965087281795
0.2574812967581047
0.1988778054862843
0.3160847880299252
0.24064837905236905
0.35910224438902744
0.31359102244389025
0.35037406483790523
0.16957605985037405
0.2874064837905237
0.222568578553616
0.2076059850374065
0.06296758104738154
0.185785536159601
0.25
0.2256857855361596
0.2630922693266833
0.4544887780548629
0.5679551122194514
0.199501246882793
0.37094763092269323
0.46571072319201995
0.243142144638404
0.12281795511221945
0.23815461346633418
0.33541147132169574
0.1814214463840399
0.30860349127182046
0.09289276807980049
0.04987531172069826
0.23254364089775562
0.3877805486284289
0.20511221945137156
0.21072319201995013
0.11970074812967581
0.13466334164588528
0.32356608478802995
0.18952618453865336
0.44700748129675816
0.2680798004987531
0.3248129675810474
0.18640897755610972
0.1371571072319202
0.4513715710723192
0.1658354114713217
0.1832917705735661
0.1465087281795511
0.4233167082294264
0.22880299251870323
0.27805486284289277
0.2581047381546135
0.14089775561097256
0.1988778054862843
0.15087281795511223
0.22693266832917702
0.3553615960099751
0.36658354114713215
0.17892768079800497
0.11097256857855362
0.11970074812967581
0.44326683291770574
0.09351620947630923
0.3042394014962594
0.2369077306733167
0.44139650872817954
0.3054862842892768
0.2593516209476309
0.17518703241895262
0.12905236907730674
0.23004987531172072
0.1477556109725686
0.27556109725685785
0.2805486284289277
0.23129675810473818
0.16957605985037408
0.31359102244389025
0.16645885286783044
0.12281795511221946
0.34351620947630923
0.1508728179551122
0.3123441396508728
0.45947630922693267
0.14276807980049877
0.30985037406483795
0.38403990024937656
0.24127182044887782
0.10972568578553617
0.22880299251870326
0.3198254364089776
0.14900249376558602
0.1327930174563591
0.3410224438902743
0.3453865336658354
0.10785536159600999
0.4220698254364089
0.19201995012468828
0.39526184538653364
0.3316708229426434
0.17581047381546136
0.22256857855361598
0.23877805486284287
0.29613466334164584
0.12531172069825436
0.37032418952618457
0.2674563591022444
0.16022443890274313
0.15336658354114716
0.17518703241895262
0.1546134663341646
0.12780548628428928
0.4089775561097257
0.1614713216957606
0.20698254364089774
0.20074812967581046
0.4451371571072319
0.341645885286783
0.14775561097256856
0.06982543640897756
0.16271820448877805
0.35224438902743144
0.4052369077306733
0.18952618453865339
0.2082294264339152
0.23192019950124687
0.1458852867830424
0.39650872817955113
0.06795511221945139
0.371571072319202
0.3260598503740648
0.18329177057356608
0.3160847880299252
0.43703241895261846
0.43640897755610975
0.22007481296758108
0.32418952618453867
0.38279301745635913
0.3048628428927681
0.25561097256857856
0.44139650872817954
0.23940149625935161
0.30423940149625933
0.29177057356608477
0.355361596009975
0.22443890274314215
0.2512468827930175
0.4158354114713217
0.10847880299251869
0.28491271820448877
0.19201995012468828
0.3117206982543641
0.4033665835411472
0.1302992518703242
0.14526184538653367
0.20947630922693264
0.2824189526184539
0.23940149625935164
0.12468827930174564
0.22381546134663344
0.3802992518703242
0.19576059850374064
0.22443890274314215
0.3902743142144639
0.24501246882793015
0.4039900249376559
0.17144638403990023
0.14463840399002492
0.2899002493765586
0.05174563591022444
0.28366583541147133
0.22880299251870323
0.34725685785536164
0.12281795511221945
0.279925187032419
0.05423940149625935
0.20137157107231923
0.28491271820448877
0.3759351620947631
0.19139650872817954
0.12468827930174564
0.2861596009975062
0.19950124688279303
0.09912718204488778
0.36097256857855364
0.29177057356608477
0.38216957605985036
0.19264339152119703
0.21134663341645885
0.35785536159601
0.23379052369077308
0.2144638403990025
0.185785536159601
0.2736907730673317
0.2793017456359102
0.13653366583541146
0.1059850374064838
0.20573566084788028
0.17955112219451372
0.2238154613466334
0.10473815461346633
0.2948877805486284
0.17830423940149626
0.5243142144638404
0.44326683291770574
0.2680798004987531
0.18329177057356608
0.20635910224438903
0.31546134663341646
0.09164588528678304
0.19264339152119703
0.3154613466334164
0.2593516209476309
0.1433915211970075
0.24251870324189528
0.2736907730673317
0.3809226932668329
0.33790523690773067
0.21321695760598502
0.30860349127182046
0.27493765586034913
0.2057356608478803
0.18703241895261843
0.22693266832917705
0.1639650872817955
0.4756857855361596
0.1608478802992519
0.25249376558603487
0.5704488778054863
0.17144638403990026
0.24002493765586036
0.23940149625935164
0.21134663341645887
0.25374064837905236
0.28428927680798005
0.29239401496259354
0.07169576059850374
0.4139650872817955
0.2562344139650873
0.1901496259351621
0.3865336658354115
0.293640897755611
0.6215710723192021
0.31296758104738154
0.13466334164588528
0.2718204488778055
0.1259351620947631
0.1882793017456359
0.41334164588528677
0.29488778054862846
0.4089775561097257
0.12780548628428928
0.4731920199501247
0.3148379052369077
0.2369077306733167
0.3721945137157107
0.23379052369077305
0.13092269326683292
0.2076059850374065
0.48067331670822944
0.13528678304239403
0.3273067331670823
0.26122194513715713
0.4806733167082295
0.0928927680798005
0.2948877805486284
0.286783042394015
0.16334164588528677
0.27680798004987534
0.29675810473815467
0.26745635910224436
0.20573566084788028
0.45324189526184533
0.0885286783042394
0.11658354114713217
0.40523690773067333
0.0953865336658354
0.10910224438902742
0.2344139650872818
0.3023690773067331
0.5280548628428927
0.2743142144638404
0.35473815461346636
0.26246882793017456
0.05985037406483791
0.4582294264339152
0.3291770573566085
0.17019950124688277
0.3609725685785536
0.33104738154613467
0.14401496259351623
0.19201995012468828
0.15960099750623444
0.14900249376558602
0.20199501246882795
0.43204488778054867
0.26807980049875313
0.1832917705735661
0.2786783042394015
0.44201995012468825
0.4501246882793018
0.1614713216957606
0.2824189526184539
0.2281795511221945
0.39276807980049877
0.39837905236907734
0.20324189526184538
0.18204488778054861
0.20074812967581046
0.24251870324189526
0.256857855361596
0.3248129675810474
0.2655860349127182
0.1614713216957606
0.1901496259351621
0.43453865336658354
0.2942643391521197
0.20885286783042395
0.11284289276807981
0.5897755610972568
0.1259351620947631
0.20947630922693267
0.3460099750623441
0.37593516209476313
0.17581047381546136
0.35037406483790523
0.16084788029925187
0.11596009975062344
0.14089775561097256
0.17892768079800497
0.30860349127182046
0.3697007481296758
0.11471321695760599
0.10910224438902745
0.18952618453865339
0.243142144638404
0.24688279301745636
0.5255610972568578
0.30610972568578554
0.38403990024937656
0.236284289276808
0.2350374064837905
0.25810473815461343
0.1564837905236908
0.3603491271820449
0.2743142144638404
0.30798004987531175
0.20698254364089777
0.17705735660847882
0.3098503740648379
0.3160847880299252
0.286783042394015
0.23316708229426436
0.13653366583541146
0.24376558603491272
0.1552369077306733
0.3958852867830424
0.36783042394014964
0.36596009975062344
0.18329177057356608
0.29925187032418954
0.1770573566084788
0.32356608478802995
0.3117206982543641
0.16022443890274315
0.32668329177057354
0.4619700748129676
0.24563591022443892
0.26059850374064836
0.21321695760598502
0.256857855361596
0.1677057356608479
0.3734413965087282
0.2630922693266833
0.16209476309226933
0.3354114713216958
0.35723192019950123
0.2163341645885287
0.18391521197007482
0.14276807980049877
0.4376558603491272
0.286783042394015
0.4395261845386534
0.2300498753117207
0.2899002493765586
0.25561097256857856
0.26995012468827934
0.2942643391521197
0.2125935162094763
0.4083541147132169
0.37468827930174564
0.24438902743142146
0.24438902743142144
0.21508728179551123
0.25997506234413964
0.39027431421446385
0.2955112219451372
0.13840399002493764
0.30423940149625933
0.2942643391521197
0.3697007481296758
0.23566084788029926
0.09039900249376559
0.2103075644222776
0.17040731504571904
0.10390689941812137
0.20448877805486285
0.3798836242726517
0.20781379883624274
0.5195344970906067
0.4106400665004157
0.21529509559434745
0.06982543640897755
0.4114713216957607
0.342477140482128
0.4106400665004157
0.26101413133832085
0.6433915211970075
0.26766417290108063
0.18952618453865336
0.2684954280964256
0.2743142144638404
0.541978387364921
0.33499584372402325
0.400665004156276
0.2319201995012469
0.24854530340814632
0.39484621778886114
0.3524522028262677
0.15627597672485452
0.19700748129675807
0.09642560266001661
0.3790523690773067
0.32252701579384874
0.3167082294264339
0.5054031587697424
0.4546965918536991
0.11055694098088113
0.09226932668329178
0.22693266832917705
0.11221945137157106
0.18204488778054864
0.16126350789692434
0.07564422277639235
0.3682460515378221
0.27847049044056527
0.3632585203657523
0.171238570241064
0.1945137157107232
0.18204488778054864
0.3790523690773067
0.3183707398171238
0.26517040731504576
0.37489609310058186
0.16209476309226933
0.21945137157107233
0.37572734829592686
0.04405652535328345
0.16375727348295926
0.2269326683291771
0.19950124688279303
0.400665004156276
0.3624272651704073
0.26683291770573564
0.49376558603491266
0.24189526184538654
0.18370739817123857
0.18121363258520365
0.19201995012468828
0.2884455527847049
0.14463840399002495
0.3333333333333333
0.42643391521197005
0.39401496259351615
0.4256026600166251
0.2950955943474647
0.10307564422277639
0.3192019950124689
0.32086450540315875
0.36741479634247715
0.1546134663341646
0.0831255195344971
0.28512053200332504
0.3341645885286783
0.15960099750623444
0.4114713216957606
0.23524522028262673
0.3034081463009144
0.27015793848711556
0.11803823773898586
0.30091438071487947
0.3848711554447215
0.3649210307564423
0.22693266832917705
0.1828761429758936
0.2227763923524522
0.27763923524522033
0.4064837905236907
0.39401496259351626
0.3607647547797173
0.33748960931005817
0.23940149625935161
0.1055694098088113
0.3599334995843724
0.2144638403990025
0.33748960931005817
0.4098088113050707
0.5261845386533666
0.11055694098088113
0.31504571903574397
0.3740648379052369
0.11221945137157108
0.15960099750623444
0.2793017456359102
0.23025768911055697
0.1521197007481297
0.2793017456359102
0.3599334995843724
0.48794679966749793
0.38403990024937656
0.14630091438071488
0.04156275976724855
0.18703241895261846
0.5054031587697423
0.3183707398171238
0.2901080631753949
0.2693266832917706
0.2776392352452203
0.31338320864505403
0.18370739817123857
0.26433915211970077
0.1679135494596841
0.21945137157107233
0.24106400665004157
0.13881961762261014
0.04239401496259351
0.22610141313383206
0.23940149625935161
0.07813798836242726
0.19534497090606817
0.4405652535328346
0.24106400665004157
0.23690773067331672
0.1346633416458853
0.16874480465502908
0.17955112219451372
0.171238570241064
0.10058187863674146
0.0831255195344971
0.35328345802161265
0.37572734829592686
0.23690773067331672
0.28345802161263506
0.13300083125519535
0.374896093100582
0.5378221113881962
0.19201995012468828
0.13383208645054032
0.40399002493765584
0.4605153782211138
0.22527015793848712
0.228595178719867
0.28595178719867004
0.29177057356608477
0.3599334995843724
0.2768079800498753
0.28512053200332504
0.428927680798005
0.35910224438902744
0.13549459684123025
0.35328345802161265
0.32086450540315875
0.21030756442227763
0.3059019118869493
0.14048212801330007
0.18204488778054864
0.2950955943474647
0.25519534497090607
0.5619285120532004
0.23940149625935161
0.24438902743142146
0.11970074812967581
0.15045719035743974
0.32003325020781376
0.16708229426433915
0.09808811305070658
0.26101413133832085
0.25685785536159605
0.4613466334164588
0.1629260182876143
0.2593516209476309
0.4621778886118038
0.4630091438071488
0.35910224438902744
0.18038237738985866
0.19866999168744803
0.1853699085619285
0.33998337489609315
0.24106400665004157
0.39068994181213634
0.24106400665004155
0.22942643391521197
0.257689110556941
NaN
NaN
NaN
NaN
NaN
NaN
NaN
NaN
NaN
NaN
NaN
NaN
NaN
NaN
NaN
NaN
NaN
NaN
NaN
NaN
NaN
NaN
NaN
NaN
NaN
NaN
NaN
NaN
NaN
NaN
NaN
NaN
NaN
NaN
NaN
NaN
NaN
NaN
NaN
NaN
NaN
NaN
NaN
NaN
NaN
NaN
NaN
NaN
NaN
NaN
NaN
NaN
NaN
NaN
NaN
NaN
NaN
NaN
NaN
NaN
NaN
NaN
NaN
NaN
NaN
NaN
NaN
NaN
NaN
NaN
NaN
NaN
NaN
NaN
NaN
NaN
NaN
NaN
NaN
NaN
NaN
NaN
NaN
NaN
NaN
NaN
NaN
NaN
NaN
NaN
NaN
NaN
NaN
NaN
NaN
NaN
NaN
NaN
NaN
NaN
NaN
NaN
NaN
NaN
NaN
NaN
NaN
NaN
NaN
NaN
NaN
NaN
NaN
NaN
NaN
NaN
NaN
NaN
NaN
NaN
NaN
NaN
NaN
NaN
NaN
NaN
NaN
NaN
NaN
NaN
NaN
NaN
NaN
NaN
NaN
NaN
NaN
NaN
NaN
NaN
NaN
NaN
NaN
NaN
NaN
NaN
NaN
NaN
NaN
NaN
NaN
NaN
NaN
NaN
NaN
NaN
NaN
NaN
NaN
NaN
NaN
NaN
NaN
NaN
NaN
NaN
NaN
NaN
NaN
NaN
NaN
NaN
NaN
NaN
NaN
NaN
NaN
NaN
NaN
NaN
NaN
NaN
NaN
NaN
NaN
NaN
NaN
NaN
NaN
NaN
NaN
NaN
NaN
NaN
NaN
NaN
NaN
NaN
NaN
NaN
NaN
NaN
NaN
NaN
NaN
NaN
NaN
NaN
NaN
NaN
NaN
NaN
NaN
NaN
NaN
NaN
NaN
NaN
NaN
NaN
NaN
NaN
NaN
NaN
NaN
NaN
NaN
NaN
NaN
NaN
NaN
NaN
NaN
NaN
NaN
NaN
NaN
NaN
NaN
NaN
NaN
NaN
NaN
NaN
NaN
NaN
NaN
NaN
NaN
NaN
NaN
NaN
NaN
NaN
NaN
NaN
NaN
NaN
NaN
NaN
NaN
NaN
NaN
NaN
NaN
NaN
NaN
NaN
NaN
NaN
NaN
NaN
NaN
NaN
NaN
NaN
NaN
NaN
NaN
NaN
NaN
NaN
NaN
NaN
NaN
NaN
NaN
NaN
NaN
NaN
NaN
NaN
NaN
NaN
NaN
NaN
NaN
NaN
NaN
NaN
NaN
NaN
NaN
NaN
NaN
NaN
NaN
NaN
NaN
NaN
NaN
NaN
NaN
NaN
NaN
NaN
NaN
NaN
NaN
NaN
NaN
NaN
NaN
NaN
NaN
NaN
NaN
NaN
NaN
NaN
NaN
NaN
NaN
NaN
NaN
NaN
NaN
NaN
NaN
NaN
NaN
NaN
NaN
NaN
NaN
NaN
NaN
NaN
NaN
NaN
NaN
NaN
NaN
NaN
NaN
NaN
NaN
NaN
NaN
NaN
NaN
NaN
NaN
NaN
NaN
NaN
NaN
NaN
NaN
NaN
NaN
NaN
NaN
NaN
NaN
NaN
NaN
NaN
NaN
NaN
NaN
NaN
NaN
NaN
NaN
NaN
NaN
NaN
NaN
NaN
NaN
NaN
NaN
NaN
NaN
NaN
NaN
NaN
NaN
NaN
NaN
NaN
NaN
NaN
NaN
NaN
NaN
NaN
NaN
NaN
NaN
NaN
NaN
NaN
NaN
NaN
NaN
NaN
NaN
NaN
NaN
NaN
NaN
NaN
NaN
NaN
NaN
NaN
NaN
NaN
NaN
NaN
NaN
NaN
NaN
NaN
NaN
NaN
NaN
NaN
NaN
NaN
NaN
NaN
NaN
NaN
NaN
NaN
NaN
NaN
NaN
NaN
NaN
NaN
NaN
NaN
NaN
NaN
NaN
NaN
NaN
NaN
NaN
NaN
NaN
NaN
NaN
NaN
NaN
NaN
NaN
NaN
NaN
NaN
NaN
NaN
NaN
NaN
NaN
NaN
NaN
NaN
NaN
NaN
NaN
NaN
NaN
NaN
NaN
NaN
NaN
NaN
NaN
NaN
NaN
NaN
NaN
NaN
NaN
NaN
NaN
NaN
NaN
NaN
NaN
NaN
NaN
NaN
NaN
NaN
NaN
NaN
NaN
NaN
NaN
NaN
NaN
NaN
NaN
NaN
NaN
NaN
NaN
NaN
NaN
NaN
NaN
NaN
NaN
NaN
NaN
NaN
NaN
NaN
NaN
NaN
NaN
NaN
NaN
NaN
NaN
NaN
NaN
NaN
NaN
NaN
NaN
NaN
NaN
NaN
NaN
NaN
NaN
NaN
NaN
NaN
NaN
NaN
NaN
NaN
NaN
NaN
NaN
NaN
NaN
NaN
NaN
NaN
NaN
NaN
NaN
NaN
NaN
NaN
NaN
NaN
NaN
NaN
NaN
NaN
NaN
NaN
NaN
NaN
NaN
NaN
NaN
NaN
NaN
NaN
NaN
NaN
NaN
NaN
NaN
NaN
NaN
NaN
NaN
NaN
NaN
NaN
NaN
NaN
NaN
NaN
NaN
NaN
NaN
NaN
NaN
NaN
NaN
NaN
NaN
NaN
NaN
NaN
NaN
NaN
NaN
NaN
NaN
NaN
NaN
NaN
NaN
NaN
NaN
NaN
NaN
NaN
NaN
NaN
NaN
NaN
NaN
NaN
NaN
NaN
NaN
NaN
NaN
NaN
NaN
NaN
NaN
NaN
NaN
NaN
NaN
NaN
NaN
NaN
NaN
NaN
NaN
NaN
NaN
NaN
NaN
NaN
NaN
NaN
NaN
NaN
NaN
NaN
NaN
NaN
NaN
NaN
NaN
NaN
NaN
NaN
NaN
NaN
NaN
NaN
NaN
NaN
NaN
NaN
NaN
NaN
NaN
NaN
NaN
NaN
NaN
NaN
NaN
NaN
NaN
NaN
NaN
NaN
NaN
NaN
NaN
NaN
NaN
NaN
NaN
NaN
NaN
NaN
NaN
NaN
NaN
NaN
NaN
NaN
NaN
NaN
NaN
NaN
NaN
NaN
NaN
NaN
NaN
NaN
NaN
NaN
NaN
NaN
NaN
NaN
NaN
NaN
NaN
NaN
NaN
NaN
NaN
NaN
NaN
NaN
NaN
NaN
NaN
NaN
NaN
NaN
NaN
NaN
NaN
NaN
NaN
NaN
NaN
NaN
NaN
NaN
NaN
NaN
NaN
NaN
NaN
NaN
NaN
NaN
NaN
NaN
NaN
NaN
NaN
NaN
NaN
NaN
NaN
NaN
NaN
NaN
NaN
NaN
NaN
NaN
NaN
NaN
NaN
NaN
NaN
NaN
NaN
NaN
NaN
NaN
NaN
NaN
NaN
NaN
NaN
NaN
NaN
NaN
NaN
NaN
NaN
NaN
NaN
NaN
NaN
NaN
NaN
NaN
NaN
NaN
NaN
NaN
NaN
NaN
NaN
NaN
NaN
NaN
NaN
NaN
NaN
NaN
NaN
NaN
NaN
NaN
NaN
NaN
NaN
NaN
NaN
NaN
NaN
NaN
NaN
NaN
NaN
NaN
NaN
NaN
NaN
NaN
NaN
NaN
NaN
NaN
NaN
NaN
NaN
NaN
NaN
NaN
NaN
NaN
NaN
NaN
NaN
NaN
NaN
NaN
NaN
NaN
NaN
NaN
NaN
NaN
NaN
NaN
NaN
NaN
NaN
NaN
NaN
NaN
NaN
NaN
NaN
NaN
NaN
NaN
NaN
NaN
NaN
NaN
NaN
NaN
NaN
NaN
NaN
NaN
NaN
NaN
NaN
NaN
NaN
NaN
NaN
NaN
NaN
NaN
NaN
NaN
NaN
NaN
NaN
NaN
NaN
NaN
NaN
NaN
NaN
NaN
NaN
NaN
NaN
NaN
NaN
NaN
NaN
NaN
NaN
NaN
NaN
NaN
NaN
NaN
NaN
NaN
NaN
NaN
NaN
NaN
NaN
NaN
NaN
NaN
NaN
NaN
NaN
NaN
NaN
NaN
NaN
NaN
NaN
NaN
NaN
NaN
NaN
NaN
NaN
NaN
NaN
NaN
NaN
NaN
NaN
NaN
NaN
NaN
NaN
NaN
NaN
NaN
NaN
NaN
NaN
NaN
NaN
NaN
NaN
NaN
NaN
NaN
NaN
NaN
NaN
NaN
NaN
NaN
NaN
NaN
NaN
NaN
NaN
NaN
NaN
NaN
NaN
NaN
NaN
NaN
NaN
NaN
NaN
NaN
NaN
NaN
NaN
NaN
NaN
NaN
NaN
NaN
NaN
NaN
NaN
NaN
NaN
NaN
NaN
NaN
NaN
NaN
NaN
NaN
NaN
NaN
NaN
NaN
NaN
NaN
NaN
NaN
NaN
NaN
NaN
NaN
NaN
NaN
NaN
NaN
NaN
NaN
NaN
NaN
NaN
NaN
NaN
NaN
NaN
NaN
NaN
NaN
NaN
NaN
NaN
NaN
NaN
NaN
NaN
NaN
NaN
NaN
NaN
NaN
NaN
NaN
NaN
NaN
NaN
NaN
NaN
NaN
NaN
NaN
NaN
NaN
NaN
NaN
NaN
NaN
NaN
NaN
NaN
NaN
NaN
NaN
NaN
NaN
NaN
NaN
NaN
NaN
NaN
NaN
NaN
NaN
NaN
NaN
NaN
NaN
NaN
NaN
NaN
NaN
NaN
NaN
NaN
NaN
NaN
NaN
NaN
NaN
NaN
NaN
NaN
NaN
NaN
NaN
NaN
NaN
NaN
NaN
NaN
NaN
NaN
NaN
NaN
NaN
NaN
NaN
NaN
NaN
NaN
NaN
NaN
NaN
NaN
NaN
NaN
NaN
NaN
NaN
NaN
NaN
NaN
NaN
NaN
NaN
NaN
NaN
NaN
NaN
NaN
NaN
NaN
NaN
NaN
NaN
NaN
NaN
NaN
NaN
NaN
NaN
NaN
NaN
NaN
NaN
NaN
NaN
NaN
NaN
NaN
NaN
NaN
NaN
NaN
NaN
NaN
NaN
NaN
NaN
NaN
NaN
NaN
NaN
NaN
NaN
NaN
NaN
NaN
NaN
NaN
NaN
NaN
NaN
NaN
NaN
NaN
NaN
NaN
NaN
NaN
NaN
NaN
NaN
NaN
NaN
NaN
NaN
NaN
NaN
NaN
NaN
NaN
NaN
NaN
NaN
NaN
NaN
NaN
NaN
NaN
NaN
NaN
NaN
NaN
NaN
NaN
NaN
NaN
NaN
NaN
NaN
NaN
NaN
NaN
NaN
NaN
NaN
NaN
NaN
NaN
NaN
NaN
NaN
NaN
NaN
NaN
NaN
NaN
NaN
NaN
NaN
NaN
NaN
NaN
NaN
NaN
NaN
NaN
NaN
NaN
NaN
NaN
NaN
NaN
NaN
NaN
NaN
NaN
NaN
NaN
NaN
NaN
NaN
NaN
NaN
NaN
NaN
NaN
NaN
NaN
NaN
NaN
NaN
NaN
NaN
NaN
NaN
NaN
NaN
NaN
NaN
NaN
NaN
NaN
NaN
NaN
NaN
NaN
NaN
NaN
NaN
NaN
NaN
NaN
NaN
NaN
NaN
NaN
NaN
NaN
NaN
NaN
NaN
NaN
NaN
NaN
NaN
NaN
NaN
NaN
NaN
NaN
NaN
NaN
NaN
NaN
NaN
NaN
NaN
NaN
NaN
NaN
NaN
NaN
NaN
NaN
NaN
NaN
NaN
NaN
NaN
NaN
NaN
NaN
NaN
NaN
NaN
NaN
NaN
NaN
NaN
NaN
NaN
NaN
NaN
NaN
NaN
NaN
NaN
NaN
NaN
NaN
NaN
NaN
NaN
NaN
NaN
NaN
NaN
NaN
NaN
NaN
NaN
NaN
NaN
NaN
NaN
NaN
NaN
NaN
NaN
NaN
NaN
NaN
NaN
NaN
NaN
NaN
NaN
NaN
NaN
NaN
NaN
NaN
NaN
NaN
NaN
NaN
NaN
NaN
NaN
NaN
NaN
NaN
NaN
NaN
NaN
NaN
NaN
NaN
NaN
NaN
NaN
NaN
NaN
NaN
NaN
NaN
NaN
NaN
NaN
NaN
NaN
NaN
NaN
NaN
NaN
NaN
NaN
NaN
NaN
NaN
NaN
NaN
NaN
NaN
NaN
NaN
NaN
NaN
NaN
NaN
NaN
NaN
NaN
NaN
NaN
NaN
NaN
NaN
NaN
NaN
NaN
NaN
NaN
NaN
NaN
NaN
NaN
NaN
NaN
NaN
NaN
NaN
NaN
NaN
NaN
NaN
NaN
NaN
NaN
NaN
NaN
NaN
NaN
NaN
NaN
NaN
NaN
NaN
NaN
NaN
NaN
NaN
NaN
NaN
NaN
NaN
NaN
NaN
NaN
NaN
NaN
NaN
NaN
NaN
NaN
NaN
NaN
NaN
NaN
NaN
NaN
NaN
NaN
NaN
NaN
NaN
NaN
NaN
NaN
NaN
NaN
NaN
NaN
NaN
NaN
NaN
NaN
NaN
NaN
NaN
NaN
NaN
NaN
NaN
NaN
NaN
NaN
NaN
NaN
NaN
NaN
NaN
NaN
NaN
NaN
NaN
NaN
NaN
NaN
NaN
NaN
NaN
NaN
NaN
NaN
NaN
NaN
NaN
NaN
NaN
NaN
NaN
NaN
NaN
NaN
NaN
NaN
NaN
NaN
NaN
NaN
NaN
NaN
NaN
NaN
NaN
NaN
NaN
NaN
NaN
NaN
NaN
NaN
NaN
NaN
NaN
NaN
NaN
NaN
NaN
NaN
NaN
NaN
NaN
NaN
NaN
NaN
NaN
NaN
NaN
NaN
NaN
NaN
NaN
NaN
NaN
NaN
NaN
NaN
NaN
NaN
NaN
NaN
NaN
NaN
NaN
NaN
NaN
NaN
NaN
NaN
NaN
NaN
NaN
NaN
NaN
NaN
NaN
NaN
NaN
NaN
NaN
NaN
NaN
NaN
NaN
NaN
NaN
NaN
NaN
NaN
NaN
NaN
NaN
NaN
NaN
NaN
NaN
NaN
NaN
NaN
NaN
NaN
NaN
NaN
NaN
NaN
NaN
NaN
NaN
NaN
NaN
NaN
NaN
NaN
NaN
NaN
NaN
NaN
NaN
NaN
NaN
NaN
NaN
NaN
NaN
NaN
NaN
NaN
NaN
NaN
NaN
NaN
NaN
NaN
NaN
NaN
NaN
NaN
NaN
NaN
NaN
NaN
NaN
NaN
NaN
NaN
NaN
NaN
NaN
NaN
NaN
NaN
NaN
NaN
NaN
NaN
NaN
NaN
NaN
NaN
NaN
NaN
NaN
NaN
NaN
NaN
NaN
NaN
NaN
NaN
NaN
NaN
NaN
NaN
NaN
NaN
NaN
NaN
NaN
NaN
NaN
NaN
NaN
NaN
NaN
NaN
NaN
NaN
NaN
NaN
NaN
NaN
NaN
NaN
NaN
NaN
NaN
NaN
NaN
NaN
NaN
NaN
NaN
NaN
NaN
NaN
NaN
NaN
NaN
NaN
NaN
NaN
