0.4325
0.47000000000000003
0.595
0.36
0.42000000000000004
0.5475
0.4825
0.6074999999999999
0.795
0.5499999999999999
0.4575
0.35000000000000003
0.32
0.22500000000000003
0.4325
0.7025
0.355
0.43000000000000005
0.38
0.565
0.5125
0.4175
0.5025
0.5725
0.38249999999999995
0.4475
0.65
0.5825
0.41500000000000004
0.17
0.5599999999999999
0.8075
0.23750000000000002
0.47
0.36
0.505
0.33
0.4225
0.66
0.7000000000000001
0.7225
0.485
0.8275
0.725
0.625
0.485
0.39749999999999996
0.41500000000000004
0.5675
0.365
0.32
0.45500000000000007
0.4125
0.7925
0.5625
0.575
0.56
0.575
0.5625
0.52
0.405
0.47250000000000003
0.4375
0.33999999999999997
0.39249999999999996
0.42
0.5650000000000001
0.2875
0.495
0.46
0.32
0.6425000000000001
0.26
0.3525
0.3925
0.49750000000000005
0.44
0.5249999999999999
0.6425
0.6425000000000001
0.6224999999999999
0.6250000000000001
0.5900000000000001
0.5925
0.395
0.41500000000000004
0.4475
0.215
0.4075
0.4225
0.6599999999999999
0.405
0.38000000000000006
0.4525
0.545
0.41500000000000004
0.585
0.5575000000000001
0.2775
0.5075
0.5225000000000001
0.745
0.565
0.6575
0.67
0.47250000000000003
0.56
0.46499999999999997
0.7825
0.3825
0.5375
0.425
0.3875
0.5025000000000001
0.6575
0.48000000000000004
0.3225
0.4275
0.5325
0.475
0.27
0.3775
0.4675
0.625
0.6799999999999999
0.4625
0.485
0.54
0.155
0.43500000000000005
0.5
0.44
0.5
0.48250000000000004
0.2975
0.34750000000000003
0.4025
0.33249999999999996
0.32999999999999996
0.4425
0.3025
0.3675
0.32999999999999996
0.4125
0.355
0.2725
0.3225
0.48500000000000004
0.59
0.5875
0.32749999999999996
0.6775
0.7274999999999999
0.54
0.3425
0.4775
0.22499999999999998
0.49
0.2975
0.4825
0.47500000000000003
0.4525
0.585
0.43999999999999995
0.33
0.33
0.615
0.55
0.635
0.46499999999999997
0.6275
0.755
0.495
0.635
0.5525
0.535
0.42999999999999994
0.5175
0.35500000000000004
0.30750000000000005
0.1475
0.2825
0.38250000000000006
0.30000000000000004
0.3175
0.19
0.23
0.21500000000000002
0.46499999999999997
0.6575
0.565
0.3275
0.4375
0.6225
0.47
0.5549999999999999
0.47250000000000003
0.30500000000000005
0.5575
0.4075
0.3425
0.375
0.5675
0.5525
0.5674999999999999
0.405
0.6375
0.585
0.43750000000000006
0.3625
0.45999999999999996
0.35250000000000004
0.505
0.48500000000000004
0.2625
0.37250000000000005
0.35000000000000003
0.235
0.4125
0.5549999999999999
0.395
0.5425
0.63
0.4175
0.4125
0.4425
0.45000000000000007
0.3125
0.34
0.43000000000000005
0.255
0.17250000000000001
0.36000000000000004
0.3625
0.375
0.35000000000000003
0.4625
0.48250000000000004
0.31
0.305
0.37250000000000005
0.59
0.6000000000000001
0.33
0.485
0.54
0.575
0.34750000000000003
0.4325
0.455
0.48
0.3225
0.43499999999999994
0.20500000000000002
0.2625
0.3525
0.3
0.55
0.3825
0.525
0.4825
0.5449999999999999
0.585
0.295
0.435
0.4925
0.365
0.42500000000000004
0.265
0.5325
0.45499999999999996
0.6025
0.6749999999999999
0.5375
0.6275
0.30000000000000004
0.5125
0.48250000000000004
0.62
0.4525
0.48250000000000004
0.3825
0.315
0.1675
0.40249999999999997
0.4575
0.3875
0.59
0.46749999999999997
0.17500000000000002
0.255
0.3025
0.5075
0.33749999999999997
0.15000000000000002
0.43249999999999994
0.3275
0.5625
0.6575
0.5525
0.4025
0.31999999999999995
0.685
0.44499999999999995
0.2575
0.4175
0.38
0.3925
0.4875
0.5625
0.5675
0.6275
0.48749999999999993
0.5
0.2825
0.5475
0.505
0.5
0.4525
0.39749999999999996
0.5925
0.45999999999999996
0.41250000000000003
0.6375
0.6225
0.38749999999999996
0.47250000000000003
0.4575
0.4475
0.4625
0.3525
0.3825
0.7849999999999999
0.5
0.195
0.47500000000000003
0.48
0.6074999999999999
0.485
0.3325
0.27749999999999997
0.44999999999999996
0.2875
0.575
0.535
0.47
0.58
0.315
0.2975
0.2025
0.4875
0.47750000000000004
0.2975
0.5700000000000001
0.535
0.55
0.48500000000000004
0.56
0.5175
0.45999999999999996
0.16
0.42249999999999993
0.375
0.5225000000000001
0.38249999999999995
0.4425
0.445
0.435
0.41500000000000004
0.4275
0.4475
0.5075
0.34
0.25
0.24249999999999997
0.31
0.37249999999999994
0.4025
0.455
0.40249999999999997
0.5249999999999999
0.5675
0.2175
0.535
0.3725
0.595
0.47000000000000003
0.445
0.4425
0.3175
0.46
0.455
0.34750000000000003
0.2975
0.45000000000000007
0.4875
0.48749999999999993
0.6075
0.6825
0.5900000000000001
0.4525
0.36
0.37750000000000006
0.3175
0.6425
0.5275000000000001
0.4075
0.44
0.3425
0.335
0.29000000000000004
0.7075
0.4425
0.31749999999999995
0.3525
0.16499999999999998
0.6475000000000001
0.5175
0.21250000000000002
0.6325000000000001
0.44000000000000006
0.45250000000000007
0.35500000000000004
0.57
0.7775
0.6275
0.3125
0.46
0.375
0.4925
0.3825
0.4225
0.48
0.5549999999999999
0.37999999999999995
0.4225
0.5875
0.495
0.51
0.43
0.43999999999999995
0.2625
0.2275
0.225
0.375
0.585
0.585
0.4425
0.265
0.39249999999999996
0.45
0.4475
0.27
0.33999999999999997
0.4225
0.395
0.4975
0.5125
0.6275000000000001
0.45749999999999996
0.5275
0.335
0.395
0.575
0.4125
0.5924999999999999
0.43
0.385
0.25
0.58
0.2975
0.3275
0.3474999999999999
0.2625
0.36750000000000005
0.28
0.1975
0.0875
0.53
0.6625
0.75
0.5850000000000001
0.7075
0.5675
0.5725
0.675
0.54
0.5625
0.345
0.275
0.36000000000000004
0.73
0.47
0.42499999999999993
0.4225
0.7375
0.3075
0.4175
0.54
0.4225
0.38
0.3175
0.5974999999999999
0.5650000000000001
0.455
0.665
0.4225
0.6375
0.44500000000000006
0.38
0.32
0.4475
0.3275
0.3675
0.31999999999999995
0.5125
0.4325
0.5975
0.425
0.4325
0.58
0.54
0.48
0.19999999999999998
0.22999999999999998
0.325
0.3825
0.39499999999999996
0.3325
0.4225
0.485
0.39999999999999997
0.5975
0.46
0.5725
0.62
0.7525000000000001
0.73
0.7475
0.6625
0.45999999999999996
0.2875
0.5575
0.44999999999999996
0.6125
0.3825
0.3675
0.38
0.4625
0.36750000000000005
0.4666666666666666
0.48333333333333334
0.18000000000000002
0.48666666666666664
0.5133333333333333
0.4533333333333333
0.52
0.2966666666666667
0.23666666666666666
0.41
0.4766666666666666
0.49000000000000005
0.56
0.59
0.7966666666666667
0.4533333333333333
0.34
0.6866666666666666
0.41
0.6
0.4466666666666667
0.5066666666666667
0.56
0.37000000000000005
0.5966666666666667
0.8099999999999999
0.5733333333333334
0.49333333333333335
0.49
0.7733333333333334
0.6633333333333333
0.6966666666666667
0.6733333333333333
0.5566666666666666
0.37333333333333335
0.27666666666666667
0.4266666666666666
0.27999999999999997
0.4766666666666666
0.4166666666666667
0.3433333333333333
0.31666666666666665
0.2733333333333334
0.3833333333333333
0.30666666666666664
0.35000000000000003
0.61
0.49666666666666665
0.5233333333333333
0.5433333333333333
0.29666666666666663
0.7566666666666667
0.5666666666666667
0.5766666666666667
0.5033333333333333
0.2333333333333333
0.14666666666666667
0.37000000000000005
0.45
0.5133333333333333
0.44333333333333336
0.38999999999999996
0.5466666666666666
0.34
0.33666666666666667
0.4166666666666667
0.5166666666666667
0.4266666666666666
0.22333333333333336
0.33
0.39333333333333337
0.5066666666666667
0.5266666666666667
0.35000000000000003
0.48666666666666664
0.5333333333333333
0.6166666666666667
0.7666666666666666
0.8066666666666666
0.49666666666666665
0.38999999999999996
0.27666666666666667
0.5133333333333333
0.3433333333333333
0.47666666666666674
0.25
0.6
0.5633333333333334
0.8566666666666666
0.45
0.48666666666666664
0.4533333333333333
0.4666666666666666
0.5433333333333333
0.23
0.45999999999999996
0.3133333333333333
0.21666666666666667
0.5333333333333333
0.5666666666666667
0.36333333333333334
0.64
0.5566666666666666
0.4033333333333333
0.54
0.32
0.3666666666666667
0.43333333333333335
0.5033333333333333
0.47000000000000003
0.47333333333333333
0.3166666666666667
0.57
0.43333333333333335
0.54
0.7266666666666666
0.6033333333333334
0.51
0.37333333333333335
0.5
0.6733333333333333
0.36999999999999994
0.17333333333333334
0.42999999999999994
0.4466666666666666
0.5333333333333333
0.47333333333333333
0.47333333333333333
0.3833333333333333
0.39333333333333337
0.33666666666666667
0.25
0.45333333333333337
0.39999999999999997
0.3866666666666667
0.5700000000000001
0.5966666666666667
0.45999999999999996
0.7566666666666667
0.6666666666666666
0.63
0.7066666666666667
0.43333333333333335
0.8433333333333333
0.5733333333333333
0.45
0.3
0.32
0.5233333333333333
0.6333333333333333
0.14333333333333334
0.17
0.31333333333333335
0.5366666666666666
0.6166666666666667
0.29000000000000004
0.23
0.48666666666666675
0.39666666666666667
0.32
0.2733333333333333
0.3666666666666667
0.5466666666666667
0.5066666666666666
0.5566666666666668
0.48
0.5099999999999999
0.7233333333333333
0.4533333333333333
0.6666666666666666
0.3233333333333333
0.36999999999999994
0.4466666666666667
0.3466666666666667
0.58
0.2733333333333334
0.3733333333333333
0.4533333333333333
0.5066666666666667
0.44333333333333336
0.5333333333333333
0.6466666666666666
0.46
0.6133333333333333
0.43
0.15333333333333335
0.61
0.8066666666666666
0.7266666666666667
0.37000000000000005
0.45999999999999996
0.6566666666666666
0.79
0.7133333333333334
0.22
0.16666666666666666
0.23
0.41333333333333333
0.4566666666666666
0.5266666666666667
NaN
NaN
NaN
NaN
NaN
NaN
NaN
NaN
NaN
NaN
NaN
NaN
NaN
NaN
NaN
NaN
NaN
NaN
NaN
NaN
NaN
NaN
NaN
NaN
NaN
NaN
NaN
NaN
NaN
NaN
NaN
NaN
NaN
NaN
NaN
NaN
NaN
NaN
NaN
NaN
NaN
NaN
NaN
NaN
NaN
NaN
NaN
NaN
NaN
NaN
NaN
NaN
NaN
NaN
NaN
NaN
NaN
NaN
NaN
NaN
NaN
NaN
NaN
NaN
NaN
NaN
NaN
NaN
NaN
NaN
NaN
NaN
NaN
NaN
NaN
NaN
NaN
NaN
NaN
NaN
NaN
NaN
NaN
NaN
NaN
NaN
NaN
NaN
NaN
NaN
NaN
NaN
NaN
NaN
NaN
NaN
NaN
NaN
NaN
NaN
NaN
NaN
NaN
NaN
NaN
NaN
NaN
NaN
NaN
NaN
NaN
NaN
NaN
NaN
NaN
NaN
NaN
NaN
NaN
NaN
NaN
NaN
NaN
NaN
NaN
NaN
NaN
NaN
NaN
NaN
NaN
NaN
NaN
NaN
NaN
NaN
NaN
NaN
NaN
NaN
NaN
NaN
NaN
NaN
NaN
NaN
NaN
NaN
NaN
NaN
NaN
NaN
NaN
NaN
NaN
NaN
NaN
NaN
NaN
NaN
NaN
NaN
NaN
NaN
NaN
NaN
NaN
NaN
NaN
NaN
NaN
NaN
NaN
NaN
NaN
NaN
NaN
NaN
NaN
NaN
NaN
NaN
NaN
NaN
NaN
NaN
NaN
NaN
NaN
NaN
NaN
NaN
NaN
NaN
NaN
NaN
NaN
NaN
NaN
NaN
NaN
NaN
NaN
NaN
NaN
NaN
NaN
NaN
NaN
NaN
NaN
NaN
NaN
NaN
NaN
NaN
NaN
NaN
NaN
NaN
NaN
NaN
NaN
NaN
NaN
NaN
NaN
NaN
NaN
NaN
NaN
NaN
NaN
NaN
NaN
NaN
NaN
NaN
NaN
NaN
NaN
NaN
NaN
NaN
NaN
NaN
NaN
NaN
NaN
NaN
NaN
NaN
NaN
NaN
NaN
NaN
NaN
NaN
NaN
NaN
NaN
NaN
NaN
NaN
NaN
NaN
NaN
NaN
NaN
NaN
NaN
NaN
NaN
NaN
NaN
NaN
NaN
NaN
NaN
NaN
NaN
NaN
NaN
NaN
NaN
NaN
NaN
NaN
NaN
NaN
NaN
NaN
NaN
NaN
NaN
NaN
NaN
NaN
NaN
NaN
NaN
NaN
NaN
NaN
NaN
NaN
NaN
NaN
NaN
NaN
NaN
NaN
NaN
NaN
NaN
NaN
NaN
NaN
NaN
NaN
NaN
NaN
NaN
NaN
NaN
NaN
NaN
NaN
NaN
NaN
NaN
NaN
NaN
NaN
NaN
NaN
NaN
NaN
NaN
NaN
NaN
NaN
NaN
NaN
NaN
NaN
NaN
NaN
NaN
NaN
NaN
NaN
NaN
NaN
NaN
NaN
NaN
NaN
NaN
NaN
NaN
NaN
NaN
NaN
NaN
NaN
NaN
NaN
NaN
NaN
NaN
NaN
NaN
NaN
NaN
NaN
NaN
NaN
NaN
NaN
NaN
NaN
NaN
NaN
NaN
NaN
NaN
NaN
NaN
NaN
NaN
NaN
NaN
NaN
NaN
NaN
NaN
NaN
NaN
NaN
NaN
NaN
NaN
NaN
NaN
NaN
NaN
NaN
NaN
NaN
NaN
NaN
NaN
NaN
NaN
NaN
NaN
NaN
NaN
NaN
NaN
NaN
NaN
NaN
NaN
NaN
NaN
NaN
NaN
NaN
NaN
NaN
NaN
NaN
NaN
NaN
NaN
NaN
NaN
NaN
NaN
NaN
NaN
NaN
NaN
NaN
NaN
NaN
NaN
NaN
NaN
NaN
NaN
NaN
NaN
NaN
NaN
NaN
NaN
NaN
NaN
NaN
NaN
NaN
NaN
NaN
NaN
NaN
NaN
NaN
NaN
NaN
NaN
NaN
NaN
NaN
NaN
NaN
NaN
NaN
NaN
NaN
NaN
NaN
NaN
NaN
NaN
NaN
NaN
NaN
NaN
NaN
NaN
NaN
NaN
NaN
NaN
NaN
NaN
NaN
NaN
NaN
NaN
NaN
NaN
NaN
NaN
NaN
NaN
NaN
NaN
NaN
NaN
NaN
NaN
NaN
NaN
NaN
NaN
NaN
NaN
NaN
NaN
NaN
NaN
NaN
NaN
NaN
NaN
NaN
NaN
NaN
NaN
NaN
NaN
NaN
NaN
NaN
NaN
NaN
NaN
NaN
NaN
NaN
NaN
NaN
NaN
NaN
NaN
NaN
NaN
NaN
NaN
NaN
NaN
NaN
NaN
NaN
NaN
NaN
NaN
NaN
NaN
NaN
NaN
NaN
NaN
NaN
NaN
NaN
NaN
NaN
NaN
NaN
NaN
NaN
NaN
NaN
NaN
NaN
NaN
NaN
NaN
NaN
NaN
NaN
NaN
NaN
NaN
NaN
NaN
NaN
NaN
NaN
NaN
NaN
NaN
NaN
NaN
NaN
NaN
NaN
NaN
NaN
NaN
NaN
NaN
NaN
NaN
NaN
NaN
NaN
NaN
NaN
NaN
NaN
NaN
NaN
NaN
NaN
NaN
NaN
NaN
NaN
NaN
NaN
NaN
NaN
NaN
NaN
NaN
NaN
NaN
NaN
NaN
NaN
NaN
NaN
NaN
NaN
NaN
NaN
NaN
NaN
NaN
NaN
NaN
NaN
NaN
NaN
NaN
NaN
NaN
NaN
NaN
NaN
NaN
NaN
NaN
NaN
NaN
NaN
NaN
NaN
NaN
NaN
NaN
NaN
NaN
NaN
NaN
NaN
NaN
NaN
NaN
NaN
NaN
NaN
NaN
NaN
NaN
NaN
NaN
NaN
NaN
NaN
NaN
NaN
NaN
NaN
NaN
NaN
NaN
NaN
NaN
NaN
NaN
NaN
NaN
NaN
NaN
NaN
NaN
NaN
NaN
NaN
NaN
NaN
NaN
NaN
NaN
NaN
NaN
NaN
NaN
NaN
NaN
NaN
NaN
NaN
NaN
NaN
NaN
NaN
NaN
NaN
NaN
NaN
NaN
NaN
NaN
NaN
NaN
NaN
NaN
NaN
NaN
NaN
NaN
NaN
NaN
NaN
NaN
NaN
NaN
NaN
NaN
NaN
NaN
NaN
NaN
NaN
NaN
NaN
NaN
NaN
NaN
NaN
NaN
NaN
NaN
NaN
NaN
NaN
NaN
NaN
NaN
NaN
NaN
NaN
NaN
NaN
NaN
NaN
NaN
NaN
NaN
NaN
NaN
NaN
NaN
NaN
NaN
NaN
NaN
NaN
NaN
NaN
NaN
NaN
NaN
NaN
NaN
NaN
NaN
NaN
NaN
NaN
NaN
NaN
NaN
NaN
NaN
NaN
NaN
NaN
NaN
NaN
NaN
NaN
NaN
NaN
NaN
NaN
NaN
NaN
NaN
NaN
NaN
NaN
NaN
NaN
NaN
NaN
NaN
NaN
NaN
NaN
NaN
NaN
NaN
NaN
NaN
NaN
NaN
NaN
NaN
NaN
NaN
NaN
NaN
NaN
NaN
NaN
NaN
NaN
NaN
NaN
NaN
NaN
NaN
NaN
NaN
NaN
NaN
NaN
NaN
NaN
NaN
NaN
NaN
NaN
NaN
NaN
NaN
NaN
NaN
NaN
NaN
NaN
NaN
NaN
NaN
NaN
NaN
NaN
NaN
NaN
NaN
NaN
NaN
NaN
NaN
NaN
NaN
NaN
NaN
NaN
NaN
NaN
NaN
NaN
NaN
NaN
NaN
NaN
NaN
NaN
NaN
NaN
NaN
NaN
NaN
NaN
NaN
NaN
NaN
NaN
NaN
NaN
NaN
NaN
NaN
NaN
NaN
NaN
NaN
NaN
NaN
NaN
NaN
NaN
NaN
NaN
NaN
NaN
NaN
NaN
NaN
NaN
NaN
NaN
NaN
NaN
NaN
NaN
NaN
NaN
NaN
NaN
NaN
NaN
NaN
NaN
NaN
NaN
NaN
NaN
NaN
NaN
NaN
NaN
NaN
NaN
NaN
NaN
NaN
NaN
NaN
NaN
NaN
NaN
NaN
NaN
NaN
NaN
NaN
NaN
NaN
NaN
NaN
NaN
NaN
NaN
NaN
NaN
NaN
NaN
NaN
NaN
NaN
NaN
NaN
NaN
NaN
NaN
NaN
NaN
NaN
NaN
NaN
NaN
NaN
NaN
NaN
NaN
NaN
NaN
NaN
NaN
NaN
NaN
NaN
NaN
NaN
NaN
NaN
NaN
NaN
NaN
NaN
NaN
NaN
NaN
NaN
NaN
NaN
NaN
NaN
NaN
NaN
NaN
NaN
NaN
NaN
NaN
NaN
NaN
NaN
NaN
NaN
NaN
NaN
NaN
NaN
NaN
NaN
NaN
NaN
NaN
NaN
NaN
NaN
NaN
NaN
NaN
NaN
NaN
NaN
NaN
NaN
NaN
NaN
NaN
NaN
NaN
NaN
NaN
NaN
NaN
NaN
NaN
NaN
NaN
NaN
NaN
NaN
NaN
NaN
NaN
NaN
NaN
NaN
NaN
NaN
NaN
NaN
NaN
NaN
NaN
NaN
NaN
NaN
NaN
NaN
NaN
NaN
NaN
NaN
NaN
NaN
NaN
NaN
NaN
NaN
NaN
NaN
NaN
NaN
NaN
NaN
NaN
NaN
NaN
NaN
NaN
NaN
NaN
NaN
NaN
NaN
NaN
NaN
NaN
NaN
NaN
NaN
NaN
NaN
NaN
NaN
NaN
NaN
NaN
NaN
NaN
NaN
NaN
NaN
NaN
NaN
NaN
NaN
NaN
NaN
NaN
NaN
NaN
NaN
NaN
NaN
NaN
NaN
NaN
NaN
NaN
NaN
NaN
NaN
NaN
NaN
NaN
NaN
NaN
NaN
NaN
NaN
NaN
NaN
NaN
NaN
NaN
NaN
NaN
NaN
NaN
NaN
NaN
NaN
NaN
NaN
NaN
NaN
NaN
NaN
NaN
NaN
NaN
NaN
NaN
NaN
NaN
NaN
NaN
NaN
NaN
NaN
NaN
NaN
NaN
NaN
NaN
NaN
NaN
NaN
NaN
NaN
NaN
NaN
NaN
NaN
NaN
NaN
NaN
NaN
NaN
NaN
NaN
NaN
NaN
NaN
NaN
NaN
NaN
NaN
NaN
NaN
NaN
NaN
NaN
NaN
NaN
NaN
NaN
NaN
NaN
NaN
NaN
NaN
NaN
NaN
NaN
NaN
NaN
NaN
NaN
NaN
NaN
NaN
NaN
NaN
NaN
NaN
NaN
NaN
NaN
NaN
NaN
NaN
NaN
NaN
NaN
NaN
NaN
NaN
NaN
NaN
NaN
NaN
NaN
NaN
NaN
NaN
NaN
NaN
NaN
NaN
NaN
NaN
NaN
NaN
NaN
NaN
NaN
NaN
NaN
NaN
NaN
NaN
NaN
NaN
NaN
NaN
NaN
NaN
NaN
NaN
NaN
NaN
NaN
NaN
NaN
NaN
NaN
NaN
NaN
NaN
NaN
NaN
NaN
NaN
NaN
NaN
NaN
NaN
NaN
NaN
NaN
NaN
NaN
NaN
NaN
NaN
NaN
NaN
NaN
NaN
NaN
NaN
NaN
NaN
NaN
NaN
NaN
NaN
NaN
NaN
NaN
NaN
NaN
NaN
NaN
NaN
NaN
NaN
NaN
NaN
NaN
NaN
NaN
NaN
NaN
NaN
NaN
NaN
NaN
NaN
NaN
NaN
NaN
NaN
NaN
NaN
NaN
NaN
NaN
NaN
NaN
NaN
NaN
NaN
NaN
NaN
NaN
NaN
NaN
NaN
NaN
NaN
NaN
NaN
NaN
NaN
NaN
NaN
NaN
NaN
NaN
NaN
NaN
NaN
NaN
NaN
NaN
NaN
NaN
NaN
NaN
NaN
NaN
NaN
NaN
NaN
NaN
NaN
NaN
NaN
NaN
NaN
NaN
NaN
NaN
NaN
NaN
NaN
NaN
NaN
NaN
NaN
NaN
NaN
NaN
NaN
NaN
NaN
NaN
NaN
NaN
NaN
NaN
NaN
NaN
NaN
NaN
NaN
NaN
NaN
NaN
NaN
NaN
NaN
NaN
NaN
NaN
NaN
NaN
NaN
NaN
NaN
NaN
NaN
NaN
NaN
NaN
NaN
NaN
NaN
NaN
NaN
NaN
NaN
NaN
NaN
NaN
NaN
NaN
NaN
NaN
NaN
NaN
NaN
NaN
NaN
NaN
NaN
NaN
NaN
NaN
NaN
NaN
NaN
NaN
NaN
NaN
NaN
NaN
NaN
NaN
NaN
NaN
NaN
NaN
NaN
NaN
NaN
NaN
NaN
NaN
NaN
NaN
NaN
NaN
NaN
NaN
NaN
NaN
NaN
NaN
NaN
NaN
NaN
NaN
NaN
NaN
NaN
NaN
NaN
NaN
NaN
NaN
NaN
NaN
NaN
NaN
NaN
NaN
NaN
NaN
NaN
NaN
NaN
NaN
NaN
NaN
NaN
NaN
NaN
NaN
NaN
NaN
NaN
NaN
NaN
NaN
NaN
NaN
NaN
NaN
NaN
NaN
NaN
NaN
NaN
NaN
NaN
NaN
NaN
NaN
NaN
NaN
NaN
NaN
NaN
NaN
NaN
NaN
NaN
NaN
NaN
NaN
NaN
NaN
NaN
NaN
NaN
NaN
NaN
NaN
NaN
NaN
NaN
NaN
NaN
NaN
NaN
NaN
NaN
NaN
NaN
NaN
NaN
NaN
NaN
NaN
NaN
NaN
NaN
NaN
NaN
NaN
NaN
NaN
NaN
NaN
NaN
NaN
NaN
NaN
NaN
NaN
NaN
NaN
NaN
NaN
NaN
NaN
NaN
NaN
NaN
NaN
NaN
NaN
NaN
NaN
NaN
NaN
NaN
NaN
NaN
NaN
NaN
NaN
NaN
NaN
NaN
NaN
NaN
NaN
NaN
NaN
NaN
NaN
NaN
NaN
NaN
NaN
NaN
NaN
NaN
NaN
NaN
NaN
NaN
NaN
NaN
NaN
NaN
NaN
NaN
NaN
NaN
NaN
NaN
NaN
NaN
NaN
NaN
NaN
NaN
NaN
NaN
NaN
NaN
NaN
NaN
NaN
NaN
NaN
NaN
NaN
NaN
NaN
NaN
NaN
NaN
NaN
NaN
NaN
NaN
NaN
NaN
NaN
NaN
NaN
NaN
NaN
NaN
NaN
NaN
NaN
NaN
NaN
NaN
NaN
NaN
NaN
NaN
NaN
NaN
NaN
NaN
NaN
NaN
NaN
NaN
NaN
NaN
NaN
NaN
NaN
NaN
NaN
NaN
NaN
NaN
NaN
NaN
NaN
NaN
NaN
NaN
NaN
NaN
NaN
NaN
NaN
NaN
NaN
NaN
NaN
NaN
NaN
NaN
NaN
NaN
NaN
NaN
NaN
NaN
NaN
NaN
NaN
NaN
NaN
NaN
NaN
NaN
NaN
NaN
NaN
