0.37833333333333335
0.47
0.4733333333333334
0.395
0.37833333333333335
0.385
0.295
0.135
0.44166666666666665
0.35000000000000003
0.58
0.6583333333333333
0.47500000000000003
0.25166666666666665
0.42333333333333334
0.3416666666666666
0.42333333333333334
0.835
0.6916666666666668
0.75
0.5783333333333333
0.39999999999999997
0.5383333333333333
0.5116666666666667
0.3566666666666667
0.3183333333333333
0.5316666666666666
0.3416666666666666
0.6066666666666666
0.37999999999999995
0.25833333333333336
0.40499999999999997
0.4533333333333333
0.27666666666666667
0.5099999999999999
0.615
0.7833333333333333
0.5516666666666666
0.5966666666666667
0.705
0.5766666666666667
0.4466666666666667
0.4416666666666667
0.6783333333333333
0.585
0.8016666666666667
0.8849999999999999
0.9133333333333334
0.5983333333333333
0.3333333333333333
0.48333333333333334
0.6916666666666668
0.745
0.7366666666666667
0.7566666666666667
0.7833333333333332
0.7533333333333333
0.7133333333333333
0.6816666666666666
0.5816666666666667
0.6883333333333335
0.6916666666666668
0.7333333333333334
0.8116666666666666
0.7450000000000001
0.6483333333333333
0.635
0.5416666666666666
0.5666666666666667
0.62
0.71
0.665
0.5
0.4766666666666666
0.5166666666666667
0.6749999999999999
0.8733333333333334
0.82
0.8333333333333334
0.9083333333333333
0.7533333333333333
0.7400000000000001
0.6933333333333334
0.6833333333333332
0.435
0.5366666666666666
0.515
0.705
0.8216666666666667
0.7983333333333333
0.6549999999999999
0.52
0.37666666666666665
0.4416666666666667
0.5816666666666667
0.7000000000000001
0.505
0.3033333333333333
0.4683333333333333
0.17333333333333334
0.48666666666666675
0.5733333333333334
0.7366666666666667
0.6833333333333335
0.545
0.6666666666666666
0.5733333333333334
0.3933333333333333
0.11833333333333333
0.5650000000000001
0.39333333333333337
0.3433333333333333
0.5616666666666666
0.4716666666666667
0.5483333333333332
0.4566666666666667
0.59
0.7200000000000001
0.5283333333333333
0.5883333333333334
0.41500000000000004
0.565
0.6233333333333333
0.6216666666666667
0.545
0.30833333333333335
0.20999999999999996
0.24500000000000002
0.4649999999999999
0.5433333333333333
0.8099999999999999
0.8150000000000001
0.41333333333333333
0.345
0.295
0.4833333333333334
0.63
0.665
0.49833333333333335
0.44166666666666665
0.5166666666666667
0.5833333333333334
0.5283333333333333
0.6699999999999999
0.67
0.65
0.62
0.4883333333333333
0.36333333333333334
0.49166666666666664
0.4016666666666666
0.5166666666666666
0.695
0.5283333333333333
0.3233333333333333
0.5099999999999999
0.49500000000000005
0.6066666666666667
0.625
0.6983333333333333
0.5783333333333334
0.21166666666666667
0.325
0.48833333333333334
0.8366666666666668
0.5416666666666666
0.5199999999999999
0.48500000000000004
0.7133333333333334
0.38333333333333336
0.45500000000000007
0.5933333333333334
0.56
0.47500000000000003
0.7616666666666667
0.8483333333333333
0.79
0.7533333333333333
0.58
0.6216666666666667
0.6966666666666667
0.6366666666666667
0.54
0.4766666666666666
0.3166666666666667
0.39999999999999997
0.6183333333333333
0.66
0.6483333333333333
0.5866666666666667
0.5716666666666667
0.415
0.6433333333333334
0.7566666666666667
0.69
0.5266666666666667
0.5183333333333334
0.4383333333333333
0.5283333333333333
0.355
0.4816666666666667
0.605
0.5933333333333334
0.765
0.5583333333333333
0.6216666666666666
0.6616666666666666
0.7266666666666667
0.8133333333333334
0.7466666666666666
0.8416666666666667
0.835
0.8700000000000001
0.6316666666666666
0.38499999999999995
0.605
0.6666666666666666
0.47500000000000003
0.6566666666666667
0.6933333333333334
0.6783333333333333
0.65
0.61
0.47333333333333333
0.45166666666666666
0.395
0.5266666666666667
0.405
0.73
0.6016666666666667
0.7549999999999999
0.6316666666666667
0.6616666666666667
0.6216666666666667
0.6833333333333332
0.7266666666666667
0.47
0.69
0.67
0.7283333333333334
0.4083333333333334
0.25166666666666665
0.3333333333333333
0.3416666666666666
0.5583333333333332
0.56
0.4583333333333333
0.53
0.49833333333333335
0.665
0.7283333333333334
0.6633333333333333
0.595
0.6066666666666666
0.7066666666666666
0.7283333333333334
0.49333333333333335
0.6916666666666668
0.6916666666666668
0.8533333333333334
0.8000000000000002
0.6816666666666666
0.6749999999999999
0.49833333333333335
0.6616666666666667
0.4383333333333333
0.39166666666666666
0.37833333333333324
0.4666666666666666
0.6816666666666666
0.8466666666666667
0.8366666666666666
0.6200000000000001
0.3666666666666667
0.5366666666666666
0.49833333333333335
0.5033333333333333
0.49
0.58
0.37999999999999995
0.43500000000000005
0.345
0.4566666666666667
0.5233333333333333
0.49833333333333335
0.5033333333333333
0.4533333333333333
0.6233333333333334
0.655
0.64
0.6833333333333332
0.7133333333333334
0.7833333333333333
0.7233333333333333
0.755
0.7383333333333333
0.8366666666666666
0.425
0.515
0.3633333333333333
0.7783333333333333
0.7883333333333334
0.635
0.49
0.405
0.5533333333333333
0.6433333333333333
0.6716666666666667
0.7666666666666666
0.5633333333333334
0.4566666666666667
0.3316666666666666
0.48499999999999993
0.40166666666666667
0.68
0.49666666666666665
0.44166666666666665
0.62
0.77
0.9116666666666666
0.8416666666666667
0.7733333333333334
0.8266666666666667
0.695
0.545
0.6233333333333333
0.7483333333333334
0.8616666666666667
0.4033333333333333
0.5983333333333333
0.555
0.5033333333333333
0.5583333333333332
0.7600000000000001
0.31333333333333335
0.5
0.7366666666666667
0.4033333333333333
0.37666666666666665
0.7666666666666666
0.7683333333333334
0.6583333333333332
0.5516666666666666
0.6716666666666665
0.7000000000000001
0.46166666666666667
0.4083333333333334
0.7050000000000001
0.6833333333333332
0.4266666666666667
0.6216666666666667
0.7783333333333333
0.6583333333333333
0.6966666666666667
0.5100000000000001
0.4816666666666667
0.43999999999999995
0.17833333333333334
0.31
0.4466666666666666
0.5933333333333333
0.715
0.66
0.7066666666666667
0.4283333333333334
0.4816666666666667
0.435
0.62
0.37333333333333335
0.3566666666666667
0.35833333333333334
0.3216666666666667
0.41
0.5633333333333334
0.6016666666666667
0.5983333333333334
0.45
0.5766666666666667
0.5299999999999999
0.5233333333333333
0.7050000000000001
0.7366666666666667
0.625
0.5416666666666666
0.7083333333333334
0.5066666666666667
0.35333333333333333
0.6166666666666667
0.6233333333333333
0.6366666666666667
0.505
0.49333333333333335
0.26666666666666666
0.5683333333333334
0.32333333333333336
0.52
0.43500000000000005
0.5616666666666666
0.4666666666666666
0.5166666666666667
0.6616666666666666
0.35333333333333333
0.53
0.5666666666666668
0.8833333333333333
0.68
0.71
0.6483333333333333
0.5883333333333334
0.43
0.47000000000000003
0.47833333333333333
0.29
0.4483333333333333
0.36166666666666664
0.30833333333333335
0.48
0.5866666666666668
0.5733333333333334
0.5
0.535
0.48166666666666663
0.39166666666666666
0.2783333333333334
0.41500000000000004
0.4666666666666666
0.36166666666666664
0.435
0.34
0.5750000000000001
0.4566666666666667
0.5316666666666666
0.665
0.77
0.8383333333333334
0.7633333333333333
0.5566666666666668
0.32499999999999996
0.5466666666666667
0.7016666666666667
0.6366666666666667
0.6033333333333334
0.48500000000000004
0.395
0.4816666666666667
0.6016666666666667
0.6416666666666667
0.5866666666666666
0.7266666666666666
0.6699999999999999
0.6266666666666666
0.4683333333333333
0.4116666666666666
0.6566666666666666
0.39166666666666666
0.49
0.5916666666666667
0.3416666666666666
0.5366666666666666
0.49333333333333335
0.21833333333333335
0.49666666666666665
0.5283333333333334
0.5499999999999999
0.4283333333333334
0.37666666666666665
0.305
0.29833333333333334
0.5033333333333333
0.4466666666666666
0.5016666666666667
0.51
0.515
0.57
0.715
0.7316666666666666
0.7616666666666667
0.6133333333333333
0.7733333333333333
0.7400000000000001
0.5299999999999999
0.6383333333333333
0.52
0.14666666666666664
0.19000000000000003
0.5666666666666667
0.5233333333333333
0.415
0.445
0.6283333333333333
0.5283333333333333
0.42
0.5
0.7333333333333334
0.7816666666666667
0.6966666666666667
0.685
0.6433333333333334
0.9016666666666667
0.8716666666666667
0.5466666666666667
0.5816666666666667
0.4916666666666667
0.5299999999999999
0.465
0.36999999999999994
0.4033333333333333
0.67
0.765
0.7483333333333334
0.5433333333333333
0.38000000000000006
0.48833333333333334
0.39666666666666667
0.4033333333333333
0.6816666666666666
0.5266666666666667
0.6849999999999999
0.45999999999999996
0.6716666666666667
0.6416666666666667
0.6733333333333333
0.7733333333333333
0.6366666666666667
0.3416666666666666
0.4483333333333333
0.46833333333333327
0.395
0.2333333333333333
0.5816666666666667
0.5499999999999999
0.465
0.4683333333333333
0.27
0.29333333333333333
0.3016666666666667
0.41333333333333333
0.45999999999999996
0.5966666666666667
0.7200000000000001
0.5199999999999999
0.5483333333333333
0.48166666666666663
0.49
0.5866666666666667
0.4083333333333334
0.3733333333333333
0.6116666666666667
0.48500000000000004
0.36166666666666664
0.5416666666666666
0.71
0.5499999999999999
0.5833333333333334
0.7050000000000001
0.5033333333333334
0.5916666666666667
0.505
0.4116666666666667
0.3833333333333333
0.3983333333333334
0.4083333333333334
0.5783333333333333
0.6683333333333333
0.5433333333333333
0.49333333333333335
0.47833333333333333
0.5883333333333334
0.7966666666666667
0.7316666666666666
0.6649999999999999
0.64
0.8516666666666667
0.5216666666666666
0.6816666666666666
0.7066666666666667
0.5033333333333333
0.375
0.4483333333333334
0.49833333333333335
0.325
0.2733333333333334
0.6249999999999999
0.5383333333333333
0.43166666666666664
0.45833333333333326
0.7083333333333334
0.7633333333333333
0.67
0.4283333333333333
0.5166666666666667
0.47500000000000003
0.49499999999999994
0.4533333333333333
0.42999999999999994
0.4666666666666666
0.6016666666666667
0.5333333333333333
0.4166666666666667
0.2833333333333333
0.31166666666666665
0.3383333333333334
0.5783333333333334
0.65
0.5566666666666668
0.5183333333333334
0.5916666666666667
0.3283333333333333
0.2783333333333334
0.7000000000000001
0.515
0.515
0.61
0.6066666666666666
0.585
0.5616666666666666
0.7266666666666666
0.5366666666666667
0.6533333333333333
0.27166666666666667
0.3283333333333333
0.7016666666666667
0.6366666666666666
0.7016666666666667
0.6900000000000001
0.725
0.6833333333333335
0.8633333333333333
0.84
0.6466666666666666
0.6066666666666668
0.3766666666666667
0.47833333333333333
0.37833333333333324
0.49
0.5833333333333334
0.525
0.61
0.7583333333333333
0.6283333333333333
0.6516666666666667
0.6716666666666665
0.6966666666666667
0.7416666666666667
0.9466666666666667
0.8733333333333334
0.7033333333333333
0.7816666666666666
0.44333333333333336
0.5
0.535
0.4366666666666667
0.7566666666666667
0.7000000000000001
0.7033333333333333
0.7233333333333333
0.6216666666666666
0.37000000000000005
0.45333333333333337
0.36999999999999994
0.7266666666666666
0.525
0.34
0.6816666666666666
0.6233333333333333
0.6633333333333334
0.6766666666666666
0.6116666666666667
0.585
0.26333333333333336
0.3333333333333333
0.5283333333333333
0.62
0.5499999999999999
0.6
0.515
0.6366666666666666
0.5733333333333334
0.7050000000000001
0.6233333333333334
0.525
0.7716666666666668
0.7333333333333334
0.51
0.7916666666666666
0.625
0.5933333333333333
0.5033333333333333
0.7583333333333333
0.5950000000000001
0.645
0.8133333333333334
0.8133333333333334
0.6999999999999998
0.5783333333333333
0.4083333333333334
0.305
0.43333333333333335
0.7016666666666667
0.65
0.6325000000000001
0.40499999999999997
0.69
0.3875
0.45999999999999996
0.4775
0.3725
0.3775
0.47
0.5375000000000001
0.26
0.5275
0.42500000000000004
0.5825
0.6174999999999999
0.43
0.2325
0.32499999999999996
0.5349999999999999
0.59
0.3575
0.4975
0.6
0.6599999999999999
0.8200000000000001
0.5700000000000001
0.505
0.5
0.6225
0.6525000000000001
0.4375
0.43
0.7224999999999999
0.905
0.7875000000000001
0.2875
0.40750000000000003
0.6025
0.36750000000000005
0.3675
0.2775
0.29500000000000004
0.465
0.6375
0.6100000000000001
0.54
0.585
0.5925
0.45499999999999996
0.6074999999999999
NaN
NaN
NaN
NaN
NaN
NaN
NaN
NaN
NaN
NaN
NaN
NaN
NaN
NaN
NaN
NaN
NaN
NaN
NaN
NaN
NaN
NaN
NaN
NaN
NaN
NaN
NaN
NaN
NaN
NaN
NaN
NaN
NaN
NaN
NaN
NaN
NaN
NaN
NaN
NaN
NaN
NaN
NaN
NaN
NaN
NaN
NaN
NaN
NaN
NaN
NaN
NaN
NaN
NaN
NaN
NaN
NaN
NaN
NaN
NaN
NaN
NaN
NaN
NaN
NaN
NaN
NaN
NaN
NaN
NaN
NaN
NaN
NaN
NaN
NaN
NaN
NaN
NaN
NaN
NaN
NaN
NaN
NaN
NaN
NaN
NaN
NaN
NaN
NaN
NaN
NaN
NaN
NaN
NaN
NaN
NaN
NaN
NaN
NaN
NaN
NaN
NaN
NaN
NaN
NaN
NaN
NaN
NaN
NaN
NaN
NaN
NaN
NaN
NaN
NaN
NaN
NaN
NaN
NaN
NaN
NaN
NaN
NaN
NaN
NaN
NaN
NaN
NaN
NaN
NaN
NaN
NaN
NaN
NaN
NaN
NaN
NaN
NaN
NaN
NaN
NaN
NaN
NaN
NaN
NaN
NaN
NaN
NaN
NaN
NaN
NaN
NaN
NaN
NaN
NaN
NaN
NaN
NaN
NaN
NaN
NaN
NaN
NaN
NaN
NaN
NaN
NaN
NaN
NaN
NaN
NaN
NaN
NaN
NaN
NaN
NaN
NaN
NaN
NaN
NaN
NaN
NaN
NaN
NaN
NaN
NaN
NaN
NaN
NaN
NaN
NaN
NaN
NaN
NaN
NaN
NaN
NaN
NaN
NaN
NaN
NaN
NaN
NaN
NaN
NaN
NaN
NaN
NaN
NaN
NaN
NaN
NaN
NaN
NaN
NaN
NaN
NaN
NaN
NaN
NaN
NaN
NaN
NaN
NaN
NaN
NaN
NaN
NaN
NaN
NaN
NaN
NaN
NaN
NaN
NaN
NaN
NaN
NaN
NaN
NaN
NaN
NaN
NaN
NaN
NaN
NaN
NaN
NaN
NaN
NaN
NaN
NaN
NaN
NaN
NaN
NaN
NaN
NaN
NaN
NaN
NaN
NaN
NaN
NaN
NaN
NaN
NaN
NaN
NaN
NaN
NaN
NaN
NaN
NaN
NaN
NaN
NaN
NaN
NaN
NaN
NaN
NaN
NaN
NaN
NaN
NaN
NaN
NaN
NaN
NaN
NaN
NaN
NaN
NaN
NaN
NaN
NaN
NaN
NaN
NaN
NaN
NaN
NaN
NaN
NaN
NaN
NaN
NaN
NaN
NaN
NaN
NaN
NaN
NaN
NaN
NaN
NaN
NaN
NaN
NaN
NaN
NaN
NaN
NaN
NaN
NaN
NaN
NaN
NaN
NaN
NaN
NaN
NaN
NaN
NaN
NaN
NaN
NaN
NaN
NaN
NaN
NaN
NaN
NaN
NaN
NaN
NaN
NaN
NaN
NaN
NaN
NaN
NaN
NaN
NaN
NaN
NaN
NaN
NaN
NaN
NaN
NaN
NaN
NaN
NaN
NaN
NaN
NaN
NaN
NaN
NaN
NaN
NaN
NaN
NaN
NaN
NaN
NaN
NaN
NaN
NaN
NaN
NaN
NaN
NaN
NaN
NaN
NaN
NaN
NaN
NaN
NaN
NaN
NaN
NaN
NaN
NaN
NaN
NaN
NaN
NaN
NaN
NaN
NaN
NaN
NaN
NaN
NaN
NaN
NaN
NaN
NaN
NaN
NaN
NaN
NaN
NaN
NaN
NaN
NaN
NaN
NaN
NaN
NaN
NaN
NaN
NaN
NaN
NaN
NaN
NaN
NaN
NaN
NaN
NaN
NaN
NaN
NaN
NaN
NaN
NaN
NaN
NaN
NaN
NaN
NaN
NaN
NaN
NaN
NaN
NaN
NaN
NaN
NaN
NaN
NaN
NaN
NaN
NaN
NaN
NaN
NaN
NaN
NaN
NaN
NaN
NaN
NaN
NaN
NaN
NaN
NaN
NaN
NaN
NaN
NaN
NaN
NaN
NaN
NaN
NaN
NaN
NaN
NaN
NaN
NaN
NaN
NaN
NaN
NaN
NaN
NaN
NaN
NaN
NaN
NaN
NaN
NaN
NaN
NaN
NaN
NaN
NaN
NaN
NaN
NaN
NaN
NaN
NaN
NaN
NaN
NaN
NaN
NaN
NaN
NaN
NaN
NaN
NaN
NaN
NaN
NaN
NaN
NaN
NaN
NaN
NaN
NaN
NaN
NaN
NaN
NaN
NaN
NaN
NaN
NaN
NaN
NaN
NaN
NaN
NaN
NaN
NaN
NaN
NaN
NaN
NaN
NaN
NaN
NaN
NaN
NaN
NaN
NaN
NaN
NaN
NaN
NaN
NaN
NaN
NaN
NaN
NaN
NaN
NaN
NaN
NaN
NaN
NaN
NaN
NaN
NaN
NaN
NaN
NaN
NaN
NaN
NaN
NaN
NaN
NaN
NaN
NaN
NaN
NaN
NaN
NaN
NaN
NaN
NaN
NaN
NaN
NaN
NaN
NaN
NaN
NaN
NaN
NaN
NaN
NaN
NaN
NaN
NaN
NaN
NaN
NaN
NaN
NaN
NaN
NaN
NaN
NaN
NaN
NaN
NaN
NaN
NaN
NaN
NaN
NaN
NaN
NaN
NaN
NaN
NaN
NaN
NaN
NaN
NaN
NaN
NaN
NaN
NaN
NaN
NaN
NaN
NaN
NaN
NaN
NaN
NaN
NaN
NaN
NaN
NaN
NaN
NaN
NaN
NaN
NaN
NaN
NaN
NaN
NaN
NaN
NaN
NaN
NaN
NaN
NaN
NaN
NaN
NaN
NaN
NaN
NaN
NaN
NaN
NaN
NaN
NaN
NaN
NaN
NaN
NaN
NaN
NaN
NaN
NaN
NaN
NaN
NaN
NaN
NaN
NaN
NaN
NaN
NaN
NaN
NaN
NaN
NaN
NaN
NaN
NaN
NaN
NaN
NaN
NaN
NaN
NaN
NaN
NaN
NaN
NaN
NaN
NaN
NaN
NaN
NaN
NaN
NaN
NaN
NaN
NaN
NaN
NaN
NaN
NaN
NaN
NaN
NaN
NaN
NaN
NaN
NaN
NaN
NaN
NaN
NaN
NaN
NaN
NaN
NaN
NaN
NaN
NaN
NaN
NaN
NaN
NaN
NaN
NaN
NaN
NaN
NaN
NaN
NaN
NaN
NaN
NaN
NaN
NaN
NaN
NaN
NaN
NaN
NaN
NaN
NaN
NaN
NaN
NaN
NaN
NaN
NaN
NaN
NaN
NaN
NaN
NaN
NaN
NaN
NaN
NaN
NaN
NaN
NaN
NaN
NaN
NaN
NaN
NaN
NaN
NaN
NaN
NaN
NaN
NaN
NaN
NaN
NaN
NaN
NaN
NaN
NaN
NaN
NaN
NaN
NaN
NaN
NaN
NaN
NaN
NaN
NaN
NaN
NaN
NaN
NaN
NaN
NaN
NaN
NaN
NaN
NaN
NaN
NaN
NaN
NaN
NaN
NaN
NaN
NaN
NaN
NaN
NaN
NaN
NaN
NaN
NaN
NaN
NaN
NaN
NaN
NaN
NaN
NaN
NaN
NaN
NaN
NaN
NaN
NaN
NaN
NaN
NaN
NaN
NaN
NaN
NaN
NaN
NaN
NaN
NaN
NaN
NaN
NaN
NaN
NaN
NaN
NaN
NaN
NaN
NaN
NaN
NaN
NaN
NaN
NaN
NaN
NaN
NaN
NaN
NaN
NaN
NaN
NaN
NaN
NaN
NaN
NaN
NaN
NaN
NaN
NaN
NaN
NaN
NaN
NaN
NaN
NaN
NaN
NaN
NaN
NaN
NaN
NaN
NaN
NaN
NaN
NaN
NaN
NaN
NaN
NaN
NaN
NaN
NaN
NaN
NaN
NaN
NaN
NaN
NaN
NaN
NaN
NaN
NaN
NaN
NaN
NaN
NaN
NaN
NaN
NaN
NaN
NaN
NaN
NaN
NaN
NaN
NaN
NaN
NaN
NaN
NaN
NaN
NaN
NaN
NaN
NaN
NaN
NaN
NaN
NaN
NaN
NaN
NaN
NaN
NaN
NaN
NaN
NaN
NaN
NaN
NaN
NaN
NaN
NaN
NaN
NaN
NaN
NaN
NaN
NaN
NaN
NaN
NaN
NaN
NaN
NaN
NaN
NaN
NaN
NaN
NaN
NaN
NaN
NaN
NaN
NaN
NaN
NaN
NaN
NaN
NaN
NaN
NaN
NaN
NaN
NaN
NaN
NaN
NaN
NaN
NaN
NaN
NaN
NaN
NaN
NaN
NaN
NaN
NaN
NaN
NaN
NaN
NaN
NaN
NaN
NaN
NaN
NaN
NaN
NaN
NaN
NaN
NaN
NaN
NaN
NaN
NaN
NaN
NaN
NaN
NaN
NaN
NaN
NaN
NaN
NaN
NaN
NaN
NaN
NaN
NaN
NaN
NaN
NaN
NaN
NaN
NaN
NaN
NaN
NaN
NaN
NaN
NaN
NaN
NaN
NaN
NaN
NaN
NaN
NaN
NaN
NaN
NaN
NaN
NaN
NaN
NaN
NaN
NaN
NaN
NaN
NaN
NaN
NaN
NaN
NaN
NaN
NaN
NaN
NaN
NaN
NaN
NaN
NaN
NaN
NaN
NaN
NaN
NaN
NaN
NaN
NaN
NaN
NaN
NaN
NaN
NaN
NaN
NaN
NaN
NaN
NaN
NaN
NaN
NaN
NaN
NaN
NaN
NaN
NaN
NaN
NaN
NaN
NaN
NaN
NaN
NaN
NaN
NaN
NaN
NaN
NaN
NaN
NaN
NaN
NaN
NaN
NaN
NaN
NaN
NaN
NaN
NaN
NaN
NaN
NaN
NaN
NaN
NaN
NaN
NaN
NaN
NaN
NaN
NaN
NaN
NaN
NaN
NaN
NaN
NaN
NaN
NaN
NaN
NaN
NaN
NaN
NaN
NaN
NaN
NaN
NaN
NaN
NaN
NaN
NaN
NaN
NaN
NaN
NaN
NaN
NaN
NaN
NaN
NaN
NaN
NaN
NaN
NaN
NaN
NaN
NaN
NaN
NaN
NaN
NaN
NaN
NaN
NaN
NaN
NaN
NaN
NaN
NaN
NaN
NaN
NaN
NaN
NaN
NaN
NaN
NaN
NaN
NaN
NaN
NaN
NaN
NaN
NaN
NaN
NaN
NaN
NaN
NaN
NaN
NaN
NaN
NaN
NaN
NaN
NaN
NaN
NaN
NaN
NaN
NaN
NaN
NaN
NaN
NaN
NaN
NaN
NaN
NaN
NaN
NaN
NaN
NaN
NaN
NaN
NaN
NaN
NaN
NaN
NaN
NaN
NaN
NaN
NaN
NaN
NaN
NaN
NaN
NaN
NaN
NaN
NaN
NaN
NaN
NaN
NaN
NaN
NaN
NaN
NaN
NaN
NaN
NaN
NaN
NaN
NaN
NaN
NaN
NaN
NaN
NaN
NaN
NaN
NaN
NaN
NaN
NaN
NaN
NaN
NaN
NaN
NaN
NaN
NaN
NaN
NaN
NaN
NaN
NaN
NaN
NaN
NaN
NaN
NaN
NaN
NaN
NaN
NaN
NaN
NaN
NaN
NaN
NaN
NaN
NaN
NaN
NaN
NaN
NaN
NaN
NaN
NaN
NaN
NaN
NaN
NaN
NaN
NaN
NaN
NaN
NaN
NaN
NaN
NaN
NaN
NaN
NaN
NaN
NaN
NaN
NaN
NaN
NaN
NaN
NaN
NaN
NaN
NaN
NaN
NaN
NaN
NaN
NaN
NaN
NaN
NaN
NaN
NaN
NaN
NaN
NaN
NaN
NaN
NaN
NaN
NaN
NaN
NaN
NaN
NaN
NaN
NaN
NaN
NaN
NaN
NaN
NaN
NaN
NaN
NaN
NaN
NaN
NaN
NaN
NaN
NaN
NaN
NaN
NaN
NaN
NaN
NaN
NaN
NaN
NaN
NaN
NaN
NaN
NaN
NaN
NaN
NaN
NaN
NaN
NaN
NaN
NaN
NaN
NaN
NaN
NaN
NaN
NaN
NaN
NaN
NaN
NaN
NaN
NaN
NaN
NaN
NaN
NaN
NaN
NaN
NaN
NaN
NaN
NaN
NaN
NaN
NaN
NaN
NaN
NaN
NaN
NaN
NaN
NaN
NaN
NaN
NaN
NaN
NaN
NaN
NaN
NaN
NaN
NaN
NaN
NaN
NaN
NaN
NaN
NaN
NaN
NaN
NaN
NaN
NaN
NaN
NaN
NaN
NaN
NaN
NaN
NaN
NaN
NaN
NaN
NaN
NaN
NaN
NaN
NaN
NaN
NaN
NaN
NaN
NaN
NaN
NaN
NaN
NaN
NaN
NaN
NaN
NaN
NaN
NaN
NaN
NaN
NaN
NaN
NaN
NaN
NaN
NaN
NaN
NaN
NaN
NaN
NaN
NaN
NaN
NaN
NaN
NaN
NaN
NaN
NaN
NaN
NaN
NaN
NaN
NaN
NaN
NaN
NaN
NaN
NaN
NaN
NaN
NaN
NaN
NaN
NaN
NaN
NaN
NaN
NaN
NaN
NaN
NaN
NaN
NaN
NaN
NaN
NaN
NaN
NaN
NaN
NaN
NaN
NaN
NaN
NaN
NaN
NaN
NaN
NaN
NaN
NaN
NaN
NaN
NaN
NaN
NaN
NaN
NaN
NaN
NaN
NaN
NaN
NaN
NaN
NaN
NaN
NaN
NaN
NaN
NaN
NaN
NaN
NaN
NaN
NaN
NaN
NaN
NaN
NaN
NaN
NaN
NaN
NaN
NaN
NaN
NaN
NaN
NaN
NaN
NaN
NaN
NaN
NaN
NaN
NaN
NaN
NaN
NaN
NaN
NaN
NaN
NaN
NaN
NaN
NaN
NaN
NaN
NaN
NaN
NaN
NaN
NaN
NaN
NaN
NaN
NaN
NaN
NaN
NaN
NaN
NaN
NaN
NaN
NaN
NaN
NaN
NaN
NaN
NaN
NaN
NaN
NaN
NaN
NaN
NaN
NaN
NaN
NaN
NaN
NaN
NaN
NaN
NaN
NaN
NaN
NaN
NaN
NaN
NaN
NaN
NaN
NaN
NaN
NaN
NaN
NaN
NaN
NaN
NaN
NaN
NaN
NaN
NaN
NaN
NaN
NaN
NaN
NaN
NaN
NaN
NaN
NaN
NaN
NaN
NaN
NaN
NaN
NaN
NaN
NaN
NaN
NaN
NaN
NaN
NaN
NaN
NaN
NaN
NaN
NaN
NaN
NaN
NaN
NaN
NaN
NaN
NaN
NaN
NaN
NaN
NaN
NaN
NaN
NaN
NaN
NaN
NaN
NaN
NaN
NaN
NaN
NaN
NaN
NaN
NaN
NaN
NaN
NaN
NaN
NaN
NaN
NaN
NaN
NaN
NaN
NaN
NaN
NaN
NaN
NaN
NaN
NaN
NaN
NaN
NaN
NaN
NaN
NaN
NaN
NaN
NaN
NaN
NaN
NaN
NaN
NaN
NaN
NaN
NaN
NaN
NaN
NaN
NaN
NaN
NaN
NaN
