0.354
0.5453333333333333
0.6100000000000001
0.5813333333333334
0.5746666666666667
0.6
0.644
0.5106666666666666
0.43
0.6913333333333334
0.768
0.756
0.6293333333333334
0.5519999999999999
0.584
0.6186666666666667
0.804
0.7673333333333333
0.7220000000000001
0.828
0.7793333333333334
0.6706666666666666
0.644
0.6946666666666668
0.6066666666666667
0.6446666666666667
0.702
0.7186666666666666
0.7033333333333334
0.6859999999999999
0.7526666666666666
0.748
0.744
0.6393333333333333
0.6306666666666667
0.7866666666666667
0.5266666666666666
0.40066666666666667
0.49000000000000005
0.6020000000000001
0.7066666666666667
0.6906666666666667
0.6966666666666667
0.7633333333333333
0.6773333333333333
0.6493333333333333
0.7686666666666667
0.682
0.7486666666666666
0.722
0.74
0.7353333333333334
0.7906666666666667
0.718
0.6253333333333334
0.742
0.7586666666666666
0.766
0.7226666666666667
0.7486666666666666
0.7586666666666666
0.72
0.7166666666666666
0.6566666666666666
0.8099999999999999
0.8286666666666667
0.7486666666666666
0.8099999999999999
0.628
0.618
0.6413333333333333
0.7446666666666667
0.6833333333333333
0.7373333333333333
0.7153333333333334
0.714
0.5513333333333333
0.6686666666666667
0.6133333333333333
0.602
0.5126666666666667
0.6153333333333333
0.6413333333333332
0.662
0.7246666666666666
0.65
0.6100000000000001
0.6980000000000001
0.8093333333333333
0.7380000000000001
0.7
0.604
0.722
0.7273333333333334
0.6506666666666666
0.7506666666666668
0.732
0.756
0.6940000000000001
0.7819999999999999
0.7300000000000001
0.6366666666666667
0.735
0.635
0.7483333333333333
0.6741666666666667
0.6925000000000001
0.5858333333333333
0.5824999999999999
0.4708333333333333
0.605
0.46166666666666667
0.5366666666666666
0.4308333333333333
0.44999999999999996
0.48333333333333334
0.8158333333333334
0.7266666666666667
0.725
0.7216666666666667
0.6658333333333334
0.5666666666666668
0.5833333333333334
0.5066666666666667
0.44916666666666666
0.5333333333333333
0.42
0.37083333333333335
0.45749999999999996
0.47000000000000003
0.38916666666666666
0.4108333333333334
0.7466666666666667
0.7141666666666666
0.775
0.7325
0.7608333333333333
0.5591666666666667
0.5991666666666666
0.6108333333333333
0.6058333333333333
0.5858333333333333
0.5416666666666667
0.49083333333333334
0.6883333333333334
0.6366666666666667
0.5066666666666666
0.4425
0.46166666666666667
0.6558333333333334
0.7183333333333334
0.51
0.6616666666666667
0.595
0.4666666666666667
0.5958333333333333
0.615
0.6008333333333333
0.7558333333333334
0.72
0.6875
0.7899999999999999
0.7766666666666667
0.6941666666666667
0.6425000000000001
0.7608333333333334
0.7341666666666667
0.6741666666666667
0.63
0.5866666666666667
0.5083333333333333
0.4966666666666667
0.7341666666666666
0.49
0.5275
0.5041666666666667
0.5908333333333333
0.6041666666666666
0.7658333333333334
0.6916666666666668
0.5816666666666667
0.6083333333333334
0.7041666666666667
0.7966666666666666
0.7708333333333334
0.7108333333333334
0.5483333333333333
0.56
0.6
0.4391666666666667
0.33166666666666667
0.445
0.6541666666666667
0.7391666666666666
0.7175
0.6608333333333333
0.7041666666666666
0.5975
0.7550000000000001
0.7908333333333333
0.5725
0.37583333333333335
0.3966666666666666
0.3833333333333333
0.5858333333333334
0.5925
0.55
0.5458333333333334
0.4241666666666667
0.6241666666666666
0.7541666666666667
0.6816666666666668
0.4941666666666667
0.5216666666666667
0.5858333333333334
0.7491666666666666
0.6816666666666666
0.8558333333333332
0.775
0.7116666666666667
0.6416666666666667
0.475
0.6291666666666667
0.7175
0.6891666666666667
0.6441666666666667
0.7425
0.7566666666666667
0.6858333333333333
0.6691666666666667
0.4983333333333333
0.42166666666666663
0.4716666666666667
0.6491666666666667
0.6316666666666667
0.6108333333333333
0.6616666666666666
0.7666666666666666
0.7733333333333334
0.73
0.6375000000000001
0.5683333333333334
0.5991666666666666
0.6191666666666666
0.5116666666666667
0.5233333333333333
0.47000000000000003
0.4958333333333333
0.5108333333333334
0.5858333333333333
0.64
0.6325000000000001
0.72
0.8175000000000001
0.6133333333333333
0.66
0.7758333333333333
0.4666666666666667
0.6433333333333333
0.7058333333333334
0.8075000000000001
0.6391666666666667
0.6883333333333332
0.6883333333333334
0.7675000000000001
0.7666666666666666
0.7541666666666668
0.785
0.7766666666666666
0.8308333333333333
0.7341666666666666
0.7983333333333333
0.8158333333333334
0.7758333333333334
0.64
0.6775
0.7391666666666667
0.8333333333333334
0.5549999999999999
0.5475
0.61
0.61
0.7474999999999999
0.8216666666666667
0.8316666666666667
0.73
0.6225
0.6241666666666666
0.5791666666666666
0.6124999999999999
0.7
0.7025
0.7508333333333332
0.8341666666666667
0.7116666666666666
0.7908333333333333
0.7008333333333333
0.7758333333333334
0.7375
0.7150000000000001
0.6408333333333333
0.6491666666666667
0.6458333333333333
0.6775
0.5883333333333334
0.7566666666666668
0.7966666666666667
0.7058333333333333
0.5316666666666666
0.4733333333333334
0.5483333333333333
0.5941666666666667
0.6608333333333334
0.6516666666666666
0.7483333333333333
0.8175
0.7458333333333333
0.6625
0.705
0.7266666666666667
0.8466666666666667
0.7525000000000001
0.7358333333333333
0.655
0.8500000000000001
0.8366666666666667
0.7275
0.7108333333333332
0.6516666666666667
0.6108333333333333
0.6775
0.5116666666666667
0.49416666666666664
0.57
0.6891666666666667
0.8108333333333334
0.7866666666666667
0.6691666666666667
0.68
0.5766666666666667
0.6441666666666667
0.6191666666666666
0.4883333333333334
0.2991666666666667
0.41333333333333333
0.6133333333333333
0.7000000000000001
0.7999999999999999
0.7024999999999999
0.53
0.5891666666666667
0.4116666666666667
0.5325
0.6091666666666666
0.625
0.7116666666666667
0.6216666666666667
0.7266666666666668
0.7466666666666667
0.7675
0.595
0.8
0.7474999999999999
0.7091666666666667
0.6966666666666668
0.7025
0.6633333333333333
0.6383333333333333
0.8325
0.7933333333333333
0.8433333333333333
0.7858333333333334
0.7858333333333334
0.7641666666666667
0.7275
0.6883333333333332
0.6558333333333334
0.6941666666666667
0.8691666666666666
0.81
0.8725
0.8399999999999999
0.7124999999999999
0.71
0.6891666666666667
0.7966666666666666
0.82
0.7666666666666666
0.6183333333333333
0.6058333333333333
0.6783333333333333
0.6566666666666667
0.5491666666666666
0.6174999999999999
0.5175000000000001
0.44749999999999995
0.4058333333333333
0.5016666666666667
0.5241666666666667
0.6066666666666667
0.6058333333333333
0.67
0.6824999999999999
0.5466666666666666
0.5983333333333333
0.48666666666666664
0.495
0.8116666666666666
0.8241666666666667
0.8091666666666666
0.61
0.6458333333333334
0.7508333333333334
0.7125
0.5391666666666667
0.49583333333333335
0.5133333333333333
0.2608333333333333
0.635
0.605
0.6208333333333333
0.48083333333333333
0.5008333333333332
0.6141666666666667
0.7475
0.71
0.7308333333333334
0.5891666666666666
0.8058333333333334
0.76
0.8225
0.8166666666666668
0.6966666666666667
0.7166666666666666
0.6941666666666666
0.6408333333333334
0.6533333333333334
0.6725
0.6958333333333334
0.7333333333333334
0.5958333333333333
0.6516666666666667
0.4
0.21833333333333335
0.37583333333333335
0.43166666666666664
0.5441666666666667
0.505
0.6758333333333333
0.6649999999999999
0.7458333333333333
0.6299999999999999
0.6833333333333333
0.6016666666666667
0.5491666666666666
0.6916666666666667
0.43000000000000005
0.6733333333333333
0.7825
0.6566666666666666
0.6783333333333333
0.6208333333333333
0.7158333333333333
0.6833333333333333
0.66
0.6416666666666667
0.6325
0.6583333333333332
0.6116666666666667
0.5925
0.64
0.6383333333333333
0.5650000000000001
0.64
0.5966666666666667
0.5
0.4091666666666667
0.5874999999999999
0.6166666666666667
0.7483333333333334
0.7675000000000001
0.7108333333333333
0.6891666666666667
0.6516666666666666
0.6641666666666666
0.5941666666666666
0.5366666666666666
0.585
0.7041666666666667
0.5358333333333334
0.5225
0.5483333333333333
0.7233333333333334
0.7058333333333333
0.765
0.7916666666666666
0.6375
0.7816666666666666
0.7100000000000001
0.46166666666666667
0.5533333333333333
0.6958333333333333
0.6675
0.6950000000000001
0.7658333333333334
0.7150000000000001
0.72
0.8325
0.8033333333333333
0.7325
0.6941666666666666
0.8383333333333334
0.7533333333333334
0.6233333333333333
0.5658333333333333
0.6708333333333334
0.425
0.7216666666666667
0.5408333333333333
0.71
0.7841666666666667
0.5216666666666666
0.5475
0.5166666666666667
0.6091666666666666
0.6991666666666667
0.7208333333333333
0.7091666666666667
0.8858333333333333
0.8333333333333334
0.78
0.7041666666666666
0.7875
0.7166666666666667
0.5908333333333333
0.56
0.8516666666666668
0.6666666666666666
0.6341666666666667
0.6116666666666667
0.8700000000000001
0.7025
0.5325
0.6416666666666667
0.505
0.7508333333333334
0.7383333333333333
0.7175
0.6483333333333333
0.6691666666666667
0.6733333333333333
0.6783333333333333
0.765
0.6208333333333333
0.5533333333333332
0.6458333333333334
0.6641666666666666
0.86
0.7375
0.5833333333333333
0.6708333333333334
0.6983333333333334
0.6191666666666666
0.505
0.5716666666666667
0.62
0.6341666666666667
0.5658333333333334
0.76
0.7091666666666667
0.6733333333333333
0.525
0.5725
0.7141666666666666
0.6883333333333334
0.6208333333333333
0.5974999999999999
0.7125
0.6233333333333333
0.5675
0.74
0.6716666666666666
0.6333333333333333
0.765
0.5900000000000001
0.4800000000000001
0.6425000000000001
0.5641666666666667
0.5566666666666666
0.6075
0.5166666666666666
0.5725
0.6825
0.5066666666666666
0.5491666666666666
0.7841666666666667
0.7316666666666667
0.6616666666666667
0.5341666666666667
0.5833333333333333
0.5741666666666667
0.6308333333333334
0.6941666666666666
0.54
0.35500000000000004
0.49916666666666665
0.7341666666666666
0.5716666666666667
0.4983333333333333
0.6641666666666667
0.6366666666666667
0.5783333333333334
0.6341666666666667
0.49666666666666665
0.6408333333333334
0.6225
0.7525
0.6883333333333334
0.7066666666666668
0.6066666666666667
0.65
0.8208333333333333
0.7941666666666666
0.6883333333333334
0.7416666666666667
0.7158333333333333
0.8141666666666667
0.6958333333333333
0.8283333333333334
0.6858333333333333
0.7258333333333333
0.7033333333333334
0.7341666666666667
0.7675000000000001
0.7316666666666667
0.5391666666666667
0.7125
0.7241666666666666
0.6191666666666666
0.5025
0.5658333333333333
0.4325
0.47
0.7708333333333334
0.61
0.6875
0.5225
0.5891666666666667
0.6733333333333333
0.7333333333333334
0.7508333333333332
0.7549999999999999
0.8008333333333334
0.7516666666666666
0.7166666666666667
0.6091666666666667
0.7141666666666666
0.6825
0.6708333333333333
0.615
0.6558333333333334
0.7241666666666666
0.7516666666666666
0.7375
0.8033333333333335
0.7491666666666668
0.7833333333333333
0.7558333333333334
0.7733333333333333
0.7883333333333333
0.6375
0.5308333333333333
0.6508333333333334
0.5683333333333334
0.5125
0.6783333333333333
0.7133333333333334
0.7016666666666667
0.6541666666666667
0.6866666666666666
0.6858333333333333
0.6933333333333334
0.6525
0.6841666666666667
0.7133333333333334
0.38333333333333336
0.4358333333333333
0.47500000000000003
0.5091666666666667
0.4908333333333333
0.5950000000000001
0.5533333333333333
0.41583333333333333
0.6258333333333334
0.6391666666666667
0.6708333333333333
0.64
0.7
0.7275
0.30916666666666665
0.3616666666666667
0.6316666666666667
0.6291666666666667
0.6425
0.8758333333333334
0.7474999999999999
0.5916666666666667
0.6825000000000001
0.5666666666666667
0.5933333333333333
0.735
0.6766666666666666
0.5866666666666667
0.7958333333333334
0.8258333333333333
0.7591666666666665
0.7250000000000001
0.7866666666666666
0.81
0.6025
0.6233333333333334
0.6525000000000001
0.6316666666666666
0.7241666666666666
0.5325
0.44833333333333336
0.5158333333333334
0.8133333333333332
0.7766666666666666
0.6508333333333334
0.4241666666666667
0.6266666666666667
0.6300000000000001
0.5508333333333333
0.7358333333333333
0.8049999999999999
0.6074999999999999
0.5700000000000001
0.8408333333333333
0.6883333333333334
0.7041666666666666
0.7541666666666668
0.7266666666666666
0.7275
0.6641666666666667
0.7325
0.7708333333333333
0.6991666666666666
0.6466666666666667
0.8033333333333333
NaN
NaN
NaN
NaN
NaN
NaN
NaN
NaN
NaN
NaN
NaN
NaN
NaN
NaN
NaN
NaN
NaN
NaN
NaN
NaN
NaN
NaN
NaN
NaN
NaN
NaN
NaN
NaN
NaN
NaN
NaN
NaN
NaN
NaN
NaN
NaN
NaN
NaN
NaN
NaN
NaN
NaN
NaN
NaN
NaN
NaN
NaN
NaN
NaN
NaN
NaN
NaN
NaN
NaN
NaN
NaN
NaN
NaN
NaN
NaN
NaN
NaN
NaN
NaN
NaN
NaN
NaN
NaN
NaN
NaN
NaN
NaN
NaN
NaN
NaN
NaN
NaN
NaN
NaN
NaN
NaN
NaN
NaN
NaN
NaN
NaN
NaN
NaN
NaN
NaN
NaN
NaN
NaN
NaN
NaN
NaN
NaN
NaN
NaN
NaN
NaN
NaN
NaN
NaN
NaN
NaN
NaN
NaN
NaN
NaN
NaN
NaN
NaN
NaN
NaN
NaN
NaN
NaN
NaN
NaN
NaN
NaN
NaN
NaN
NaN
NaN
NaN
NaN
NaN
NaN
NaN
NaN
NaN
NaN
NaN
NaN
NaN
NaN
NaN
NaN
NaN
NaN
NaN
NaN
NaN
NaN
NaN
NaN
NaN
NaN
NaN
NaN
NaN
NaN
NaN
NaN
NaN
NaN
NaN
NaN
NaN
NaN
NaN
NaN
NaN
NaN
NaN
NaN
NaN
NaN
NaN
NaN
NaN
NaN
NaN
NaN
NaN
NaN
NaN
NaN
NaN
NaN
NaN
NaN
NaN
NaN
NaN
NaN
NaN
NaN
NaN
NaN
NaN
NaN
NaN
NaN
NaN
NaN
NaN
NaN
NaN
NaN
NaN
NaN
NaN
NaN
NaN
NaN
NaN
NaN
NaN
NaN
NaN
NaN
NaN
NaN
NaN
NaN
NaN
NaN
NaN
NaN
NaN
NaN
NaN
NaN
NaN
NaN
NaN
NaN
NaN
NaN
NaN
NaN
NaN
NaN
NaN
NaN
NaN
NaN
NaN
NaN
NaN
NaN
NaN
NaN
NaN
NaN
NaN
NaN
NaN
NaN
NaN
NaN
NaN
NaN
NaN
NaN
NaN
NaN
NaN
NaN
NaN
NaN
NaN
NaN
NaN
NaN
NaN
NaN
NaN
NaN
NaN
NaN
NaN
NaN
NaN
NaN
NaN
NaN
NaN
NaN
NaN
NaN
NaN
NaN
NaN
NaN
NaN
NaN
NaN
NaN
NaN
NaN
NaN
NaN
NaN
NaN
NaN
NaN
NaN
NaN
NaN
NaN
NaN
NaN
NaN
NaN
NaN
NaN
NaN
NaN
NaN
NaN
NaN
NaN
NaN
NaN
NaN
NaN
NaN
NaN
NaN
NaN
NaN
NaN
NaN
NaN
NaN
NaN
NaN
NaN
NaN
NaN
NaN
NaN
NaN
NaN
NaN
NaN
NaN
NaN
NaN
NaN
NaN
NaN
NaN
NaN
NaN
NaN
NaN
NaN
NaN
NaN
NaN
NaN
NaN
NaN
NaN
NaN
NaN
NaN
NaN
NaN
NaN
NaN
NaN
NaN
NaN
NaN
NaN
NaN
NaN
NaN
NaN
NaN
NaN
NaN
NaN
NaN
NaN
NaN
NaN
NaN
NaN
NaN
NaN
NaN
NaN
NaN
NaN
NaN
NaN
NaN
NaN
NaN
NaN
NaN
NaN
NaN
NaN
NaN
NaN
NaN
NaN
NaN
NaN
NaN
NaN
NaN
NaN
NaN
NaN
NaN
NaN
NaN
NaN
NaN
NaN
NaN
NaN
NaN
NaN
NaN
NaN
NaN
NaN
NaN
NaN
NaN
NaN
NaN
NaN
NaN
NaN
NaN
NaN
NaN
NaN
NaN
NaN
NaN
NaN
NaN
NaN
NaN
NaN
NaN
NaN
NaN
NaN
NaN
NaN
NaN
NaN
NaN
NaN
NaN
NaN
NaN
NaN
NaN
NaN
NaN
NaN
NaN
NaN
NaN
NaN
NaN
NaN
NaN
NaN
NaN
NaN
NaN
NaN
NaN
NaN
NaN
NaN
NaN
NaN
NaN
NaN
NaN
NaN
NaN
NaN
NaN
NaN
NaN
NaN
NaN
NaN
NaN
NaN
NaN
NaN
NaN
NaN
NaN
NaN
NaN
NaN
NaN
NaN
NaN
NaN
NaN
NaN
NaN
NaN
NaN
NaN
NaN
NaN
NaN
NaN
NaN
NaN
NaN
NaN
NaN
NaN
NaN
NaN
NaN
NaN
NaN
NaN
NaN
NaN
NaN
NaN
NaN
NaN
NaN
NaN
NaN
NaN
NaN
NaN
NaN
NaN
NaN
NaN
NaN
NaN
NaN
NaN
NaN
NaN
NaN
NaN
NaN
NaN
NaN
NaN
NaN
NaN
NaN
NaN
NaN
NaN
NaN
NaN
NaN
NaN
NaN
NaN
NaN
NaN
NaN
NaN
NaN
NaN
NaN
NaN
NaN
NaN
NaN
NaN
NaN
NaN
NaN
NaN
NaN
NaN
NaN
NaN
NaN
NaN
NaN
NaN
NaN
NaN
NaN
NaN
NaN
NaN
NaN
NaN
NaN
NaN
NaN
NaN
NaN
NaN
NaN
NaN
NaN
NaN
NaN
NaN
NaN
NaN
NaN
NaN
NaN
NaN
NaN
NaN
NaN
NaN
NaN
NaN
NaN
NaN
NaN
NaN
NaN
NaN
NaN
NaN
NaN
NaN
NaN
NaN
NaN
NaN
NaN
NaN
NaN
NaN
NaN
NaN
NaN
NaN
NaN
NaN
NaN
NaN
NaN
NaN
NaN
NaN
NaN
NaN
NaN
NaN
NaN
NaN
NaN
NaN
NaN
NaN
NaN
NaN
NaN
NaN
NaN
NaN
NaN
NaN
NaN
NaN
NaN
NaN
NaN
NaN
NaN
NaN
NaN
NaN
NaN
NaN
NaN
NaN
NaN
NaN
NaN
NaN
NaN
NaN
NaN
NaN
NaN
NaN
NaN
NaN
NaN
NaN
NaN
NaN
NaN
NaN
NaN
NaN
NaN
NaN
NaN
NaN
NaN
NaN
NaN
NaN
NaN
NaN
NaN
NaN
NaN
NaN
NaN
NaN
NaN
NaN
NaN
NaN
NaN
NaN
NaN
NaN
NaN
NaN
NaN
NaN
NaN
NaN
NaN
NaN
NaN
NaN
NaN
NaN
NaN
NaN
NaN
NaN
NaN
NaN
NaN
NaN
NaN
NaN
NaN
NaN
NaN
NaN
NaN
NaN
NaN
NaN
NaN
NaN
NaN
NaN
NaN
NaN
NaN
NaN
NaN
NaN
NaN
NaN
NaN
NaN
NaN
NaN
NaN
NaN
NaN
NaN
NaN
NaN
NaN
NaN
NaN
NaN
NaN
NaN
NaN
NaN
NaN
NaN
NaN
NaN
NaN
NaN
NaN
NaN
NaN
NaN
NaN
NaN
NaN
NaN
NaN
NaN
NaN
NaN
NaN
NaN
NaN
NaN
NaN
NaN
NaN
NaN
NaN
NaN
NaN
NaN
NaN
NaN
NaN
NaN
NaN
NaN
NaN
NaN
NaN
NaN
NaN
NaN
NaN
NaN
NaN
NaN
NaN
NaN
NaN
NaN
NaN
NaN
NaN
NaN
NaN
NaN
NaN
NaN
NaN
NaN
NaN
NaN
NaN
NaN
NaN
NaN
NaN
NaN
NaN
NaN
NaN
NaN
NaN
NaN
NaN
NaN
NaN
NaN
NaN
NaN
NaN
NaN
NaN
NaN
NaN
NaN
NaN
NaN
NaN
NaN
NaN
NaN
NaN
NaN
NaN
NaN
NaN
NaN
NaN
NaN
NaN
NaN
NaN
NaN
NaN
NaN
NaN
NaN
NaN
NaN
NaN
NaN
NaN
NaN
NaN
NaN
NaN
NaN
NaN
NaN
NaN
NaN
NaN
NaN
NaN
NaN
NaN
NaN
NaN
NaN
NaN
NaN
NaN
NaN
NaN
NaN
NaN
NaN
NaN
NaN
NaN
NaN
NaN
NaN
NaN
NaN
NaN
NaN
NaN
NaN
NaN
NaN
NaN
NaN
NaN
NaN
NaN
NaN
NaN
NaN
NaN
NaN
NaN
NaN
NaN
NaN
NaN
NaN
NaN
NaN
NaN
NaN
NaN
NaN
NaN
NaN
NaN
NaN
NaN
NaN
NaN
NaN
NaN
NaN
NaN
NaN
NaN
NaN
NaN
NaN
NaN
NaN
NaN
NaN
NaN
NaN
NaN
NaN
NaN
NaN
NaN
NaN
NaN
NaN
NaN
NaN
NaN
NaN
NaN
NaN
NaN
NaN
NaN
NaN
NaN
NaN
NaN
NaN
NaN
NaN
NaN
NaN
NaN
NaN
NaN
NaN
NaN
NaN
NaN
NaN
NaN
NaN
NaN
NaN
NaN
NaN
NaN
NaN
NaN
NaN
NaN
NaN
NaN
NaN
NaN
NaN
NaN
NaN
NaN
NaN
NaN
NaN
NaN
NaN
NaN
NaN
NaN
NaN
NaN
NaN
NaN
NaN
NaN
NaN
NaN
NaN
NaN
NaN
NaN
NaN
NaN
NaN
NaN
NaN
NaN
NaN
NaN
NaN
NaN
NaN
NaN
NaN
NaN
NaN
NaN
NaN
NaN
NaN
NaN
NaN
NaN
NaN
NaN
NaN
NaN
NaN
NaN
NaN
NaN
NaN
NaN
NaN
NaN
NaN
NaN
NaN
NaN
NaN
NaN
NaN
NaN
NaN
NaN
NaN
NaN
NaN
NaN
NaN
NaN
NaN
NaN
NaN
NaN
NaN
NaN
NaN
NaN
NaN
NaN
NaN
NaN
NaN
NaN
NaN
NaN
NaN
NaN
NaN
NaN
NaN
NaN
NaN
NaN
NaN
NaN
NaN
NaN
NaN
NaN
NaN
NaN
NaN
NaN
NaN
NaN
NaN
NaN
NaN
NaN
NaN
NaN
NaN
NaN
NaN
NaN
NaN
NaN
NaN
NaN
NaN
NaN
NaN
NaN
NaN
NaN
NaN
NaN
NaN
NaN
NaN
NaN
NaN
NaN
NaN
NaN
NaN
NaN
NaN
NaN
NaN
NaN
NaN
NaN
NaN
NaN
NaN
NaN
NaN
NaN
NaN
NaN
NaN
NaN
NaN
NaN
NaN
NaN
NaN
NaN
NaN
NaN
NaN
NaN
NaN
NaN
NaN
NaN
NaN
NaN
NaN
NaN
NaN
NaN
NaN
NaN
NaN
NaN
NaN
NaN
NaN
NaN
NaN
NaN
NaN
NaN
NaN
NaN
NaN
NaN
NaN
NaN
NaN
NaN
NaN
NaN
NaN
NaN
NaN
NaN
NaN
NaN
NaN
NaN
NaN
NaN
NaN
NaN
NaN
NaN
NaN
NaN
NaN
NaN
NaN
NaN
NaN
NaN
NaN
NaN
NaN
NaN
NaN
NaN
NaN
NaN
NaN
NaN
NaN
NaN
NaN
NaN
NaN
NaN
NaN
NaN
NaN
NaN
NaN
NaN
NaN
NaN
NaN
NaN
NaN
NaN
NaN
NaN
NaN
NaN
NaN
NaN
NaN
NaN
NaN
NaN
NaN
NaN
NaN
NaN
NaN
NaN
NaN
NaN
NaN
NaN
NaN
NaN
NaN
NaN
NaN
NaN
NaN
NaN
NaN
NaN
NaN
NaN
NaN
NaN
NaN
NaN
NaN
NaN
NaN
NaN
NaN
NaN
NaN
NaN
NaN
NaN
NaN
NaN
NaN
NaN
NaN
NaN
NaN
NaN
NaN
NaN
NaN
NaN
NaN
NaN
NaN
NaN
NaN
NaN
NaN
NaN
NaN
NaN
NaN
NaN
NaN
NaN
NaN
NaN
NaN
NaN
NaN
NaN
NaN
NaN
NaN
NaN
NaN
NaN
NaN
NaN
NaN
NaN
NaN
NaN
NaN
NaN
NaN
NaN
NaN
NaN
NaN
NaN
NaN
NaN
NaN
NaN
NaN
NaN
NaN
NaN
NaN
NaN
NaN
NaN
NaN
NaN
NaN
NaN
NaN
NaN
NaN
NaN
NaN
NaN
NaN
NaN
NaN
NaN
NaN
NaN
NaN
NaN
NaN
NaN
NaN
NaN
NaN
NaN
NaN
NaN
NaN
NaN
NaN
NaN
NaN
NaN
NaN
NaN
NaN
NaN
NaN
NaN
NaN
NaN
NaN
NaN
NaN
NaN
NaN
NaN
NaN
NaN
NaN
NaN
NaN
NaN
NaN
NaN
NaN
NaN
NaN
NaN
NaN
NaN
NaN
NaN
NaN
NaN
NaN
NaN
NaN
NaN
NaN
NaN
NaN
NaN
NaN
NaN
NaN
NaN
NaN
NaN
NaN
NaN
NaN
NaN
NaN
NaN
NaN
NaN
NaN
NaN
NaN
NaN
NaN
NaN
NaN
NaN
NaN
NaN
NaN
NaN
NaN
NaN
NaN
NaN
NaN
NaN
NaN
NaN
NaN
NaN
NaN
NaN
NaN
NaN
NaN
NaN
NaN
NaN
NaN
NaN
NaN
NaN
NaN
NaN
NaN
NaN
NaN
NaN
NaN
NaN
NaN
NaN
NaN
NaN
NaN
NaN
NaN
NaN
NaN
NaN
NaN
NaN
NaN
NaN
NaN
NaN
NaN
NaN
NaN
NaN
NaN
NaN
NaN
NaN
NaN
NaN
NaN
NaN
NaN
NaN
NaN
NaN
NaN
NaN
NaN
NaN
NaN
NaN
NaN
NaN
NaN
NaN
NaN
NaN
NaN
NaN
NaN
NaN
NaN
NaN
NaN
NaN
NaN
NaN
NaN
NaN
NaN
NaN
NaN
NaN
NaN
NaN
NaN
NaN
NaN
NaN
NaN
NaN
NaN
NaN
NaN
NaN
NaN
NaN
NaN
NaN
NaN
NaN
NaN
NaN
NaN
NaN
NaN
NaN
NaN
NaN
NaN
NaN
NaN
NaN
NaN
NaN
NaN
NaN
NaN
NaN
NaN
NaN
NaN
NaN
NaN
NaN
NaN
NaN
NaN
NaN
NaN
NaN
NaN
NaN
NaN
NaN
NaN
NaN
NaN
NaN
NaN
NaN
NaN
NaN
NaN
NaN
NaN
NaN
NaN
NaN
NaN
NaN
NaN
NaN
NaN
NaN
NaN
NaN
NaN
NaN
NaN
NaN
NaN
NaN
NaN
NaN
NaN
NaN
NaN
NaN
NaN
NaN
NaN
NaN
NaN
NaN
NaN
NaN
NaN
NaN
NaN
NaN
NaN
NaN
NaN
NaN
NaN
NaN
NaN
NaN
NaN
NaN
NaN
NaN
NaN
NaN
NaN
NaN
NaN
NaN
NaN
NaN
NaN
NaN
NaN
NaN
NaN
NaN
NaN
NaN
NaN
NaN
NaN
NaN
NaN
NaN
NaN
NaN
NaN
NaN
NaN
NaN
NaN
NaN
NaN
NaN
NaN
NaN
NaN
NaN
NaN
NaN
NaN
NaN
NaN
NaN
NaN
NaN
NaN
NaN
NaN
NaN
NaN
NaN
NaN
NaN
NaN
NaN
